1.899910273550631246e-07
2.887927394112921320e-06
1.067708481627960282e-07
6.181485101564021534e-09
2.766052453750944551e-08
2.686462075018880569e-08
1.812940908507698623e-08
1.480453022395522567e-07
8.457671007988665224e-09
4.613685632648412138e-06
9.481194496174794040e-08
1.183910285362799186e-06
1.620847001504444052e-06
2.514474090276053175e-06
8.668084205964987632e-07
2.218589770563994534e-06
2.461835492795216851e-06
2.082378500745107885e-07
6.011118330206954852e-06
4.380590894470515195e-07
2.422391617074026726e-06
3.300953466123246471e-08
9.016298463393468410e-08
4.962855655321618542e-06
1.105057876316095644e-07
2.060513004664699110e-08
1.145923747003507742e-07
4.501048351812642068e-06
1.359822050517323078e-07
7.173336769028537674e-08
1.379430187853358802e-07
2.442695631543756463e-06
2.052782122063945280e-08
6.327719347609672695e-06
7.203001587186008692e-06
1.338144443252531346e-06
5.253717517916811630e-06
2.242200480395695195e-06
1.656980930420104414e-05
7.613015441165771335e-06
1.551679019939911086e-06
8.420707686696005112e-09
1.528411189610778820e-06
5.306445132191583980e-07
1.081091613741591573e-05
2.043614131252979860e-07
6.197445259203959722e-07
1.623012622076203115e-06
3.996377927251160145e-06
1.517307464382611215e-05
2.165338628401514143e-06
9.158241482509765774e-06
1.303022031606815290e-06
4.032442575407912955e-06
6.403649877029238269e-07
1.151044580183224753e-05
4.043060016556410119e-06
1.829366738093085587e-06
2.169829349440988153e-05
7.663753081033064518e-07
6.390616817952832207e-06
9.677216439740732312e-06
3.687207708935602568e-06
6.633589691773522645e-06
3.751138365259976126e-06
1.086208885681116953e-05
3.788981757679721341e-06
1.058963547961866425e-07
4.947717116010608152e-06
8.558902919730826397e-09
1.580130083311814815e-05
2.669687773959594779e-06
7.328727406274992973e-06
1.580266143719200045e-05
1.068008373295015190e-06
6.383761501638218760e-07
4.924547283735591918e-06
4.274196726328227669e-06
4.536375854513607919e-06
1.123158745031105354e-05
1.264587899640901014e-05
1.180297567771049216e-05
1.753778997226618230e-05
3.779721737373620272e-06
3.154887963319197297e-06
2.525111085560638458e-06
1.354490632365923375e-05
4.803202045877696946e-06
6.746544158886536025e-07
1.356802727059402969e-06
6.194004527060315013e-07
7.214815468614688143e-06
4.067410191055387259e-05
1.378955630570999347e-06
1.389664430462289602e-05
2.145479629689361900e-05
1.148844694398576394e-05
1.438694312128063757e-06
1.348382193100405857e-05
1.093615537683945149e-05
7.266702141350833699e-06
2.148769453924614936e-05
1.402066754963016137e-05
1.591184627613984048e-05
5.458178202388808131e-05
0.000000000000000000e+00
3.277893938502529636e-07
4.855828137806383893e-06
2.177491069232928567e-06
2.268749085487797856e-06
1.614884695300133899e-06
7.366024419752648100e-06
1.131132921727839857e-05
3.638612497525173239e-06
2.249278395538567565e-06
7.442512242050725035e-07
1.185285896099230740e-06
6.494760782516095787e-06
1.401967608671839116e-07
1.487195618210535031e-06
1.101017278415383771e-05
1.898301707115024328e-05
7.733687198197003454e-06
3.046955498575698584e-06
5.199423753765586298e-07
3.288568223069887608e-06
1.564454009894689079e-06
3.519651954775326885e-06
1.508025070506846532e-05
2.820411815207535255e-08
6.952475928301282693e-08
1.105129143752492382e-08
5.158029580343281850e-06
1.590454075994784944e-06
1.138079824158921838e-05
1.004327820908201829e-08
2.385465904808370396e-07
1.541303731755760964e-06
7.780588930472731590e-06
9.315006650467694271e-07
4.944669740325480234e-08
6.275913477793437778e-08
3.395719829768495401e-07
1.709941841454565292e-07
2.120935823768377304e-05
3.437373496950613116e-09
5.096553650218993425e-07
5.482622327690478414e-06
4.203309060812898679e-07
3.633489882304274943e-07
3.180877683917060494e-06
2.173168809349590447e-07
2.469598570087327971e-08
1.331992370978696272e-05
1.099890045708207253e-08
3.613062915519549279e-08
9.018467750365743996e-09
6.330737392090668436e-07
1.358214429814097457e-08
2.043690301434253342e-06
6.386445647876826115e-07
2.327416950720362365e-06
1.621910314497654326e-06
1.777667968383411790e-08
1.242647499566373881e-06
2.658659923326922581e-06
1.414322241544141434e-06
1.678096737123269122e-06
6.551223119544147266e-09
3.866668521368410438e-06
3.162598849471009999e-09
1.180457616101193707e-06
7.763562734908191487e-07
0.000000000000000000e+00
2.393853947069146670e-06
1.354922460450325161e-06
6.340949767036363482e-06
2.505471030644912389e-08
5.131908231703619094e-10
7.965383019836735912e-09
2.303682049387134612e-05
2.839609578586532734e-07
0.000000000000000000e+00
8.223273653129581362e-07
1.519959710094553884e-06
4.091652670012990711e-07
5.061131069794555515e-09
4.047004495077999309e-06
1.997409571075081658e-09
8.625569535070098937e-06
7.437297426804434508e-06
1.266947606382018421e-06
9.068969575309893116e-07
1.243744995882423154e-09
1.888521364890038967e-05
1.328153757640393451e-06
1.267610286959097721e-06
1.660084194554656278e-06
4.426605073604150675e-07
1.809506466088350862e-05
4.095177246199455112e-06
3.935790360287683143e-09
5.011020220990758389e-08
1.628475416737273918e-07
1.508060876176386955e-08
2.559371914401253889e-08
4.927015950784152665e-08
1.463732690609731435e-09
9.904249864689518290e-09
2.355987476221343968e-07
4.170902556666078453e-08
4.266725284196581924e-08
0.000000000000000000e+00
2.783166053177410504e-08
3.901320724253309891e-06
3.618362942603425836e-09
1.780332610223922529e-07
4.514514557740767486e-07
1.699817619993382323e-09
3.554576366582296032e-08
1.531122734377277084e-06
5.670777909472235478e-07
7.750704966724697442e-09
9.126749134225065063e-09
8.091455470093933400e-07
2.727161245275055990e-06
6.791995929233962670e-06
2.605688393941818504e-07
3.617803031374933198e-06
5.689269073627656326e-07
2.588447841844754294e-06
1.255885351270080719e-08
4.857350177189800888e-06
1.052363796105737492e-08
7.760927474009804428e-07
3.789031097767292522e-06
2.362130580024768278e-08
1.746501432364766515e-08
1.475407458428890095e-07
1.013490358303670291e-08
4.124703707475418923e-07
1.138117777799152464e-08
3.809057886883238098e-07
0.000000000000000000e+00
5.332762498255760875e-08
3.517126970109529793e-06
2.068200046778656542e-06
3.027366357599703406e-09
1.211168864756473340e-06
1.780390903149964288e-06
5.662658622895833105e-06
4.913702923659002408e-06
1.007518903861637227e-06
5.874994144505762961e-07
9.863565253453998594e-08
9.329926911050279159e-07
1.470069435072218766e-07
1.926033746713073924e-06
4.259289809738220356e-08
1.484307290411379654e-07
1.494062047413535765e-07
1.866107623982315999e-08
2.152529487986498680e-09
7.534396900155115873e-06
7.760588687233394012e-07
2.173653683712473139e-06
2.048386562591986149e-07
3.477632404269570543e-09
2.765049202935188077e-07
4.508454821916529909e-06
2.637804982441593893e-06
2.759828632292737893e-08
1.188816778352475012e-08
1.553466404402570333e-06
2.765340179067266035e-09
5.704360872549329997e-10
3.824315228939667577e-07
2.119780617704236647e-07
1.278845562779906686e-08
3.166644262364570750e-07
5.103834723740874324e-07
5.050983986620849464e-07
6.654799108218867332e-06
2.752293767116498202e-06
3.199481852789176628e-06
2.281535493864339514e-08
6.084670076234033331e-06
5.722502578464627732e-07
7.975039295615715673e-08
6.171067639115790371e-07
2.211308583355275914e-06
4.033722689200658351e-06
9.107963023780030198e-07
2.727799319757195917e-08
1.797973681050279993e-08
1.962882356654205296e-10
7.043498158054717351e-07
3.431627604300047096e-08
3.075224128679110436e-07
5.420674256129132118e-07
4.505970991885988042e-06
7.985354599782112928e-09
3.556194315024185926e-06
2.036998239418608136e-06
1.677893919804773759e-06
1.675497173891926650e-06
7.916924005257897079e-07
2.913990826414192270e-08
5.809631602460285649e-07
1.968740662050549872e-06
1.587310521244944539e-06
2.215308541053673252e-06
0.000000000000000000e+00
1.554999897734887782e-07
2.480731398080138206e-09
6.406478405551752076e-06
5.336862159310840070e-06
0.000000000000000000e+00
1.366669835078937467e-06
2.681066177956381580e-07
9.380600118902293616e-08
4.096305872280936455e-07
1.287397388693989342e-08
7.387891400867374614e-07
3.149246765588031849e-07
1.972250402104691602e-06
1.242004259438544977e-06
1.495216565672308207e-05
6.778410011065716390e-08
3.215755839391931659e-08
1.608976774036818824e-08
8.504706272560724756e-09
1.536275107127949013e-08
2.225720052706492424e-09
6.980152278401874355e-08
3.470750868928007549e-07
2.196744617322110571e-06
3.313816776540079445e-09
3.603467746415844886e-09
2.304169299804925686e-08
3.672141417609964265e-07
7.084262961143394932e-06
3.253539034631103277e-06
1.441624704057176132e-06
2.185387160125173978e-07
1.104405669138941448e-06
1.888031064822826011e-08
3.139069093549551326e-08
1.020710769239485671e-07
1.479172169638331980e-06
1.307112751369743364e-09
0.000000000000000000e+00
7.120080880440582405e-08
5.619413059321232140e-06
2.865979098487514420e-08
1.132151396632252727e-06
8.414675534140769741e-08
3.583433226594934240e-06
1.355207132291980088e-06
0.000000000000000000e+00
1.533515758822545649e-09
1.789994428236241220e-07
8.578076631238218397e-07
3.461639721535902936e-07
2.271409016429970507e-08
0.000000000000000000e+00
2.028585413427208550e-06
6.246471340176640297e-09
3.844812823672327795e-08
3.878198739926119742e-08
1.345158011645253282e-06
5.562038154494075570e-07
6.216505088474377771e-09
0.000000000000000000e+00
0.000000000000000000e+00
6.875754934299038723e-07
0.000000000000000000e+00
2.203106532761012204e-06
0.000000000000000000e+00
0.000000000000000000e+00
3.918607660580164520e-08
0.000000000000000000e+00
3.449486314366367878e-07
1.434523142052057665e-06
0.000000000000000000e+00
2.736757380716881016e-07
5.266752509669458959e-07
2.219971984018798139e-09
0.000000000000000000e+00
0.000000000000000000e+00
0.000000000000000000e+00
0.000000000000000000e+00
1.214843514674157632e-08
2.351041139547760395e-08
0.000000000000000000e+00
2.217122556658068788e-07
1.322895926136880007e-08
3.068512796744471416e-06
1.849219222194165013e-09
1.060941001718163079e-09
1.624119505549970199e-08
3.984506058429815312e-09
1.511149321231641807e-07
8.900660652955139085e-09
6.275011066314561958e-11
1.660438009309928020e-09
4.783689444565197846e-09
1.601653139005065896e-06
3.470317366804920312e-08
9.671512088971212506e-07
2.636121543275748991e-09
4.668962105824903119e-07
1.432368179621335003e-08
3.633682155168571626e-08
3.121906644310001866e-08
3.508441315247523562e-09
1.949402530954102986e-06
6.911943728482583538e-07
5.669484153258963488e-07
1.684901320686549298e-07
1.988174517464358360e-06
2.071903963951626793e-06
2.427113486191956326e-06
1.115090131342810764e-09
2.334746973531309777e-08
5.591704876906078425e-09
7.216457653669294814e-09
3.534656300985261623e-08
1.599450598632756737e-07
1.435742689182006870e-07
9.287832654081285000e-07
1.557718043443401257e-08
0.000000000000000000e+00
1.079679634585772874e-08
1.695006912605379057e-09
1.901383711810922250e-06
9.353213670237892075e-08
3.898458500461998710e-10
2.084774486377227731e-08
7.277975999642194438e-09
5.538082348266470945e-08
3.963932329043018399e-07
0.000000000000000000e+00
1.413074190992347212e-08
8.289903803415654693e-07
0.000000000000000000e+00
3.227267950355874535e-15
1.912662582981283776e-06
0.000000000000000000e+00
1.863904230958723929e-07
4.462332981347572058e-06
1.341986603620171081e-06
1.577548758291413833e-08
1.742042066155136126e-09
1.053931782735162415e-06
2.167014798715172219e-07
0.000000000000000000e+00
0.000000000000000000e+00
4.111928149086452322e-07
1.853063622547779232e-06
0.000000000000000000e+00
0.000000000000000000e+00
0.000000000000000000e+00
0.000000000000000000e+00
0.000000000000000000e+00
1.762909107583254809e-08
0.000000000000000000e+00
0.000000000000000000e+00
1.991153482094887295e-07
4.084917293312173570e-07
0.000000000000000000e+00
4.363531047602009494e-07
2.425821321594412439e-08
8.907008464120735880e-08
2.319750080914673163e-08
0.000000000000000000e+00
0.000000000000000000e+00
3.262085879196519045e-10
3.180453632012358867e-06
4.581332177622243762e-06
0.000000000000000000e+00
2.450942027110158961e-08
1.164469942693813209e-08
0.000000000000000000e+00
6.192697554752157885e-08
5.634337867377325892e-07
6.604194368264870718e-06
0.000000000000000000e+00
1.175699626543291743e-08
8.782411100582976360e-07
2.155962297578639664e-09
0.000000000000000000e+00
0.000000000000000000e+00
2.977434476747475856e-08
0.000000000000000000e+00
8.622434677363344235e-08
4.176676156930625439e-06
5.357917984838422853e-07
7.972832349878444802e-08
2.386219399852507195e-08
3.298342505786422407e-07
5.893349097618738597e-08
4.841127321242311154e-08
9.811312651208936586e-08
5.874025887919742672e-08
2.358899791943258606e-06
8.563122833038505632e-07
7.250366973465816045e-09
3.214156496511577643e-09
1.345593414470158677e-08
0.000000000000000000e+00
4.350024482846492901e-06
2.230164000138756819e-06
1.807177454793418292e-06
2.092793238261947408e-06
1.818726786950719543e-06
1.460839449407558277e-08
2.917046870720696461e-08
1.804795374482637271e-06
2.123128410858043935e-07
3.304207396581659850e-08
1.485086386310285889e-06
2.243443077531992458e-06
1.660293058591832960e-08
3.829050456261029467e-06
1.110570266860122501e-07
4.151562649212792167e-09
6.270125822993577458e-07
2.736713895501452498e-07
1.342112227575853467e-06
1.856406697697821073e-06
3.465567832705573892e-09
4.409213545386592159e-07
2.661185476426908281e-07
2.407211496802119655e-08
1.655377309361938387e-05
4.632730394860118395e-07
1.746590328366437461e-06
1.163175625151779968e-06
6.044504630153824110e-07
7.155050951723751496e-08
4.217950641538514844e-12
1.368233142784447409e-06
1.348835532155590045e-08
0.000000000000000000e+00
0.000000000000000000e+00
4.525950771494535729e-06
1.748473437146458309e-06
7.831366843902287656e-08
1.186038733891336960e-08
3.316356753657601075e-07
2.844326672857278027e-06
1.851094111771089956e-06
3.272869475434703190e-10
4.358809846394251508e-08
3.492404809790627951e-09
3.050895429623778909e-06
0.000000000000000000e+00
2.904299023498424503e-08
4.463871619009296410e-07
2.344355181094215368e-07
0.000000000000000000e+00
5.299203298392285433e-09
0.000000000000000000e+00
0.000000000000000000e+00
7.871124196867640421e-09
2.956360045658357194e-09
6.820091602577349477e-09
0.000000000000000000e+00
2.071269136649789289e-06
4.446143897496313002e-09
2.569156443144038349e-09
8.594852829446608666e-09
0.000000000000000000e+00
1.058946327248122543e-05
2.839457025061165041e-08
0.000000000000000000e+00
9.623801755509475697e-12
1.736218706582803861e-07
7.693497394711812376e-09
4.728310329937812639e-07
2.196810555687989108e-08
2.158270945074036717e-06
1.100667873288330156e-06
0.000000000000000000e+00
7.697740755929771694e-08
6.265018726026028162e-08
8.032173148819765629e-09
7.211201080714602085e-10
4.293897148954783916e-08
2.090852291303235688e-07
5.058329222151769500e-08
1.708635899433375016e-08
1.067833732548706394e-08
1.151838446844521968e-07
9.146408630478219948e-10
4.063703329393320018e-07
1.247239197255112231e-05
2.801744392044724918e-09
1.625878454092344327e-08
0.000000000000000000e+00
4.074380655083587044e-08
9.466357369092293084e-07
1.173566044343488102e-08
2.985697392432484776e-06
1.157373276328144129e-06
3.610364629480500298e-08
1.552493376910657474e-11
2.932151765833168611e-08
7.130408903321949765e-06
1.523130599423438980e-08
8.285213084491260815e-07
4.244786211415885191e-08
4.380887652644105401e-09
2.089592783249827335e-07
2.555558467065566219e-07
1.984869490989638052e-10
2.007382590818451717e-06
5.671783043226241716e-08
2.254397259093821049e-06
4.577169221420263057e-08
1.992983778009715934e-09
2.036526183246678556e-07
3.056869957163144136e-07
8.309417154350740020e-08
1.844669306194646197e-09
2.045862174782087095e-06
2.761082441793405451e-06
1.006750516285848107e-10
3.183068031376024010e-08
2.093653606038969883e-08
4.336056463216664270e-06
4.692975608122651465e-08
4.543910847587540047e-08
5.543283805309329182e-07
1.505279789704161431e-10
3.602110254519175214e-08
1.334983039669168647e-07
1.616643658053362742e-06
7.394088186174485600e-08
3.259958987200661795e-07
1.049808329156576292e-08
0.000000000000000000e+00
1.764796024872339331e-07
2.640553331545447691e-09
2.140247978843490273e-09
0.000000000000000000e+00
1.168398888751198683e-08
5.421709374786587432e-07
0.000000000000000000e+00
1.541973347229941282e-06
1.007065861813316587e-06
0.000000000000000000e+00
0.000000000000000000e+00
5.257262940955298447e-12
0.000000000000000000e+00
3.916208868304238422e-08
1.349849743093045618e-08
1.465337732042826246e-06
8.889571745385183021e-08
1.185711653306498192e-06
6.939686159057600889e-08
1.818292072464089415e-09
0.000000000000000000e+00
2.448039708724536467e-07
3.058746855799654440e-08
1.763065711202216335e-07
4.544230307601537788e-07
2.665997023143518163e-08
0.000000000000000000e+00
1.468060588649677811e-07
1.003170524427332566e-07
0.000000000000000000e+00
3.145272557958378457e-07
8.781722726780571975e-07
0.000000000000000000e+00
3.882292709533885500e-09
3.268508407927583903e-06
5.584119278090327043e-11
1.750522393706432922e-08
3.386410318828581012e-10
0.000000000000000000e+00
2.848825175760794082e-09
1.187495513477188069e-06
3.899269795937243543e-09
4.101846362569716575e-10
4.819304955105963018e-09
2.420298983452084940e-08
3.849884535611636238e-07
9.859593319561099634e-08
1.928758365465910174e-06
6.171437139101954017e-09
0.000000000000000000e+00
1.328938736833151779e-07
0.000000000000000000e+00
8.365004688926092058e-09
1.562581530833995203e-07
1.960202808959365939e-07
5.971465988352520071e-09
0.000000000000000000e+00
5.688834335160208866e-06
7.155020966820302419e-07
3.204065933459787630e-06
1.237932867326207997e-09
3.584430885439360281e-07
1.618965761451818253e-08
1.942045274594406123e-10
1.822924811101245268e-09
7.251588272083608899e-07
9.573112080829560000e-09
3.452808527981687803e-08
3.755498028112924658e-07
4.588202529021145892e-08
4.771508521628220478e-09
3.833043327183816018e-10
5.435612493442931736e-08
6.443363531616341788e-08
7.761597942135267658e-08
4.232373895796115448e-10
7.485934538919991610e-09
1.455202003342037642e-08
1.373858708575426135e-06
1.662426029724883847e-06
4.859759705766464322e-09
3.547209459497935313e-08
4.262788479536538944e-06
3.327114654894103296e-07
6.520111583085963503e-06
1.440858568457770161e-06
1.225404999694035268e-09
5.252078608464216813e-06
7.043869043599215729e-09
1.496254675714681071e-09
1.090722356877904531e-08
5.884206011330661568e-09
1.869804089338344966e-09
1.925339347508270293e-06
9.554108615361656121e-09
1.022545492723736515e-09
3.920597009710036218e-06
2.493773365586093860e-07
7.232949883473338559e-07
4.780255835612479132e-07
7.146147673608993500e-09
8.640240594104398042e-07
4.028618150186957791e-07
1.811848804322835349e-08
7.946491109578346368e-07
4.134814389544771984e-06
3.794712100102515251e-09
3.029719408687014948e-08
1.800232666937517934e-06
1.822908757276309188e-06
7.775790436426177621e-06
0.000000000000000000e+00
4.518270202424901072e-09
0.000000000000000000e+00
5.543350223291554357e-09
6.454504131170324399e-08
1.696588697086554021e-06
0.000000000000000000e+00
2.846346980334146792e-08
5.859658003259937686e-08
1.876243693743617769e-08
3.412130311630789947e-08
9.246135164175939281e-07
5.802501732432574499e-07
7.866073126194805809e-09
0.000000000000000000e+00
3.654937409582753594e-13
2.503413497834117152e-06
1.394490212192067702e-08
8.383708838266556995e-09
0.000000000000000000e+00
3.488966271447679901e-08
1.348121170252625234e-09
1.211263338518620003e-07
0.000000000000000000e+00
1.913168823364230775e-08
3.078851840143670415e-09
4.964201139046053868e-07
1.606907034101823228e-07
0.000000000000000000e+00
0.000000000000000000e+00
9.560869429492413474e-09
3.281538374366732569e-10
0.000000000000000000e+00
2.653724095580400899e-06
3.357888772370642982e-06
4.890900839882306173e-08
5.384215029380357009e-08
9.345088258783107449e-09
1.631967847970372532e-06
1.168568033449446375e-07
7.030076289993303362e-07
2.058655912406948119e-09
1.339101185493518642e-08
5.956346527113964839e-09
0.000000000000000000e+00
7.442331195761653362e-09
0.000000000000000000e+00
0.000000000000000000e+00
8.497233139337367902e-09
2.150482396323649681e-11
0.000000000000000000e+00
6.578633104936670861e-08
1.310144739363749977e-06
2.679799308680230752e-06
1.958847484218040336e-08
4.988882551515416708e-07
6.291202669927997704e-09
9.352510765836541395e-09
4.763511252114938088e-10
0.000000000000000000e+00
4.523634800079889828e-09
0.000000000000000000e+00
2.660378868313273415e-07
0.000000000000000000e+00
1.595849852265018853e-07
9.947099144369531132e-09
3.465704612182207711e-09
0.000000000000000000e+00
0.000000000000000000e+00
5.735691743780080287e-08
1.843801697987146326e-07
3.631209466448126477e-08
0.000000000000000000e+00
6.740836511198722292e-07
3.467932430112341535e-08
0.000000000000000000e+00
5.637328968077781610e-07
7.953988578890403005e-10
4.258351182784281264e-08
2.257740788991213776e-06
8.706156506832485320e-08
9.738265305259119486e-09
0.000000000000000000e+00
3.893952907674247399e-06
2.664306830713059071e-10
0.000000000000000000e+00
3.055326987504852765e-13
1.119063540500064846e-06
0.000000000000000000e+00
4.593442515243850721e-09
5.761151555816468317e-10
7.606716923014289478e-10
1.586224840366412536e-07
6.194653234814495590e-09
1.187180398432019501e-08
2.375678604948916472e-07
0.000000000000000000e+00
8.429256403985618817e-09
2.783181685117597226e-08
1.438122537722463790e-10
3.329766684601054294e-08
9.350558549670040520e-09
8.815846399556903634e-07
4.581707813144930697e-08
8.169157808879390359e-06
3.491356537210776878e-08
1.280384708479687106e-06
3.569354589672002476e-08
5.591406534222187474e-06
7.005230884260527091e-08
1.315936628998315427e-06
2.359350617098243674e-07
1.436628878082046867e-07
1.309984387631857317e-08
2.258151354794790677e-08
3.566758323358953930e-06
0.000000000000000000e+00
6.576491795584615829e-09
2.796808530547423288e-06
3.766612735489616171e-06
9.591210464732213836e-11
1.594617549116605915e-09
8.244570182114330237e-08
2.156419469656611909e-07
7.503309262801849400e-08
1.370009350409873150e-08
7.404018287360258910e-09
4.682650001086585689e-07
1.727016524455393665e-06
6.111609991421573795e-07
1.042333952483431858e-08
1.508973923591838684e-06
7.616818038513883948e-07
7.568299764670882723e-09
9.627291319702635519e-08
2.893554267302533844e-07
3.702220752188623010e-09
8.805557172308908775e-07
1.303868457647183732e-09
0.000000000000000000e+00
1.953015943412239608e-10
1.382191385346231982e-06
6.898611815131516778e-08
4.530152963866385107e-08
4.104934347992639232e-08
0.000000000000000000e+00
3.163842798858951255e-10
0.000000000000000000e+00
2.984570146580267647e-09
1.696056628475162142e-08
0.000000000000000000e+00
0.000000000000000000e+00
2.490251631570572499e-07
0.000000000000000000e+00
0.000000000000000000e+00
6.679187151276133605e-12
1.666400351041374961e-07
1.519870201915907160e-10
1.436534660115285078e-07
3.482289514522562968e-07
4.234728567809042943e-09
1.251718062533768716e-09
5.800287681267946027e-07
5.318664264564176847e-08
1.638334879316971637e-06
3.698595946843852289e-06
7.333798152098225387e-11
7.277043891917855944e-07
0.000000000000000000e+00
2.461449710722263262e-08
2.631669548947002113e-09
0.000000000000000000e+00
0.000000000000000000e+00
8.454793309908836818e-09
7.732172946361970389e-08
2.447146130180044565e-07
2.607954963096403844e-09
1.229684471582004335e-06
0.000000000000000000e+00
5.654953483258395863e-08
0.000000000000000000e+00
0.000000000000000000e+00
2.676878274598948337e-08
0.000000000000000000e+00
1.403827923240896780e-06
0.000000000000000000e+00
9.343233964287378512e-10
0.000000000000000000e+00
0.000000000000000000e+00
1.361358812346225022e-07
4.177875609912007349e-07
0.000000000000000000e+00
0.000000000000000000e+00
1.414778960651119633e-08
9.269174938708601985e-07
1.390417878610605840e-06
0.000000000000000000e+00
0.000000000000000000e+00
0.000000000000000000e+00
0.000000000000000000e+00
1.699201419569362770e-07
0.000000000000000000e+00
0.000000000000000000e+00
7.769444643201950385e-09
0.000000000000000000e+00
0.000000000000000000e+00
9.124391797676878468e-10
1.089393109054981323e-08
1.822630906644917559e-06
8.621584335344323335e-09
0.000000000000000000e+00
0.000000000000000000e+00
0.000000000000000000e+00
0.000000000000000000e+00
2.559385148259707421e-09
4.003627509518992156e-06
0.000000000000000000e+00
2.769908178379409947e-06
7.901299454715626780e-07
1.695713791605157894e-08
4.665366404310589132e-08
1.939804050721249951e-08
6.785710979784198571e-07
9.054430165633675642e-07
2.377428927502478473e-06
9.167772319074174447e-09
0.000000000000000000e+00
1.348195439732080558e-07
3.373912038640014543e-09
4.663954555894633813e-08
9.161831115989116370e-08
3.487268473989502127e-09
2.484974288563535083e-07
4.313753834139788523e-06
6.896123429245282210e-12
2.284006228592261323e-07
6.917455266375327483e-07
6.129683427502641280e-09
6.467002435783797409e-07
2.366088436289714991e-10
0.000000000000000000e+00
0.000000000000000000e+00
3.329300852783489972e-07
1.318601761113313842e-07
3.915472035487255198e-08
6.058157087096560645e-09
0.000000000000000000e+00
2.325722761042925413e-07
1.136907568088929565e-09
1.030456246553512756e-06
2.906012142034342105e-08
1.307673613837323501e-07
2.430168990485981340e-07
6.669089280819662235e-09
1.394940767340813181e-07
3.657358416120359834e-09
2.217566930085013155e-07
5.266602784104179591e-06
5.140193826136396638e-10
3.807482244155835360e-06
8.462726697189282277e-08
9.132735123706936520e-10
8.763119296872901032e-08
1.343364885997289093e-07
2.023342560164564929e-08
2.007767996303755353e-08
9.269966483316238737e-08
3.947101756551774088e-09
3.291959274065447971e-06
1.860340574921792722e-07
0.000000000000000000e+00
2.018950517879147810e-08
0.000000000000000000e+00
2.462214432341625070e-08
0.000000000000000000e+00
8.904972759182783193e-08
1.851228859095499502e-07
0.000000000000000000e+00
3.533100141339673428e-07
2.947866950542277209e-11
1.121747850163501425e-08
0.000000000000000000e+00
0.000000000000000000e+00
0.000000000000000000e+00
4.483222681983534130e-08
1.317046809390376438e-07
3.999305135948816314e-07
3.720675181284605060e-07
0.000000000000000000e+00
3.809241366781179750e-09
0.000000000000000000e+00
1.761915591202978248e-08
3.619783917052643574e-10
6.535653129802199146e-10
1.546200905977457296e-06
9.825341429348100064e-09
8.795885797496794112e-09
1.671793548041478061e-08
5.784164258670898562e-10
3.999805358034791425e-06
4.931089492288265319e-08
2.074231133519788273e-07
1.180052251470442570e-07
1.288042881242290605e-06
1.826422124651116974e-09
8.134438758133910596e-07
1.457281344208194440e-11
1.318663844784850880e-09
1.660116936363920104e-06
0.000000000000000000e+00
8.467442853543616366e-07
0.000000000000000000e+00
0.000000000000000000e+00
2.537151155834749261e-09
4.480729032252384059e-08
3.518619706710524042e-08
2.556134404585463926e-06
2.853026037641370749e-09
0.000000000000000000e+00
0.000000000000000000e+00
6.252965931707876734e-07
2.310699720453612827e-08
5.023830951245145116e-08
2.174430846935138106e-06
5.653036261321631173e-09
6.464295552177645732e-07
3.230804290765831865e-09
1.068108534951761612e-08
3.202481335673468266e-10
1.232257962335836510e-09
9.572484138686832011e-09
0.000000000000000000e+00
1.869152332911738768e-10
2.981180857730691969e-09
4.846195224672555923e-06
7.314596484064850301e-09
3.126863212798980385e-09
5.422168047886088971e-09
5.715992568156025300e-09
1.399501514676160241e-09
2.360355688679760533e-09
3.056192632300280820e-09
1.988480313741547434e-08
1.422969297948384337e-08
1.868451526831904630e-08
0.000000000000000000e+00
1.229748136211128440e-06
2.442590307794034743e-08
0.000000000000000000e+00
1.118790726728491336e-09
3.295027894978375116e-08
5.164662653101004253e-08
1.694047901956707847e-09
2.888555394875425009e-09
1.287815848627360538e-06
2.734072722887503915e-06
9.168580561436101561e-09
4.349658695446123602e-07
6.877090896750814863e-08
2.685235074295633240e-07
1.117649901516415412e-07
9.430756620076863328e-08
8.598177032581588719e-07
2.771317930694294773e-08
5.606504416277857672e-08
2.992181435956808855e-08
2.936903520378564281e-08
1.690955627964285668e-06
9.034624781634192914e-07
1.719967457347593154e-07
6.164866022118076216e-07
5.612114772901577453e-09
1.270979282708140090e-06
8.698318509914315655e-09
3.276484903835807927e-06
2.240283123455810710e-07
1.152057471642820019e-08
4.650473339751215462e-09
1.193471366178755488e-08
1.741490649465049501e-07
1.514373366262589116e-06
2.522118052183941472e-07
1.324117704371019499e-07
1.216926102642901242e-05
5.077625431226806541e-09
1.176088971988065168e-06
1.784560943463020521e-08
9.346155707135039847e-07
1.563905840384904877e-07
1.179201802870011306e-07
2.718120661882039713e-08
3.947860420794313541e-07
0.000000000000000000e+00
8.296680675812240224e-07
3.071237642870983109e-06
5.704200223277666737e-09
1.948203731672037975e-07
9.478616114222404576e-09
6.912846683970741424e-11
9.867404742180951871e-07
1.352065623905218672e-06
6.961529948057432193e-07
1.879460796772036701e-06
3.234117684769444168e-08
3.939044646017464402e-10
4.032315814583853353e-08
1.722043947438578471e-07
2.062002408820262644e-07
0.000000000000000000e+00
1.134405209768374334e-07
1.524585115930676693e-07
4.113860086363274604e-06
0.000000000000000000e+00
1.293689422254828969e-07
5.131971079208597075e-07
4.746152626466937363e-07
1.682452307250059675e-06
1.170628038948962057e-09
1.990833652598666959e-06
1.827752527105985791e-08
2.892080317451473093e-07
4.045983104106198880e-08
4.168287048855745525e-09
3.438920614939888765e-08
8.296528619666787563e-08
1.137033507347950945e-07
2.678567625480354764e-07
9.384264920697660273e-09
1.021470779960509390e-06
4.388995833437547844e-09
5.846112003382586408e-07
1.479376265933751711e-07
1.413355192880771938e-07
8.857996114386423869e-09
0.000000000000000000e+00
6.979367128678859444e-08
1.287670109428873388e-10
0.000000000000000000e+00
7.635364340785599779e-07
1.644686331569999993e-10
1.312380817353187012e-07
4.395606989504585727e-09
1.341878608229762904e-09
0.000000000000000000e+00
7.651332012414968631e-09
1.574823500050115399e-06
4.568393663362257939e-08
1.519159582130669151e-06
5.945848968735845119e-08
1.585032799455987629e-10
2.291673739662769549e-09
2.874950277842458490e-09
0.000000000000000000e+00
0.000000000000000000e+00
1.918337932949043534e-09
1.024502704893848204e-08
2.390887765546523269e-10
0.000000000000000000e+00
0.000000000000000000e+00
0.000000000000000000e+00
3.940831447835080326e-07
0.000000000000000000e+00
0.000000000000000000e+00
0.000000000000000000e+00
3.543366045022366961e-09
3.831814581189973978e-07
8.018310460045086074e-09
7.276102831355046874e-09
2.050704551948001608e-06
6.725989099010121208e-09
0.000000000000000000e+00
8.219410707610563804e-10
0.000000000000000000e+00
1.259861992508604089e-09
2.572577955106680747e-07
0.000000000000000000e+00
2.604578526188561227e-07
4.706803002907378186e-11
4.349463456065905120e-09
7.643959634151542559e-07
7.481824881860887899e-11
1.805161218726425432e-06
0.000000000000000000e+00
0.000000000000000000e+00
8.899944532458903268e-07
0.000000000000000000e+00
0.000000000000000000e+00
0.000000000000000000e+00
0.000000000000000000e+00
0.000000000000000000e+00
7.681011382487668016e-09
1.624898914087680168e-06
2.578872948522104025e-10
0.000000000000000000e+00
3.610820531463332372e-09
8.143854302034014836e-08
2.333708781776522301e-09
2.133082332989033603e-08
1.121009596261046681e-08
1.058512477669637519e-08
7.288135428495934320e-09
3.161705341980791673e-10
6.069162061805855046e-09
9.192005379077272664e-09
6.538619800267042592e-06
1.005378447160865107e-08
1.622347034491156137e-09
1.130200715238061093e-07
5.335843766829384549e-09
4.587925417354199453e-08
8.782378380089994607e-09
2.479952627254533581e-06
1.458837939338764045e-09
1.033407937001129540e-08
1.066793970494472887e-06
8.322238613800436724e-07
9.692305411590496078e-07
2.929198899437324144e-06
2.101694596134962012e-09
2.497478135410347022e-06
2.043354596636959286e-09
0.000000000000000000e+00
6.138931141208558984e-09
3.975248130672071056e-09
4.274648404134495649e-07
5.059795284978463314e-07
3.904352979589020833e-06
1.835375405789818615e-05
2.880464045063035883e-08
4.117958951610489748e-07
5.389394459598406684e-07
6.435617194711085176e-08
1.772709645742054363e-09
1.612048383670128260e-09
1.223298568220343441e-06
3.701433826108768699e-08
0.000000000000000000e+00
1.776737690306617878e-08
4.418855041876668110e-07
8.350343705387786031e-07
1.047557485200911742e-09
6.992368906111323668e-09
5.947747627743638077e-09
0.000000000000000000e+00
1.498520951770387910e-08
0.000000000000000000e+00
1.148062711564534766e-08
5.220088361568286928e-09
2.377402275044460112e-08
1.214489930845275012e-08
2.119345481332857162e-06
5.465769170598377968e-09
2.061031523226120044e-08
9.347238955070835686e-11
2.585267111498978920e-07
0.000000000000000000e+00
1.986724527114347438e-07
3.940524777590326266e-07
1.808887475363007979e-07
3.713682303896348458e-07
2.931713538600888569e-08
0.000000000000000000e+00
0.000000000000000000e+00
0.000000000000000000e+00
1.074914962373441085e-06
2.019803879704795690e-09
6.566315047251691794e-09
4.621063531828895066e-09
1.837977059437889693e-08
6.214877146248909412e-08
3.321322026295092655e-07
3.803587489414894662e-08
2.103248952778358216e-08
4.893908389647094737e-09
0.000000000000000000e+00
1.608523447771403880e-08
5.117495316397935312e-09
2.842822084403451299e-07
1.403639316777116619e-06
0.000000000000000000e+00
0.000000000000000000e+00
0.000000000000000000e+00
1.763082596584197859e-10
5.277485559673777971e-09
1.455650266990460295e-09
0.000000000000000000e+00
1.381514014298090842e-08
1.324188136919701719e-08
1.840952990050936933e-07
2.563402823341220937e-09
0.000000000000000000e+00
1.312276332043893490e-08
2.924691955286107259e-07
6.376628647331017419e-08
6.154435849836659145e-10
9.737121331454545725e-09
3.130019194941269234e-07
1.206945370313405874e-07
5.716054261029057670e-07
3.615123755906779479e-09
3.096476348218857311e-06
0.000000000000000000e+00
0.000000000000000000e+00
0.000000000000000000e+00
3.379693191973842659e-09
9.532453715266342442e-10
8.185510935732054350e-09
2.345345251342223492e-08
0.000000000000000000e+00
5.072019249041659350e-08
9.058771510694896278e-09
0.000000000000000000e+00
3.026712533937825356e-07
8.361856629335306934e-08
7.956091252481201082e-08
8.549283592174106161e-08
1.206124034069944173e-05
8.732843781444898923e-09
8.667399575834622283e-10
4.392692432020339766e-08
1.809942062891423120e-07
6.112541139913219013e-09
1.989929554468972128e-09
0.000000000000000000e+00
5.941781466844986426e-08
0.000000000000000000e+00
9.532330480510609050e-09
5.994504448381121620e-09
0.000000000000000000e+00
1.358074825930088991e-07
0.000000000000000000e+00
0.000000000000000000e+00
1.762754919809594867e-08
1.657599341342574917e-06
5.563630001148567317e-09
4.359785421570450126e-09
6.049601358054657041e-12
0.000000000000000000e+00
3.320197450307205145e-09
6.938730166439199820e-06
3.227776801395521034e-08
2.306209251345947564e-10
1.185355458233061654e-08
0.000000000000000000e+00
1.151631323637047899e-08
0.000000000000000000e+00
0.000000000000000000e+00
0.000000000000000000e+00
2.156288925192484385e-09
7.493237141886766040e-09
1.458718390523472408e-08
4.540522180462858159e-09
1.887411116285875323e-08
3.421126137936880696e-08
4.626672307495027781e-07
1.078439382240503619e-07
8.413712393462446926e-09
6.989536061041690118e-09
2.619408023818436959e-09
8.419046793051165878e-09
2.847132236638572067e-07
2.305657886836343096e-09
7.447878402899732464e-08
2.950413602320622886e-07
1.775272906456848432e-08
3.875848619827593211e-08
3.221937276975950226e-07
1.662549038883298635e-06
1.134141491831996973e-08
1.258401738368775113e-08
4.229905670172229293e-08
3.473285303812190250e-08
1.597229015715129208e-09
2.559943595770164393e-06
9.760489305676856020e-09
1.410607897156523904e-08
5.957946669354896585e-08
9.204751449942705221e-08
9.152911317755751952e-09
3.262659475922191632e-08
9.733442141168779926e-08
1.843900854225921648e-08
3.370131935298559256e-06
1.003450279313256033e-06
9.869185468858177046e-09
5.945256020822853316e-07
5.086582710589482303e-09
5.006776326865747251e-09
1.003232075191817785e-08
2.620367922645527869e-08
1.075995070820567889e-09
3.561042305477712944e-08
6.067593094627454775e-10
4.526963493844959885e-06
4.017902122122052333e-10
1.682647088330213592e-08
0.000000000000000000e+00
1.064084699464729056e-06
3.162047956806190996e-09
1.157192969003517646e-06
1.835080865930649452e-06
3.257910634602012578e-07
4.002619959919684334e-07
1.883061528928919870e-08
1.342275979254736740e-08
6.353152457450050861e-07
3.448195728950054217e-09
7.063640055093856063e-07
1.617366081063664751e-07
2.585347935735171632e-08
3.134426052042726951e-09
7.604106144754041452e-07
8.671197981868772331e-09
3.590692898569614044e-08
2.392339411017019302e-07
4.531869137736066477e-07
1.152481754473910769e-08
1.045832379031885750e-10
7.955566161399474367e-07
2.360328380746068433e-06
6.044603706456541659e-10
8.077045094978529960e-07
1.074376676513111306e-08
7.789291771587159019e-07
8.115947025544301141e-08
5.358429699953148884e-09
3.243235758079721087e-12
0.000000000000000000e+00
3.939381443274214689e-08
2.716906477573388656e-09
1.709999963850350468e-08
7.470428897704550764e-08
7.859178197122673737e-09
1.023321232196394703e-07
5.575441885952159282e-09
6.673832597670070754e-09
1.424231612645598943e-07
9.885010143761974177e-09
0.000000000000000000e+00
4.145384124853990215e-08
9.696347724741372076e-09
5.484005427547344880e-08
1.691182660579215735e-06
2.115312781825195998e-06
9.947356716111244168e-08
4.186819921869755490e-07
3.673323476505174767e-07
6.384836979123065248e-07
0.000000000000000000e+00
3.278807225726154684e-09
0.000000000000000000e+00
2.426302936342494831e-09
3.147185567708987719e-10
5.280849979527602045e-09
1.300029794037982356e-06
1.025968421330958336e-09
1.412588979121665034e-08
7.958004921704286971e-09
4.587290902691165684e-07
0.000000000000000000e+00
7.655591716115850431e-09
7.087999733812466729e-07
1.933851689894794390e-10
5.071658204514051249e-09
4.196141004109144035e-11
3.519934210771680227e-08
0.000000000000000000e+00
5.309801167641126085e-07
6.727633490299922414e-07
1.370916713483438798e-09
4.476623161053794320e-08
1.036449859270760498e-07
5.574252668338885996e-07
2.120736013466739678e-07
5.682940340534514689e-08
7.939013002555839194e-09
1.112447556295137474e-08
0.000000000000000000e+00
2.238225533801596612e-07
1.205170292450929992e-07
3.150078953240154078e-07
2.201470472584787785e-08
4.015288013192730432e-08
6.956980200811813120e-07
0.000000000000000000e+00
1.738943211648802389e-08
5.491035182103587431e-08
2.527687037456871622e-08
1.080863221147865261e-08
0.000000000000000000e+00
2.737881231951178052e-06
3.754609068096215196e-09
1.706400687417897188e-09
0.000000000000000000e+00
4.666502263717120513e-06
0.000000000000000000e+00
3.448114016535441806e-10
1.408898331334285103e-09
1.588143391018093098e-06
0.000000000000000000e+00
1.315088184128399007e-06
0.000000000000000000e+00
4.579539947258126631e-08
1.954599329612172198e-11
1.261466536561783869e-06
0.000000000000000000e+00
0.000000000000000000e+00
0.000000000000000000e+00
1.271800087465635443e-08
0.000000000000000000e+00
7.386680778154186555e-08
3.198633302670117473e-10
7.180863015321392595e-09
2.389372588673666087e-10
2.309462170113629753e-11
1.764778323476434707e-09
5.220711418729706566e-09
1.860798182207190621e-09
5.010923814552370459e-06
1.851167326094582677e-07
9.012444124323337746e-09
4.370775059214793146e-06
1.682818009385300684e-07
4.583376266964478418e-06
1.215783754560106900e-06
5.521200163727257859e-10
3.756179367542245018e-08
5.671670919582538772e-07
1.035190511089467691e-08
4.447386814376841357e-08
4.126419241856638109e-07
2.181333513817662606e-07
4.525708252600679771e-09
1.349450599263946060e-06
3.788534286286449060e-08
3.325280717447753887e-09
1.464019572239294575e-08
2.292027545536257094e-08
1.631150468028863543e-07
1.133997429292321613e-08
1.351335265908915062e-09
3.244417143832833972e-07
8.563640221836976707e-06
1.675444991633412428e-07
5.770544930783216842e-08
2.584754383860854432e-06
0.000000000000000000e+00
1.854145614821334220e-09
1.578811037461491651e-07
2.508027137082535774e-06
3.086359778858849268e-10
1.490569502493599430e-06
4.763062975143839139e-07
3.831241812690677762e-08
2.265524926770012826e-06
2.428933214559947373e-07
3.119175450154616780e-14
2.136412433628720464e-07
2.392751241586665856e-07
1.514901981636285200e-09
8.070032890827860683e-07
9.432013143850781489e-07
5.708639605472853873e-08
2.063174964206382356e-09
1.804778662517492194e-06
7.441210669867359684e-08
0.000000000000000000e+00
4.880917003902141005e-08
5.826286155752313789e-07
1.045203568139640993e-08
8.603330492462646362e-09
2.405671772898188010e-10
8.433751474967721151e-09
5.632653937936993316e-06
7.126344847563359508e-09
0.000000000000000000e+00
2.234869889150559175e-08
7.783873456901346799e-07
1.352337477555920486e-07
1.913828029387332208e-08
1.416042216817459121e-08
1.861885368104054805e-10
8.809676899090845836e-08
1.357109979949200351e-08
0.000000000000000000e+00
0.000000000000000000e+00
5.064790187248036091e-08
6.690935361319816366e-09
3.926391656250416418e-09
1.439302277361775850e-08
2.691366907114911555e-09
2.578951452392175270e-08
2.057617187745108822e-09
9.229553121770095458e-09
1.043860180516276159e-07
1.356043384248550865e-07
0.000000000000000000e+00
1.424204842948029182e-08
1.193652021669322494e-08
2.040391393620666349e-07
1.749414906271340442e-07
4.037464140793645129e-09
2.624897188496788658e-09
0.000000000000000000e+00
7.978734117841668194e-08
1.254339121459224771e-08
0.000000000000000000e+00
0.000000000000000000e+00
0.000000000000000000e+00
9.936664469023526181e-08
7.696634440890193218e-09
2.010890085557548446e-07
8.525202765952144546e-09
7.548946996394079179e-07
1.034788699172395354e-09
0.000000000000000000e+00
0.000000000000000000e+00
4.781121987207370694e-08
2.882233562928604442e-09
1.224332635274549830e-07
4.243361672706669196e-06
0.000000000000000000e+00
7.765245113589003267e-10
1.852870301632947303e-09
1.628151946597711230e-09
5.149235562385001685e-07
1.616083489253128391e-09
4.410347855809959583e-07
3.042826620003324933e-06
2.291400562626222381e-07
0.000000000000000000e+00
4.595360092451983292e-09
4.540766374017124463e-10
2.424339697881805478e-07
2.910568852598771628e-08
2.646198815625666612e-09
2.613420804209454218e-07
0.000000000000000000e+00
1.176519021095501216e-10
9.740001161162581411e-08
7.689437531155363104e-09
0.000000000000000000e+00
0.000000000000000000e+00
0.000000000000000000e+00
3.543766391445046793e-10
1.357343570873581484e-09
0.000000000000000000e+00
4.347039350705017569e-07
1.658182480213099552e-09
1.897530577110728700e-09
0.000000000000000000e+00
0.000000000000000000e+00
3.656152216535701882e-07
0.000000000000000000e+00
0.000000000000000000e+00
7.391359986286261119e-07
1.189901581710728351e-06
0.000000000000000000e+00
4.061638136931833287e-09
0.000000000000000000e+00
5.635952815552514039e-10
1.491843315548635474e-09
7.702129600772877893e-09
4.157143607130819873e-08
0.000000000000000000e+00
0.000000000000000000e+00
0.000000000000000000e+00
0.000000000000000000e+00
2.364590301340285805e-08
0.000000000000000000e+00
0.000000000000000000e+00
3.140761180020490428e-07
0.000000000000000000e+00
4.834725064739586742e-09
9.916577559110351103e-10
0.000000000000000000e+00
5.344341635904470422e-11
0.000000000000000000e+00
5.143815151598118973e-09
7.093203802099878885e-10
0.000000000000000000e+00
0.000000000000000000e+00
6.362966153972138272e-09
0.000000000000000000e+00
8.881924031811649911e-07
0.000000000000000000e+00
0.000000000000000000e+00
0.000000000000000000e+00
9.961879099407155991e-10
1.647826763928605942e-07
6.957616260905297167e-09
1.675220379082631439e-10
0.000000000000000000e+00
1.546011141329017846e-08
1.083023781767167293e-09
4.973325218315949314e-08
1.321222384831344243e-06
1.700640339663550549e-08
6.014882814042721293e-08
1.237243623108952306e-07
1.356261662976976368e-07
2.685973399252361560e-08
4.541179432493436252e-09
1.475066846445827196e-09
5.376974741011508740e-07
8.913756843753617432e-09
0.000000000000000000e+00
2.508183660765439527e-09
6.863416085467477501e-11
4.717256274489045609e-08
5.632656008280889637e-10
4.462216374179206468e-09
2.086855799277032020e-09
2.033978957483029149e-10
2.217634573753457516e-06
9.705308912089094520e-08
0.000000000000000000e+00
9.426256220024242793e-09
2.682664671738166362e-06
6.840001560703967698e-07
9.177385074110588903e-09
1.513311254086602275e-08
5.124139779155711949e-09
3.863611254928400740e-06
9.061522376896391506e-08
2.162465534638613462e-06
6.070761671139734972e-09
2.723092151768469193e-08
4.942852349643089838e-09
4.970361544565093936e-08
1.130131749960128218e-06
4.692390689342573751e-07
6.884275535412598401e-06
8.375400817328682024e-09
1.650747272208263894e-08
1.837539002735866234e-06
2.981214208830351708e-07
7.743812813210126933e-10
6.952323587938735727e-07
9.006018153456807340e-09
9.813457602092512388e-09
3.794649217070400482e-07
8.560319564310248097e-09
1.252376868876581284e-08
1.399952651581770624e-07
1.964927776043623453e-09
4.392245678275230603e-09
1.942936123100480472e-08
1.432072793683403233e-09
2.041024949051006843e-08
6.522055855384678580e-07
5.006809544738644036e-08
9.017630304697377142e-07
2.532626197648824018e-08
1.295896612241165258e-09
1.703974739086788759e-08
1.033926189109024563e-08
4.344149484580839271e-09
2.990766301280700645e-09
3.241369199713517446e-07
7.339337457779038232e-07
1.401013037138909567e-06
2.909850422838644590e-07
4.101067133888136595e-06
2.579200408803217215e-09
1.190290959129924886e-06
2.346263840991014149e-07
1.083910632360129966e-07
0.000000000000000000e+00
2.375192252657143399e-06
2.080678962457227499e-09
4.986884238888933396e-09
1.739258910504748457e-11
3.552803491402301006e-07
8.239660509445911885e-09
8.597038636537490675e-09
2.479852589942765917e-08
2.944603352261765394e-07
1.161947427164022884e-08
7.556183234669333615e-09
5.887987413188966457e-07
4.021342476789868670e-07
3.269538595418453042e-08
3.005603161909675691e-07
3.826415184704501371e-09
0.000000000000000000e+00
1.492418411075391305e-10
6.625972304163951776e-08
0.000000000000000000e+00
3.562162476100638742e-08
5.586397264778497629e-07
5.540459646624640300e-09
0.000000000000000000e+00
2.754865890963742459e-09
0.000000000000000000e+00
7.728753637081808847e-09
0.000000000000000000e+00
5.661177748805812371e-09
0.000000000000000000e+00
1.141996608389206358e-09
9.399884343119779828e-11
7.137222812758636792e-09
8.700081627344147250e-11
6.460215473680364084e-08
9.899388260237174109e-07
2.699062484623482305e-08
2.080005145899121999e-07
2.015358990803406414e-09
1.886221734359594393e-10
9.998512240372292581e-09
1.158103746234928622e-08
0.000000000000000000e+00
2.495080253517301117e-10
4.489282723341148085e-09
4.753617020014644368e-07
4.596024893999128835e-09
0.000000000000000000e+00
1.430010332370557080e-08
1.573919377051424817e-07
4.808621945073809911e-09
0.000000000000000000e+00
0.000000000000000000e+00
1.059315835050256283e-07
1.199348616864881478e-06
0.000000000000000000e+00
1.454623657082265709e-07
3.838619200280390942e-09
1.321158848988090995e-09
4.113802187788451192e-09
5.521238222172542010e-08
7.321740014276656439e-08
0.000000000000000000e+00
8.685243813033594051e-08
1.182697673129950999e-07
2.130196463667743956e-07
0.000000000000000000e+00
3.158407979597654958e-10
0.000000000000000000e+00
0.000000000000000000e+00
0.000000000000000000e+00
0.000000000000000000e+00
3.443349072540513589e-08
1.303579555411715774e-08
1.022414965190510117e-11
2.552733358029968258e-09
0.000000000000000000e+00
3.178111385171433767e-10
1.434917606957242242e-07
1.600037102811313616e-09
1.141864469644815472e-08
1.753452417985190692e-11
9.277899692961000255e-08
1.213077416295504918e-10
8.206347601458219287e-09
9.230860520403894043e-09
0.000000000000000000e+00
0.000000000000000000e+00
0.000000000000000000e+00
0.000000000000000000e+00
4.973710687750099169e-08
1.326974863324892340e-09
5.187118734539808429e-09
5.298553595878274791e-09
2.308969193620669103e-08
0.000000000000000000e+00
0.000000000000000000e+00
1.727853202737605898e-07
3.482635690943425288e-07
5.109525886837218422e-07
0.000000000000000000e+00
3.853622843053017277e-07
2.171836740672006272e-06
1.812208516582813900e-08
9.816873358658995130e-08
6.512162542549049249e-08
1.208743896086161840e-07
1.395920179447784903e-08
1.019110218436480864e-08
6.207342266861815006e-07
6.109524974817759357e-08
1.512845493323311530e-08
6.426371328416280448e-07
1.410330696671735495e-08
1.908236981762456708e-07
1.073438049559172214e-08
1.476505673281280906e-07
2.320248739806629601e-07
2.088441952707853488e-08
9.007402468341751955e-08
8.909805728762876242e-07
1.448429316042165738e-06
0.000000000000000000e+00
1.844590826749481494e-07
6.935470651114883367e-07
1.384371195456424175e-08
4.243298601380729451e-09
1.585485875921222032e-08
2.545992856539669447e-07
7.437807880705804564e-08
9.995385426009306684e-07
1.534848248496700762e-09
7.680208682359079830e-07
7.139466617900325218e-08
1.031673235729613225e-08
0.000000000000000000e+00
1.351198193333402742e-07
6.192329315979350213e-09
1.406205910825519823e-06
1.007978482903126860e-07
8.000890261428139638e-07
6.729195867194448510e-09
3.366712464369925328e-10
7.756859758956125006e-07
5.645172223012195900e-07
1.600754528929826392e-09
1.234325424093185575e-07
1.163592605515212375e-13
3.721273969858884811e-06
1.088849558072979562e-06
4.057311375760264127e-09
3.724144193029133021e-08
1.032777330323142451e-08
9.455329852414706693e-09
4.044497643462818814e-07
3.552922578364814399e-08
2.152855671511133551e-09
1.358768297876622455e-08
1.504877822355865646e-08
8.092611913923519751e-09
3.221694910848782456e-08
6.750421732704126043e-08
8.895627701122066355e-08
3.621560651367872197e-08
3.278267399764445145e-07
1.832859974904010869e-09
1.258751041177674779e-07
1.518233005981528549e-08
2.157053131668362767e-07
1.513509673145563283e-08
4.194362190901301801e-09
7.150207981254652623e-09
2.846097117981116753e-07
2.634944262780436475e-09
2.308015751850689412e-07
0.000000000000000000e+00
1.600173220595024759e-07
2.078532901350627071e-09
2.334166193662667865e-09
4.152440169491455890e-07
1.000435290166024060e-09
6.866580637421293432e-09
2.379175612077233382e-06
4.240844191372161731e-07
7.519633804520253761e-09
1.797135809056271682e-07
0.000000000000000000e+00
0.000000000000000000e+00
0.000000000000000000e+00
2.671417178135016002e-06
4.904574666397820693e-07
9.767293640550178679e-09
1.472455934958816215e-08
0.000000000000000000e+00
0.000000000000000000e+00
1.110107405111193657e-05
1.649200331854672186e-09
0.000000000000000000e+00
0.000000000000000000e+00
6.327515933435279294e-08
4.848235448662308045e-07
2.836417856144635152e-08
2.895125916779761610e-08
7.435339455241773976e-09
5.610263364985712542e-10
3.871124309995366275e-09
5.288633087019434242e-09
9.282347832595405634e-07
3.314709062784970683e-10
4.912715567684244888e-09
1.811710337307204099e-09
1.146070189861347899e-06
2.258523146281277150e-08
6.797219231913231852e-09
5.741082720334134137e-09
6.474165648029384101e-09
3.391540603914222629e-09
1.764536294857066423e-09
2.282236266637482913e-08
0.000000000000000000e+00
6.462000214924046304e-07
0.000000000000000000e+00
3.688582550509522662e-09
1.859709608531545655e-09
0.000000000000000000e+00
0.000000000000000000e+00
3.563391715033503715e-07
1.027957097221587901e-08
0.000000000000000000e+00
1.124660573004199193e-10
1.538831924108308158e-07
0.000000000000000000e+00
4.603459391461228734e-09
5.604001152015314346e-10
8.760093095361298765e-09
9.383462895584671060e-08
6.344345049313915297e-10
8.094644066147793637e-09
6.188331553858006373e-07
2.532099419028099874e-09
1.683371806393552106e-06
2.539669807788413891e-08
5.057869145730364835e-08
5.467168939787825366e-09
2.705669688296552522e-09
0.000000000000000000e+00
2.441600145175470971e-06
7.356123710167139507e-09
3.206639220820761693e-08
0.000000000000000000e+00
1.430593812301594880e-07
1.326825326941616368e-06
6.825012222044790633e-10
0.000000000000000000e+00
4.508920881107769674e-08
1.182543396538449088e-09
0.000000000000000000e+00
0.000000000000000000e+00
3.973411821789341047e-06
2.323349463040358387e-06
3.703803708177133558e-09
6.594869539355840971e-09
3.022600225666138840e-10
7.328312534582437365e-08
1.050090681076198962e-09
1.045896169671323150e-05
6.188451973088149316e-10
3.088587163802003488e-09
8.274228946447692579e-08
6.838619448501503939e-09
2.984939442285394762e-07
6.385269646358437967e-09
1.209188411621653358e-07
1.346623879072694763e-08
3.425305550308621605e-08
4.705386800196720287e-07
2.523397142795147374e-06
6.701202703851549813e-09
0.000000000000000000e+00
1.455827902674400320e-08
8.205877755074197921e-09
8.724271083337953314e-08
6.943096764189249370e-08
9.028842669067671522e-07
1.248692971245191075e-08
2.030770076544285985e-07
6.555599174618009783e-09
8.937790951790702820e-09
2.618420182898262283e-07
2.363269580030191719e-08
2.513780145818600431e-06
1.591741494166853954e-07
1.483520918554859236e-06
1.814108969711014652e-07
1.097914825720636145e-08
3.900790357391770158e-09
1.747635565152449999e-07
7.511187760655957391e-08
1.537695993647503201e-06
5.864816410294793059e-10
1.201865131861268310e-07
4.457587294837139780e-07
1.050031950278196291e-09
9.646782261896191812e-10
5.073339082173333736e-09
6.426128038583556190e-07
4.682526011379195552e-08
1.015546935434485931e-08
1.950433059505485289e-08
4.124875431443797424e-06
2.955777745228260756e-06
6.023658443154999986e-07
6.507984267045685556e-07
1.163977714213615400e-07
0.000000000000000000e+00
2.153865280574152052e-10
1.282763264498498756e-07
5.032364214230256039e-08
1.233858792915043523e-08
8.093569148215351561e-10
9.884614904365207622e-09
3.499715406363179682e-09
6.152260993985692039e-07
1.868798307214092347e-07
2.800332588037690584e-08
2.481973524481873028e-07
3.277704996307306828e-09
0.000000000000000000e+00
4.132122555233763705e-08
4.941242082168173511e-09
0.000000000000000000e+00
4.948436327367744525e-09
2.416377098413136082e-10
0.000000000000000000e+00
6.528474614242441021e-07
5.615781728529611883e-10
1.317085818186569668e-08
7.503364041205884405e-10
2.368728679869036569e-08
4.999196789867710322e-07
8.261854311797378614e-09
7.511759964051734073e-11
3.945925982407061383e-06
5.383957280002960033e-09
4.174221246433518218e-10
3.736947746801888570e-07
3.111431112756690709e-08
1.112745167120010592e-06
9.635982678446453065e-07
1.678253624959324952e-08
1.534655211798963137e-07
0.000000000000000000e+00
4.963769697496900335e-07
4.030665801124655445e-10
6.847578504221019102e-08
3.702232902469404507e-07
1.813419525653614528e-09
0.000000000000000000e+00
9.052988581004228763e-09
1.106512854676111601e-07
0.000000000000000000e+00
1.225788448522280305e-08
2.686474154245388490e-09
0.000000000000000000e+00
9.094404340714845603e-09
0.000000000000000000e+00
2.796541220817516660e-09
3.256134029072654812e-09
4.159231986600175901e-11
6.472775737620395375e-08
0.000000000000000000e+00
2.784858565973991062e-07
0.000000000000000000e+00
1.106545344242704232e-08
7.786508327001229191e-09
9.005973189424310021e-10
2.827755629652983771e-08
9.778084120171115501e-09
1.459009979498659959e-08
1.759865853045994299e-08
8.015798158567122300e-08
1.927620587593992241e-07
3.525208569499227451e-08
1.858719222980198538e-08
0.000000000000000000e+00
2.322642330909729935e-06
4.755662175170982664e-08
2.643050933670565428e-08
2.119448367920995224e-07
1.253433890013866403e-08
5.396711699745537771e-08
1.454013243140650502e-09
3.712195351113223296e-08
3.975374056608416140e-07
1.186894905913504772e-06
0.000000000000000000e+00
6.034801547372126151e-10
1.089346142180147581e-06
1.044607742528569361e-07
2.257332454291827162e-07
3.671930537407774864e-09
4.591863216774072498e-06
2.676334931450696786e-09
4.112964191449464124e-08
9.023704592436843086e-07
1.673350737974033109e-07
6.773190008857454814e-09
2.298759909535874613e-06
3.116053051144263009e-07
5.050036477882713370e-08
3.436188080740976147e-07
1.311309461016207933e-07
9.685933832770388108e-09
3.827116188404033892e-07
3.852767704870529997e-08
1.348613332119441566e-09
0.000000000000000000e+00
2.296676711921463721e-06
2.374805241345256945e-09
7.959627623677079100e-08
1.275903741770889610e-06
0.000000000000000000e+00
1.966226648164592916e-07
2.561082723673280270e-08
0.000000000000000000e+00
1.776569308331588104e-10
1.900459665193920955e-07
4.572829670479450215e-09
9.098999331769164201e-10
1.016096096151386519e-09
3.609416694416722748e-07
1.058397883224593272e-10
2.227982598412836523e-08
3.161981609878239396e-08
6.626764470496482318e-09
1.314063879931381962e-08
6.000842933673311563e-09
1.278654265801648648e-11
1.335301869076488401e-09
0.000000000000000000e+00
3.714445995228743413e-08
3.071766485618354636e-08
5.341437847583563325e-10
1.064687964458244096e-07
2.321875172128784470e-07
0.000000000000000000e+00
1.431248120020711667e-09
8.921943184247993486e-09
8.066808332429786788e-10
0.000000000000000000e+00
0.000000000000000000e+00
1.126806978390959557e-06
1.196630023514444474e-06
7.346159236476523802e-08
0.000000000000000000e+00
0.000000000000000000e+00
1.354821392851590645e-07
1.806373717272435897e-08
1.831710894073523832e-09
5.837321168655762449e-07
2.061185533364096045e-08
6.568004362605961433e-09
4.055772662159284891e-10
2.468415232215193100e-07
0.000000000000000000e+00
0.000000000000000000e+00
1.671100058331376204e-08
2.725068781739281576e-10
2.799781295692582717e-09
1.169507246601142469e-08
2.051576473149907542e-07
5.884866141059319489e-07
2.646843455522684962e-08
0.000000000000000000e+00
9.369507836254342692e-09
4.869856962130825195e-09
2.012821198604797246e-08
1.010392622902145376e-07
0.000000000000000000e+00
1.867616390427428996e-07
0.000000000000000000e+00
1.547883954344797530e-08
0.000000000000000000e+00
4.173107637228667954e-09
6.640815120029230911e-10
0.000000000000000000e+00
0.000000000000000000e+00
5.052584572950991060e-09
0.000000000000000000e+00
1.947906191901438433e-08
2.822216016440393105e-09
3.715063314757571789e-07
9.689888003094893065e-09
9.882945156691747002e-11
1.025779350349864671e-09
0.000000000000000000e+00
1.545778727241042816e-09
0.000000000000000000e+00
1.763229562357082614e-09
4.185878310636326205e-09
0.000000000000000000e+00
5.135168734682338254e-09
0.000000000000000000e+00
0.000000000000000000e+00
0.000000000000000000e+00
1.545983563389086157e-09
0.000000000000000000e+00
0.000000000000000000e+00
0.000000000000000000e+00
0.000000000000000000e+00
8.672350304550491273e-07
4.884009641159536841e-09
9.599846251262533769e-09
1.419172974692628486e-07
0.000000000000000000e+00
3.814405735713677359e-10
2.504865648234044784e-09
0.000000000000000000e+00
0.000000000000000000e+00
0.000000000000000000e+00
9.483438034862956556e-09
0.000000000000000000e+00
0.000000000000000000e+00
1.039419359472049109e-07
0.000000000000000000e+00
1.175672559305951381e-09
0.000000000000000000e+00
3.733981941422825912e-07
3.514316304631392995e-08
4.580178938340395689e-07
2.506284246805989824e-08
1.495695345354874917e-09
1.042785015670233406e-06
0.000000000000000000e+00
9.585608040652005002e-08
4.288195132318151082e-09
3.442938734110612131e-08
1.699156939594104188e-07
1.346320686934632249e-06
0.000000000000000000e+00
1.573538965793375155e-09
5.290639393251694855e-08
2.071764981792512117e-08
9.834922565232773195e-08
3.251138525062202689e-10
4.573420255837845616e-07
0.000000000000000000e+00
8.657898183106471635e-12
1.320870435250753872e-08
1.443162922498686385e-08
1.443565356140652511e-08
4.789399987714659801e-09
1.464713461629685298e-09
1.605693682904529851e-06
1.908724271970640984e-07
1.238342406395531725e-06
1.367105806338031471e-08
6.068833613426249940e-08
1.000844633836095454e-07
0.000000000000000000e+00
6.860342072201319752e-09
9.417314705828516708e-10
6.193565660339572787e-09
1.144271095654403325e-06
5.091513877175657399e-09
2.913953300875959940e-09
3.487496513798760134e-09
2.144766586553714660e-09
5.036219263843122462e-08
1.486966993979876861e-06
1.400158339492918458e-06
1.333168370365456212e-06
6.149683429157448700e-08
2.331742132710701298e-09
1.884123435047513340e-06
6.439871640395722352e-07
6.028198384910865570e-09
5.340110645346562990e-11
3.267404622420144733e-07
2.454389402828383027e-07
4.187919842024712125e-07
7.704600513136483642e-09
1.368974711368764474e-09
1.428780382894956347e-08
3.303993537095983868e-11
1.009704853061066387e-08
8.357999292663009783e-10
4.155776611725059411e-09
1.615833980395109393e-06
7.944251478875230532e-09
2.324953785048933241e-09
9.259750868295668624e-07
1.109050060676963767e-07
0.000000000000000000e+00
1.643283980001797318e-07
5.804958291832917894e-08
3.874473293308255961e-07
2.707705448745656440e-10
8.179356636439649719e-10
4.026778697152622044e-07
8.753429092678288725e-09
0.000000000000000000e+00
7.972358417873692815e-08
9.970830916472550598e-08
3.247157653873955496e-09
1.071765431959192938e-08
1.017249132928554900e-06
1.472483646125510859e-08
1.997652589125209488e-06
4.626282912312262852e-09
1.023926365917304793e-08
6.229194937645843311e-10
2.045295104835531674e-06
2.718374503274390008e-07
3.986569367953052279e-07
3.459617037293583053e-10
0.000000000000000000e+00
0.000000000000000000e+00
7.486809394663396233e-09
3.561266614937608210e-09
7.852465699897948070e-08
3.187724750830511766e-09
1.231894408704192756e-08
2.096627440550946631e-07
1.690171700374776265e-07
8.534093431933342799e-09
6.815322084463559804e-09
8.369645598804709152e-08
2.117089707098784856e-06
1.545809480418824933e-09
2.274286488301857645e-11
2.905816742782008077e-08
0.000000000000000000e+00
1.079451632246541948e-11
0.000000000000000000e+00
2.637205170685774647e-06
8.279339169803279219e-08
2.316620317799333861e-08
0.000000000000000000e+00
0.000000000000000000e+00
0.000000000000000000e+00
4.598675332090351731e-06
9.002075529451758484e-09
4.627482397268067871e-09
2.636746785356081091e-07
4.020754658995429054e-06
4.585981039362252432e-10
5.420305870806885196e-10
1.379426795011795548e-08
3.367976262325100834e-07
3.468609861556615215e-07
6.565085186593933031e-08
0.000000000000000000e+00
0.000000000000000000e+00
1.713305053385738574e-08
2.029346859444558504e-07
1.661615378623082506e-08
9.527639122097752988e-09
8.186310296309784462e-09
2.904228191269453418e-09
9.522717725474194594e-09
1.151823747491675931e-09
1.213505829156247273e-08
1.209368516441600150e-08
6.555021414555994852e-09
1.044167674990603700e-06
0.000000000000000000e+00
0.000000000000000000e+00
0.000000000000000000e+00
0.000000000000000000e+00
0.000000000000000000e+00
6.360189264142945831e-09
1.637061686210472544e-08
1.027896612271206322e-08
0.000000000000000000e+00
0.000000000000000000e+00
7.567469850755514926e-08
5.079218468040380685e-08
4.671021347490977860e-09
2.567117896035142621e-08
1.118817127832016922e-08
7.402035429038278380e-09
1.441430754312023055e-06
1.928115445082312363e-09
0.000000000000000000e+00
1.268632843220984796e-08
2.047044667108366411e-08
7.408200275449416949e-09
7.546226754584495211e-09
1.066371595470627653e-07
8.484340696668368764e-08
1.263324467259963058e-08
2.739378146543458570e-07
0.000000000000000000e+00
1.118313230108469725e-05
5.684808623840353903e-09
2.222144757979549468e-06
3.474832643846070823e-09
7.114074607184051047e-11
9.248016574758821662e-09
8.086963321218831879e-10
2.434853967753225490e-12
1.665487525670528157e-09
1.965585694208016321e-09
8.295558906468158966e-09
1.119834447393941446e-09
7.398112678025370315e-10
8.992633304671926453e-09
1.431983753796828296e-09
1.831493960935404175e-07
9.893033947605545109e-09
2.597179445729125291e-06
1.345817963738227263e-07
7.740603109596122522e-07
5.850596380696515553e-07
4.469830514608474914e-07
9.946250401071665692e-08
9.259648159343214502e-09
9.252397958903202380e-09
6.708744848538117367e-08
1.871140881126720501e-10
3.537070369930006564e-07
1.511894609507180576e-08
5.768229272007374675e-08
9.380008769710457273e-09
1.253348500540596433e-07
1.568263172657680116e-07
6.994546275507218525e-09
2.649569523782702163e-06
5.793842294821160976e-09
8.867181122695910744e-08
4.128264095015765633e-07
4.364577819160331273e-07
0.000000000000000000e+00
3.280568705577024957e-09
2.608734916975663509e-08
3.498344058883162688e-09
4.228956242968706647e-07
2.465649231453426182e-07
1.874274291324695696e-09
2.484525474244492216e-09
4.197548086892766150e-09
8.786832372820185810e-10
4.157358034717617556e-06
3.750080801445676570e-11
3.264817962644883664e-07
3.904802881038449414e-08
0.000000000000000000e+00
4.895757683698320761e-06
3.136295845251879655e-08
8.516538514413696248e-07
0.000000000000000000e+00
4.948322640530022909e-09
6.981100697522890641e-10
3.057456865462881979e-08
9.229773390018181090e-09
1.974351127032036857e-09
3.733208586709224619e-07
9.822372248891042545e-07
2.301778545543697874e-09
0.000000000000000000e+00
1.118914383368974086e-07
2.744980776014926960e-08
2.612217713249265216e-07
5.403671821113675833e-07
3.700450434962476720e-08
0.000000000000000000e+00
9.715278359578860545e-09
4.770906869566715613e-08
2.806775682984152809e-07
6.334113322736811824e-08
1.526089619119375129e-07
1.162350571348724770e-07
2.773042062642616656e-08
4.846782974965435642e-09
2.002215524044004269e-06
4.657891850001760758e-09
6.747597325329479645e-08
4.708473888559439047e-11
4.880988391242624402e-10
3.323156860801645962e-09
9.581466287045259378e-09
1.515497700665946468e-07
1.082829470533397398e-08
6.465081696660490707e-06
8.780647675621366943e-08
9.805982017496717162e-07
1.087794458953794674e-07
2.407611816579446895e-07
9.132703621128612781e-11
9.187103522378947673e-09
4.072293506851565326e-07
1.099460966713650123e-08
4.763495908832737769e-08
8.672979556756388320e-10
0.000000000000000000e+00
3.181485630499025774e-10
3.532820258556057524e-09
9.158375391393747122e-09
0.000000000000000000e+00
2.072980365142029768e-08
0.000000000000000000e+00
1.316791326644306537e-06
7.982445815457595018e-09
1.085884360207955979e-08
1.095174411602783948e-06
7.235152921225562750e-09
8.204859014426801878e-09
1.066421084772173344e-08
1.110013059246739431e-08
4.846052004126022439e-09
1.207678068659845394e-09
1.844394859062958858e-09
0.000000000000000000e+00
1.396819371279889310e-08
0.000000000000000000e+00
1.504664510321163107e-06
0.000000000000000000e+00
1.215029943324452688e-08
9.292274172345571515e-10
1.707020373942214064e-07
2.635065641243272694e-07
8.238564674911685870e-08
2.354116332980993320e-07
0.000000000000000000e+00
3.853822818200569600e-06
2.419377267415256938e-07
4.478382891193177784e-07
1.582084241391612522e-09
1.110594904929484983e-08
0.000000000000000000e+00
6.585989349369714141e-13
4.519631318089523120e-07
8.889202263162587769e-09
0.000000000000000000e+00
0.000000000000000000e+00
2.839709578594806771e-09
0.000000000000000000e+00
1.202131159061536891e-07
5.443202000243729799e-10
0.000000000000000000e+00
7.908470323059191287e-09
1.297614880130248949e-11
0.000000000000000000e+00
3.746208676602691412e-09
5.194206096348352730e-07
6.287287357409354627e-10
9.178037885249068495e-09
7.374115984504214794e-09
6.968517141103802714e-07
8.710324905791821948e-09
3.645747028713230975e-06
6.220783177468547365e-08
8.890173575082371826e-08
7.711555838341155322e-08
2.599956303583894623e-07
2.416857602938193850e-09
8.046023403096569382e-09
2.464744000008067815e-07
1.584833398737828247e-06
0.000000000000000000e+00
4.898067800240823999e-07
1.391191495336840944e-09
5.785858459006476551e-10
7.142117652847446152e-08
1.372725544346309334e-11
6.594405466131547655e-09
6.123736540075697121e-08
2.500448070819061286e-09
2.519535469147626827e-09
1.651339509578519937e-09
4.851451240739379500e-09
3.121095346614310984e-07
7.621102082744357631e-10
1.767852921830126434e-07
9.585410687407147634e-09
0.000000000000000000e+00
2.368363949400986712e-09
0.000000000000000000e+00
1.733859136265891721e-07
2.934082132810544863e-08
1.338285642304981593e-07
4.969542111155078601e-09
7.400747392694029259e-08
8.240634563616566766e-11
3.332513642817502841e-08
1.106685498797332912e-08
2.904503082490350607e-09
1.083339427054852422e-07
5.517700074619824591e-09
1.025086349137893649e-09
4.357287308742741061e-10
1.626082848815713078e-06
2.688245892557006300e-08
1.973267217181273736e-06
3.762947926588822156e-07
4.545260878785484238e-08
7.522113776303740451e-08
1.316575459764379730e-10
2.633321827261170256e-08
4.549710865831002593e-06
1.652627723558452999e-08
5.963726721347484272e-07
0.000000000000000000e+00
9.644185006152383721e-09
3.851051921799353295e-09
3.240571402329806006e-07
1.187212092190748081e-05
1.584355224792943773e-08
7.948086988562863553e-08
8.482316360414188239e-08
3.522510638731546351e-08
3.070579737141088117e-07
7.293466719460184322e-09
1.180790132337961040e-09
2.703358177313930355e-07
1.079938291570492481e-10
5.052273621686254046e-08
9.794594468814921129e-09
5.960399107607372571e-07
8.730413725288599380e-09
4.128469122122169210e-09
5.736369601549995423e-09
8.082762237293650287e-11
4.641354323098312307e-08
2.304194834934492064e-09
1.729809468997700606e-06
1.299774954333088317e-08
2.326424208831667784e-07
1.359713195370204630e-07
3.663627623495813168e-08
3.708256146595090286e-09
3.945103799196658656e-08
2.733837156654317369e-09
4.290471267154316592e-08
7.270347879284599912e-09
6.853689615837765814e-09
5.473113628973180766e-10
6.720028977724723518e-10
3.004948734286472245e-09
1.179058095601703826e-08
6.016887823534489144e-07
1.181714726072868871e-08
3.968431272483030625e-08
4.491794314276376099e-08
1.139176646347550559e-07
2.872155391742126085e-06
1.533448118918451231e-13
7.306421423436404439e-08
3.499203149459617634e-09
3.970725137580899400e-11
2.676767141274183359e-10
7.770114507366088219e-07
6.178839662140944711e-09
0.000000000000000000e+00
6.983163416407478508e-07
7.157252184697426856e-06
1.008632352750282735e-06
1.523256187851984578e-08
1.011506434167586121e-09
2.638949947453284040e-09
1.488495326995575851e-09
9.264660150165582309e-09
4.934903330422457657e-08
1.264952032009603045e-09
7.818133918036096475e-10
1.532762716749402898e-08
1.750751543738715554e-08
6.340292291184823625e-09
0.000000000000000000e+00
8.621912961359612382e-09
7.671246180507296231e-07
3.764449374443756824e-08
1.534720723839200218e-07
2.322260606035797537e-09
6.817934377068013418e-07
0.000000000000000000e+00
0.000000000000000000e+00
2.534174427637481131e-06
1.240831437598899356e-08
7.292985770845916704e-08
3.059425921492220368e-07
3.224059019757419264e-09
8.337674017866447684e-08
1.069656274665931051e-08
7.354122866232160050e-10
4.685670074167092025e-09
2.730172532494634652e-09
3.763768741116280125e-10
0.000000000000000000e+00
1.814485273143873201e-08
1.814982738324033562e-06
2.180866154333216400e-08
0.000000000000000000e+00
2.946029376005299127e-08
1.051720222022822782e-08
1.458199221815448254e-06
6.236929195324592001e-09
2.213078431623216602e-08
1.843338139906336437e-07
4.789961316475910280e-09
3.798807046706542678e-09
0.000000000000000000e+00
4.685677268412291596e-08
1.326731648987333756e-07
5.988351148289439152e-08
0.000000000000000000e+00
3.134022208417519550e-10
2.257146888950956054e-06
0.000000000000000000e+00
4.152628907405642167e-09
6.894952520042352262e-08
3.471473064564634115e-08
1.783019287771026029e-09
9.222347330251068342e-08
3.391629661564365961e-06
8.510677496076368698e-09
1.418394390384491999e-06
1.770459334693441633e-09
3.121793099580827402e-07
3.225309797016961966e-09
7.350648090209688235e-09
2.213035230624882388e-07
2.461960946220642654e-07
8.681461105553012203e-11
1.960722428862027300e-08
3.201821527909487486e-07
3.892585453968422371e-08
0.000000000000000000e+00
7.767262527602625255e-11
0.000000000000000000e+00
0.000000000000000000e+00
4.399042154545895755e-06
1.387387627005409740e-08
4.602152436916639999e-09
3.114350333177640096e-09
1.556989914774931094e-08
5.262232164772451259e-14
0.000000000000000000e+00
2.311307412128371652e-07
2.828949074995534829e-09
2.442599900120967504e-09
8.893021430367298308e-09
2.347121075274571922e-08
0.000000000000000000e+00
9.009998507281125057e-07
6.430137489132903283e-08
9.522175936638177518e-09
7.199009388614285854e-09
0.000000000000000000e+00
5.266274971660322990e-09
6.848680413895635866e-07
0.000000000000000000e+00
0.000000000000000000e+00
0.000000000000000000e+00
0.000000000000000000e+00
6.352679271515171422e-09
8.598080114552431041e-08
0.000000000000000000e+00
9.627678210222256894e-09
2.272132633152068593e-07
1.411552563723716958e-08
7.634128884603796905e-09
5.154139781637923079e-09
1.396959103949768632e-09
3.864854269952644472e-11
0.000000000000000000e+00
0.000000000000000000e+00
2.337508959726619651e-07
8.263390860463459830e-09
1.822010431418163989e-09
0.000000000000000000e+00
1.173861147174548591e-10
0.000000000000000000e+00
0.000000000000000000e+00
1.085046288928914748e-10
0.000000000000000000e+00
9.299005654384018271e-08
1.044896880131318539e-08
4.219618006118253106e-07
1.435405350136420566e-09
1.513955112386611290e-07
3.581618335246616880e-09
5.728180596520360268e-09
1.949632206788010080e-07
4.401808251230932001e-09
9.469732553668563924e-09
1.651886805120739155e-06
4.503074706008192152e-06
2.625160107072588289e-07
1.229267354574403726e-08
1.292439044675575133e-08
5.674288559021078981e-07
1.627615660027004196e-07
7.195514513114176225e-07
9.432186587332580530e-09
2.121899115081760101e-06
6.370283358592132572e-07
1.510623661715726485e-07
1.121420201144474049e-08
9.679372681148379343e-08
5.301690748638065998e-07
3.392962355519557605e-07
1.293844178462677519e-07
3.727737691860966152e-07
2.287330516992369667e-06
1.639834181332844310e-06
2.038955102534600883e-07
1.220325884787598625e-07
1.180928506983036641e-06
4.004374147825728869e-07
1.162539206234214362e-06
9.755127905464178184e-08
6.756316395239991834e-09
0.000000000000000000e+00
2.061470922853914090e-07
6.036418653820874169e-07
7.548690916792111238e-08
1.395955422367478604e-07
1.715319797312986339e-08
1.748747635588188132e-08
5.844559680667771318e-08
8.067044632298348006e-07
1.099841551166491627e-08
2.714960828598123044e-06
1.766517129908606876e-06
2.461864490044263221e-08
1.219939882446396950e-08
2.243626084919014829e-07
1.245693965756800026e-06
6.120634679973591119e-06
1.681090366196201502e-14
1.248424297273231787e-07
7.423820136409631232e-08
0.000000000000000000e+00
3.006036592978489352e-07
0.000000000000000000e+00
4.247169442805898143e-07
2.297675472107130190e-08
0.000000000000000000e+00
2.840052859554020870e-09
1.831527072226890596e-07
1.346442672911507543e-06
8.305601539859708282e-08
1.733557951411057729e-06
2.006301656365394592e-06
2.495920341516466578e-07
2.085923078709583933e-08
8.647455018717664643e-08
4.678372249600215582e-07
2.644238250582020555e-08
1.232398631145770196e-06
7.142230362688906098e-09
1.638648996049596462e-06
3.612872490066365572e-07
5.433239280705493002e-08
6.350363719320739619e-07
2.737823301401931531e-08
0.000000000000000000e+00
4.386193352967637793e-10
2.537476895270174282e-09
1.159871398925815811e-08
5.518507872892541855e-09
0.000000000000000000e+00
2.142721626796628698e-07
9.074881401893719612e-10
7.801038037769103539e-09
0.000000000000000000e+00
1.692617956905451138e-07
6.375033478889235994e-08
2.379055388246342773e-07
8.992136812935314083e-09
2.863848935774626625e-09
6.725102963400786393e-08
2.512757824035816157e-08
0.000000000000000000e+00
3.061514064484072151e-08
0.000000000000000000e+00
1.224573225044878200e-06
6.802271173000917770e-07
1.664778437771019526e-06
4.809941174244158901e-07
8.381966267734242138e-07
3.637581968973790936e-08
6.046124104847061531e-12
1.068244603885659672e-09
9.945578582915004517e-09
4.851170576358754261e-09
3.543010791418055305e-07
4.109146800601592986e-07
0.000000000000000000e+00
1.358638286319546751e-07
5.111188805528854573e-09
0.000000000000000000e+00
1.923895071032077908e-12
0.000000000000000000e+00
0.000000000000000000e+00
1.354646061990649741e-09
1.483160816384554437e-09
3.556629213363748931e-09
5.012358315070741810e-07
1.039274888370300687e-09
2.436550294859785026e-09
1.247998966391605791e-07
2.773454799154251305e-09
3.813210298631020123e-07
5.116251486469991505e-06
3.826874372947486336e-09
1.126564974640587025e-08
4.260865438254768378e-09
3.526655634189523880e-09
3.337293037475319579e-07
1.657405164223746397e-06
7.177645215961092617e-07
9.009391988001880236e-07
1.467163457391507109e-07
5.542620328924385831e-06
1.259202520031976746e-07
3.645396191132022068e-06
1.350821435153193306e-06
2.662508222783799283e-06
1.175269176201254595e-06
1.086366864910814911e-06
2.735844645940233022e-06
8.362677021978015546e-07
1.415620772604597732e-06
6.042070026524015702e-07
1.009368475024530198e-06
9.701968792796833441e-07
3.879501662140683038e-07
1.563507112223305739e-06
2.271851542445801897e-07
9.270800660488021094e-07
2.572184712335001677e-06
2.001376486759909312e-07
5.290540912028518505e-07
3.240583907881955383e-07
1.520721184533613268e-06
3.818792720267083496e-06
2.017266979237319902e-06
2.295858394063543528e-06
5.210913656128468574e-08
1.908786543936003000e-06
1.162981178026711859e-07
1.247254459713076358e-07
3.527954959281487390e-06
9.034906867100289674e-08
9.843078032645280473e-07
1.437151837535566301e-07
1.598854737494548317e-06
6.142530395436551771e-08
3.766096483559522312e-07
4.830294528801459819e-06
2.761324822131427936e-06
1.370637619402259588e-06
4.997075848223175853e-06
5.210306426306487992e-07
1.370902282360475510e-06
8.207028372453351039e-07
5.263051434667431749e-07
1.725510060168744531e-06
1.451821987075163634e-07
1.189958879876940046e-06
4.344196327110694256e-07
8.068438432928815018e-07
4.913134716844069771e-07
1.551392301735177170e-06
1.077474735211580992e-06
4.036601239931769669e-07
5.373889280235744081e-07
1.352271624455170240e-06
1.054894823937502224e-06
1.085591520677553490e-06
5.214706106926314533e-07
3.398540115995274391e-07
1.885351821329095401e-07
4.627790076483506709e-06
8.006887810552143492e-07
5.381690243666525930e-06
3.841114448732696474e-07
1.085715268800413469e-07
1.869393372544436716e-06
4.345070465205935761e-06
2.022772633836211753e-07
1.401990630256477743e-07
3.418409050937043503e-06
1.800068844204361085e-06
2.181905301767983474e-06
5.068006316832907032e-07
3.673983997032337356e-07
0.000000000000000000e+00
2.771815843516378663e-06
1.538357565777914715e-07
2.385925483849860029e-07
2.403230325853655813e-07
2.292672661496908404e-06
1.054720613069548563e-07
4.595952418640081305e-07
4.279656025119038532e-07
1.999902110583207104e-07
2.954601541205192916e-08
2.170212155760964379e-06
1.245124531124019995e-05
6.977162456678343005e-07
2.328077641777781537e-07
1.888750489342783112e-07
2.677345278812026663e-08
3.133284565137728350e-07
6.947859674255596474e-07
8.368985618290025741e-06
4.433525901959001203e-08
2.389545556980010588e-07
4.911429414278245531e-07
3.144044455893890699e-07
2.238771457996335812e-06
7.805682571415673010e-07
2.475622295605717227e-06
7.742415846223593690e-07
8.969873306341469288e-07
9.918463774738484062e-07
8.002990625755046494e-07
8.246933020927826874e-07
5.219969352765474468e-06
2.000276936087175272e-06
2.041316292888950557e-06
2.682584408830734901e-06
3.343567698266269872e-07
2.859516712305776309e-07
3.372214450791943818e-06
3.525881311361445114e-06
3.485751676635118201e-06
6.909759804329951294e-07
8.548242931283311918e-07
1.142596033787413035e-06
9.945440524461446330e-07
4.598144798251269094e-08
9.130660316714056535e-08
2.676821964087139349e-07
6.729433721375244204e-07
3.667848602617596043e-07
5.160361524758627638e-07
2.690832616281113587e-06
1.537811300522662350e-08
9.038725465870811604e-07
1.694285970188502688e-06
2.045067049039062113e-07
3.429910222507714934e-08
8.128773743010242470e-08
4.508505753619829193e-06
8.078232838215626543e-08
3.661126015686022583e-07
1.409364244864264037e-06
1.788740888741813251e-08
1.550887276380308322e-07
2.038203547272132710e-06
2.581492140052432660e-07
2.311613025085534900e-05
4.270580973297910532e-07
1.041925372646801407e-07
5.602686758976460624e-09
1.253501295650494285e-06
6.561232623880641768e-08
1.055177449416078161e-06
4.917752676192321815e-07
1.736560079734772444e-06
3.285009597675525583e-07
4.611784333974355832e-06
6.606333499803440645e-06
2.257333875377298682e-07
1.110246444113727193e-06
4.828453370464558247e-07
2.350754357394180261e-06
2.402486870778375305e-06
4.960765522810106631e-07
1.536560375825501978e-06
1.048784611157316249e-06
1.440052301404648460e-06
1.860678253251535352e-06
6.175647513373405673e-07
7.211995693978678901e-07
1.669620019129069988e-06
8.122921713038522284e-07
8.284931141133711208e-07
1.014277245303674135e-06
1.185278620141616557e-06
8.006473990462836809e-07
8.819601134746335447e-06
2.641033006511861458e-06
1.822198782974737696e-06
1.194190872411127202e-06
1.336837726739759091e-06
1.284408426727168262e-06
5.043669943916029297e-07
1.208323965329327621e-06
4.703587990206870018e-07
1.308543460254441015e-07
1.003483021122519858e-06
7.428391199937323108e-07
7.190219264430197654e-08
1.014245754049625248e-07
1.864224032033234835e-06
3.941319448586000362e-08
1.485135356915634475e-07
1.649658088354044594e-06
3.749802544916747138e-06
4.185659179256617790e-07
7.017367806838592514e-06
4.185091711406130344e-06
2.427534866455971496e-07
1.100691449096302676e-07
1.887496239305619383e-07
2.969745764858089387e-07
3.306645623979420634e-07
8.870927558746188879e-06
1.465171948211718700e-07
7.188875201791233849e-07
1.707784463178541046e-06
1.778712885425193235e-06
2.104287659676629119e-07
8.253538226199452765e-07
2.249601493531372398e-06
5.186511202737165149e-07
3.702569415509060491e-07
4.361441696687506919e-08
2.050152716037700884e-06
4.093974155239266111e-07
6.902605946379480883e-06
3.921577160781453131e-07
1.138258109989465083e-08
2.623929162837157492e-08
5.926308404013980180e-07
4.870043994742445648e-07
2.240401464348451555e-08
4.140596502111293375e-06
4.594116489897714928e-06
2.534786972319125198e-06
4.493825827012187801e-07
3.061433289985870942e-06
6.844368840575043578e-07
7.070060519254184328e-07
1.698458049759210553e-06
5.198937742534326389e-07
1.639415245335840154e-06
4.907828383693413343e-07
2.765573754004435614e-06
2.900816980400122702e-06
8.794253290034248494e-07
4.274847469787346199e-06
1.298659753956599161e-06
1.986818915611365810e-06
7.109649686753982678e-07
9.411915016244165599e-07
7.576226721539569553e-07
5.591482477029785514e-07
1.193512389363604598e-06
1.474066806395057938e-07
2.563522230047965422e-06
2.581692115199984983e-06
5.392486173150246032e-07
8.268573310488136485e-07
9.585286164792705677e-08
1.394604169036028907e-06
4.683758106693858281e-06
7.512836077694373671e-07
0.000000000000000000e+00
1.701861265246407129e-07
3.671114541248243768e-07
1.735190153340226971e-06
6.682696493953699246e-07
1.092463662644149736e-06
1.023444610837032087e-06
1.893714340894803172e-08
5.279489414533600211e-06
4.799633046559392824e-08
0.000000000000000000e+00
3.624200051177695059e-09
9.574652040100772865e-07
1.739297999847622123e-06
2.214789446952636354e-06
1.893481424986021011e-07
1.503250700807257090e-06
1.325176146593776139e-08
1.692759724392089993e-06
1.659429926803568378e-07
9.420090805178915616e-07
1.955373818418593146e-06
3.147668437009087938e-08
0.000000000000000000e+00
1.011902895697858185e-05
1.833883942481406848e-07
1.181516199721954763e-05
2.995548413764481666e-07
0.000000000000000000e+00
8.764794756643823348e-07
6.953393949515884742e-07
2.329650214960565791e-06
1.839399459413471050e-07
3.319929220424455707e-08
1.075673935702070594e-06
3.255138665281265276e-07
5.393440574152918998e-07
1.013235646496468689e-06
9.260259616894472856e-07
1.175239958683960140e-06
8.638201620669860858e-07
1.968635842786170542e-06
7.003859536780510098e-07
5.122443553773337044e-07
2.279468390042893589e-06
3.233501274735317566e-06
7.922330382825748529e-07
6.371931817739096005e-07
2.746028940237010829e-06
1.559643919790687505e-06
2.879240810216288082e-06
1.263720832866965793e-06
3.643555999133241130e-07
3.937977908208267763e-06
9.713014605949865654e-07
3.069077791906238417e-08
3.474040397577482508e-07
1.548186077116042725e-07
1.564607032378262375e-06
2.623063153350813081e-07
2.322254658793099225e-06
9.739655979501549155e-07
4.531322588263719808e-07
2.504415306248120032e-07
1.194909682311617871e-08
1.470595179853262380e-06
6.523675324388023000e-07
1.099810091886865848e-07
1.689891604428339633e-07
9.984633209114690544e-08
1.467338073268820153e-08
3.681961686652357457e-07
5.670082714459567796e-07
7.724703010580924456e-08
3.016239986664004391e-07
2.247262642640635022e-08
7.366300565081473906e-07
0.000000000000000000e+00
1.128116309700999409e-06
2.629885216265392955e-07
1.750959313540079165e-06
4.686201293679914670e-08
0.000000000000000000e+00
6.857972039142623544e-07
1.581174444709176896e-07
0.000000000000000000e+00
1.948698127307579853e-06
1.155787344941927586e-06
4.598352916218573228e-06
1.110585344576975331e-06
1.493734430368931498e-06
9.399647638019814622e-07
1.421362526343727950e-06
1.431760779269097839e-06
1.703757789073279127e-06
2.455652975186239928e-06
3.151425289615872316e-06
1.215754673467017710e-05
1.646963710300042294e-06
2.828568540280684829e-06
4.529617569914989872e-07
2.539723595873510931e-07
1.619794488760817330e-06
7.720270218669611495e-07
2.028373728535370901e-06
9.803319471757276915e-07
1.679082060945802368e-06
1.121680497817578726e-06
1.453545451113313902e-06
2.313735194547916763e-07
6.935453598089225125e-07
1.435230387869523838e-06
5.688206172749232792e-08
1.471928726459736936e-06
0.000000000000000000e+00
4.399039426061790437e-07
3.865305018280196236e-07
3.726306943008239614e-07
5.550451760427677073e-07
2.575839914698008215e-07
4.060731839672371279e-08
8.820306902634911239e-07
7.743408048099809093e-08
2.326227210858178296e-08
2.074449056976845895e-08
6.342052074614912271e-07
3.074300707339716610e-07
9.017266933142309426e-08
0.000000000000000000e+00
1.454349387586262310e-07
3.048608618883008603e-07
2.726294781041360693e-07
1.341302663604437839e-06
1.407618412940792041e-07
2.589265157837417064e-08
8.132983175812569243e-09
2.350769250369921792e-07
2.951986175503407139e-07
3.451257271080976352e-06
9.476233913119358476e-07
1.587657607160508633e-06
1.674238205850997474e-06
1.201326767841237597e-06
1.240022720594424754e-05
3.288724599315173691e-07
2.676644498933455907e-06
1.570182234900130425e-06
5.464528840093407780e-06
5.993261993353371508e-07
1.918419229696155526e-06
2.499484480722458102e-06
7.053413355606608093e-07
2.091586338792694733e-06
1.321437139267800376e-06
5.244066301202110481e-07
5.967254992356174625e-07
1.484560016251634806e-06
2.484170636307680979e-06
4.010595091585855698e-07
2.247425300083705224e-06
1.223234562530706171e-06
0.000000000000000000e+00
7.704473432568192948e-07
6.915982453392643947e-07
9.852916491581709124e-07
1.650288083965278929e-07
1.636267484173004050e-06
1.311748718535454827e-07
3.219331006221182179e-07
9.194226322506438009e-07
5.327613621375348885e-07
0.000000000000000000e+00
8.066945156315341592e-08
0.000000000000000000e+00
2.263433600546704838e-07
1.647583474095881684e-07
0.000000000000000000e+00
1.473689366093822173e-07
4.761843808154253566e-09
5.398265168210514275e-10
0.000000000000000000e+00
0.000000000000000000e+00
5.359664267956532058e-09
0.000000000000000000e+00
5.247358330962015316e-06
1.024076027533737943e-06
2.738673401836422272e-06
1.202347903017653152e-06
4.285563193207053700e-07
1.863008833424828481e-06
2.833405119417875540e-07
6.369118636939674616e-06
2.744670155152562074e-06
1.774760676198638976e-07
3.689883953938988270e-07
1.253739469575521071e-06
4.004500169685343280e-06
3.748827566596446559e-06
1.569398932588228490e-06
1.826496372814290226e-06
8.798972999102261383e-07
7.814376658643595874e-06
3.961198444812907837e-07
1.909989123305422254e-06
0.000000000000000000e+00
2.411723585282743443e-07
4.034425273857777938e-07
0.000000000000000000e+00
5.964470517483277945e-08
3.647440109944000142e-07
1.461010583625466097e-06
1.303969288102280188e-08
2.083893768656253087e-08
6.712382116802473320e-08
3.918493803212186322e-06
6.240367838472593576e-06
6.113831204856978729e-06
1.816971803236810956e-06
1.976959993044147268e-06
1.584558231115806848e-05
1.623867433409031946e-06
1.233092825714265928e-05
4.747349976241821423e-06
3.972688318754080683e-06
7.617975370521890000e-06
2.167148977605393156e-06
1.194190645037451759e-05
3.145599748677341267e-06
4.070618160767480731e-06
2.196120618691566051e-08
3.124445697721967008e-07
