8.576354844080924522e-07
1.448721462793400860e-07
1.537872049084398896e-05
1.447488671146857087e-06
3.920116796507500112e-06
1.362211605737684295e-06
4.089530136752728140e-07
1.210615550917282235e-06
2.284757829329464585e-05
2.789199925246066414e-06
8.108964721031952649e-06
1.424591005161346402e-06
3.101177753705997020e-06
7.092655323504004627e-06
4.733191417471971363e-06
8.778596338743227534e-07
4.102859918475587619e-07
8.597291525802575052e-06
1.041212158270354848e-06
3.283521664343425073e-06
2.884318519136286341e-06
1.173737473436631262e-06
3.643993068180861883e-06
1.782544927664275747e-06
6.148015927465166897e-06
3.201005029040970840e-06
1.354000914943753742e-06
2.581471335361129604e-06
8.378762686334084719e-06
6.548146984641789459e-07
7.709510100539773703e-06
9.407621291757095605e-06
1.621835622245271225e-06
1.722810111459693871e-06
3.786222350754542276e-06
7.586924311908660457e-06
4.761108357342891395e-06
2.857218078133882955e-06
2.235749207102344371e-06
5.863558271812507883e-06
1.012985558190848678e-05
1.661008241171657573e-06
3.457922730376594700e-06
1.025511892294161953e-06
2.647286464707576670e-06
2.691347162908641621e-06
5.744761892856331542e-07
4.734994035970885307e-06
1.152240292867645621e-05
2.817250788211822510e-06
8.521612926415400580e-07
3.296495196991600096e-05
4.242558134137652814e-06
5.268563108984380960e-05
5.017562216380611062e-06
3.233184884265938308e-07
5.048288130637956783e-06
4.687044565798714757e-06
6.157564712339080870e-06
2.313601953574107029e-06
1.508022592133784201e-06
1.254451944987522438e-05
1.186360236715700012e-06
1.949812758539337665e-05
1.716287670205929317e-06
6.991555892454925925e-06
1.760299346642568707e-05
1.771990173438098282e-05
3.643128252406313550e-07
1.330913619312923402e-06
1.015026828099507838e-05
2.956312528112903237e-06
2.307347131136339158e-06
3.135872975690290332e-05
5.159710326552158222e-06
1.061934926838148385e-05
3.287933168394374661e-06
7.412598733935737982e-06
1.292489378101890907e-05
3.114534138148883358e-06
4.032975084555801004e-06
9.836234085014439188e-07
9.220650099450722337e-06
4.985442046745447442e-06
1.362840748697635718e-06
6.173001111164921895e-06
2.581788066891022027e-06
5.941225936112459749e-06
4.598268787958659232e-06
8.657097168907057494e-06
2.848917029041331261e-05
1.879201363408355974e-06
4.926056931253697257e-07
6.579624823643825948e-06
6.582698119927954394e-07
4.854493909078883007e-06
1.518455519544659182e-05
2.133862108166795224e-05
3.149379153910558671e-06
2.026367656071670353e-05
3.680181862364406697e-06
4.376596862698534096e-08
2.495425906090531498e-05
5.064730430603958666e-05
3.922975338355172426e-06
1.033035096043022349e-05
5.498412519955309108e-06
1.929861718963366002e-05
9.356524969916790724e-06
2.123437980117159896e-06
2.499278161849360913e-05
4.894190624327166006e-06
2.269114247610559687e-06
1.452703600079985335e-06
2.910043349402258173e-06
1.068375127033505123e-06
3.483176669760723598e-06
2.460436917317565531e-06
9.755310657055815682e-07
8.235737368522677571e-06
1.099536257243016735e-05
2.070846605306542187e-08
5.762241016782354563e-06
4.849453944189008325e-06
1.906289071484934539e-06
1.024575112751335837e-06
2.354924390601809137e-06
1.467712877456506249e-06
2.237464286736212671e-06
2.908540864154929295e-06
1.427106781193288043e-06
6.198236405907664448e-06
2.026126395548999426e-07
1.807942498999182135e-05
2.092696377076208591e-06
2.091289417194275302e-07
2.766121042441227473e-06
4.556446583592332900e-06
2.064111185973160900e-06
1.161242380476323888e-06
3.342240916026639752e-06
1.869377456387155689e-06
6.336167643894441426e-06
3.712891384566319175e-06
3.919797677554015536e-07
4.554297845515975496e-07
2.120285671480814926e-06
1.667500100666075014e-06
6.853428544673079159e-07
0.000000000000000000e+00
1.472945405112113804e-05
3.110088073299266398e-06
8.654182437339841272e-08
6.509484137495746836e-06
6.497859885712387040e-06
6.288931899689487182e-07
4.592807556491607102e-07
1.815194309529033490e-06
3.873060165915376274e-07
2.183726564908283763e-06
3.884968009515432641e-07
3.695270436310238438e-07
3.321031954328645952e-06
3.813155217358144000e-06
3.742697174402564997e-07
8.348338020880419208e-09
1.464277033846883569e-06
9.174345194651323254e-08
2.697459422051906586e-06
4.497222860777583264e-08
2.908018359448760748e-07
1.968969911558815511e-07
8.175700827450782526e-07
9.570376278134062886e-07
1.156414873548783362e-05
5.717500428659150202e-08
6.099121652169969821e-09
8.374777848985104356e-08
7.675423148612026125e-06
1.396066863890155219e-06
1.245821067641372792e-06
6.405136900866637006e-07
3.950691279897000641e-06
1.482090539184355293e-07
6.181458900300640380e-08
3.277081759733846411e-06
2.364048668823670596e-06
5.157700798008590937e-06
7.909219675639178604e-06
5.326804171090770978e-07
3.588137587939854711e-06
5.320672471498255618e-07
2.043048397126767668e-09
2.026197307714028284e-06
4.578391212817223277e-07
2.755662009690240666e-08
3.844252205453813076e-07
1.391941850670264103e-06
8.552169816766763688e-08
1.072225970233375847e-07
1.840581944634323008e-07
1.427224276540073333e-07
3.107910970356897451e-06
3.922999894712120295e-06
1.334940407105023041e-06
4.444611931830877438e-07
1.187414788716978364e-08
4.030800369037024211e-07
9.943310033122543246e-07
2.031983692418748433e-09
1.682798540514340857e-07
4.625116503120807465e-07
4.295158930744946701e-07
3.170616764691658318e-06
1.309350864175939932e-06
9.563348157826112583e-07
2.574844074842985719e-06
5.985148163745179772e-06
2.767416845017578453e-06
8.903401749194017611e-07
1.836593810367048718e-06
7.182263743743533269e-06
3.444661615503719077e-06
7.995201372068549972e-07
1.991903673115302809e-06
1.217995873048494104e-06
6.503483405140286777e-07
6.131252803243114613e-07
9.797199709282722324e-07
6.033326283017004243e-09
1.260778503819892649e-06
3.216176196474407334e-07
1.013196879284805618e-06
6.639716332301759394e-09
1.072502300303312950e-06
7.150682108658656944e-07
1.284812327639883733e-07
2.209603877645349712e-07
7.815755225237808190e-07
4.222821701205248246e-07
7.165792226260236930e-07
1.324439381278352812e-06
3.561548282959847711e-07
1.073591775480053911e-07
5.877148212540816985e-10
1.792454713722690940e-05
1.877397437510808231e-08
1.405775492457905784e-06
8.446131687378510833e-07
2.459083070505130308e-08
6.712634359473668155e-08
1.806067047027681838e-07
4.683358145740612599e-09
2.269328433612827212e-06
1.348204932583030313e-06
9.751472589414333925e-07
3.946796823584008962e-06
0.000000000000000000e+00
4.422836923367867712e-07
4.125038088886867627e-09
9.182033863908145577e-06
7.051519901324354578e-07
3.550995188561500981e-06
7.618324957547883969e-07
2.498621540780732175e-07
3.398028638912364841e-06
2.351664392108432367e-07
4.172313765593571588e-06
4.808493940799962729e-06
1.447670001653023064e-06
2.181732952521997504e-06
4.023851488454965875e-06
1.071463520929683000e-05
3.270520664955256507e-06
9.689572380011668429e-07
2.817379254338447936e-06
5.377154138841433451e-06
6.718818212902988307e-07
6.795579565732623450e-07
6.440876404667505994e-06
1.887854068627348170e-06
1.801056299655101611e-07
7.999029548955149949e-06
9.438525694349664263e-08
7.331587994485744275e-07
1.063176796378684230e-06
1.727585612343318644e-07
2.389707454142353527e-08
2.098940967698581517e-06
4.075724859831098001e-07
1.358658607841789490e-07
2.286161162601274555e-07
6.514270722846049466e-08
1.659865688452555332e-06
7.096979857124097180e-07
1.791048816812690347e-05
1.679090587458631489e-06
1.755612260012640036e-07
8.017725150466503692e-08
6.720272835991636384e-07
1.386080583642979036e-07
1.098185975934029557e-06
1.007718651635514107e-06
6.722951297888357658e-07
0.000000000000000000e+00
1.941745466638167272e-07
2.122501427948009223e-06
0.000000000000000000e+00
1.479081301880569299e-10
1.641200128688069526e-06
1.425124764864449389e-06
4.168443297203339171e-07
8.336337486980482936e-06
1.883424374682363123e-06
8.725269253773149103e-07
1.028456949825340416e-06
4.407740107126301154e-06
1.241170011212489044e-08
2.127567540810559876e-06
1.118179056902590673e-06
6.933510121598374099e-07
4.783792064699809998e-07
5.000208329875022173e-05
5.874433668395795394e-07
2.177396707381262786e-09
4.460277125417633215e-07
2.861260668396425899e-07
8.389951290155295283e-06
4.545417553458719340e-08
1.488386374148831237e-06
4.378890935186063871e-06
9.898228654492413625e-07
3.914848093700129539e-06
8.864061840085923905e-08
1.978580939976382069e-06
1.758959866648979187e-09
9.960443776435567997e-07
4.579375811886166048e-08
4.084919513758222820e-09
3.933330958716396708e-07
0.000000000000000000e+00
1.138045490733929910e-06
3.264534753633085984e-10
8.785294767221785150e-07
3.234595737922063563e-07
2.958609002234879881e-07
7.866800046940625180e-07
2.675875236946012592e-07
4.085624727423464719e-09
3.380677355835359776e-07
1.253095888387179002e-06
1.553250257302352111e-07
1.554127382341619068e-09
4.664101709295209730e-07
2.498918263427185593e-07
1.227582401952531654e-06
2.387561607974930666e-06
2.954898036477970891e-06
1.258179850083251949e-06
6.136597221484407783e-07
1.152343238192132802e-11
0.000000000000000000e+00
1.964317016245331615e-05
3.130485993096954189e-06
1.114427572446174963e-08
5.394275035541795660e-07
0.000000000000000000e+00
3.159456582579878159e-06
6.707287525387073401e-07
2.533955466788029298e-06
3.254391742757434258e-07
1.096978394343750551e-06
5.673923169524641708e-06
1.125374978983018082e-06
2.649926955200498924e-06
9.394522635375324171e-07
7.405272413052443881e-07
7.179246040323050693e-06
2.997478532051900402e-06
5.189600074118061457e-07
2.002406915835308610e-07
1.692041564638202544e-06
1.189716343219515693e-07
1.336748937319498509e-05
4.801230488737928681e-07
8.255249213107163087e-07
1.519767636182223214e-07
3.948546236642869189e-06
1.245943280991923530e-06
1.845878500716935378e-06
1.271385912104960880e-07
4.872936187894083560e-08
1.765094026495717117e-07
1.262801197299268097e-05
7.437561635015299544e-06
1.866985499532347603e-08
1.917616373248165473e-06
5.938745744060724974e-06
1.984437176361097954e-06
6.465637747421482118e-11
2.059280745925207157e-09
5.353814458430861123e-07
5.180836026852375653e-08
4.960394761610587011e-08
6.534497060783905908e-06
8.126543349362691515e-08
4.099045440852933098e-07
4.651414187151203805e-08
3.888413289132586215e-07
1.281358352756001295e-10
8.222256209222678081e-10
3.169546687331603607e-07
0.000000000000000000e+00
9.810904089135874528e-09
8.314864885505812708e-07
7.537915180932941439e-09
3.523390887494315393e-06
1.373200007037667092e-06
2.016573489527218044e-06
8.420837502853828482e-07
1.416599673120799707e-07
7.007550948401330970e-07
6.616856353502953425e-06
1.886586687760427594e-06
8.199615990633901674e-07
8.612208262093190569e-07
1.288763996853958815e-06
3.674932486319448799e-06
3.176130121573805809e-06
2.330084498680662364e-07
3.351177156218909658e-06
2.096017169606056996e-06
1.293361606258258689e-06
1.829410507525608409e-07
1.615449582459405065e-05
0.000000000000000000e+00
1.010596179185085930e-06
0.000000000000000000e+00
0.000000000000000000e+00
6.501604730146937072e-06
2.978542568143893732e-07
4.598824716595117934e-07
4.990980414731893688e-06
1.452842411708843429e-06
5.236470315139740705e-06
2.747522103163646534e-07
9.052056881841963332e-09
6.321141832188459375e-09
2.445816882357121358e-08
5.109938250313916797e-09
5.961108690000216370e-11
9.862274907845858252e-08
0.000000000000000000e+00
4.825582156087193653e-09
1.873729843282490037e-06
2.222797775175422430e-06
3.199835418854490854e-08
0.000000000000000000e+00
0.000000000000000000e+00
6.972239674496449879e-09
4.402265663117077565e-09
1.166139518282705012e-09
3.155064209892088911e-09
0.000000000000000000e+00
1.613580451476082089e-07
0.000000000000000000e+00
7.171171656494834679e-09
5.965025593468453735e-07
6.780610988244006876e-07
5.734715653737954000e-12
4.627180260285967961e-06
4.184085184988362016e-07
3.439034799157525413e-06
9.501114845988922752e-07
9.219710364050115459e-07
5.298033443068561610e-07
6.001430961077858228e-07
7.025398645055247471e-06
2.796125500026391819e-06
1.770477751961152535e-06
1.092287220672005787e-06
6.517668680317001417e-06
2.429795131320133805e-06
3.624164492066483945e-06
1.102908186112472322e-06
2.161774546038941480e-06
2.571893901404109783e-06
5.624083769362187013e-06
3.278583562860148959e-06
8.921022072172490880e-07
1.897981434240136878e-07
7.606467420373519417e-07
3.150782390548556577e-07
2.403786083959857933e-06
5.930330644332570955e-07
4.134292794333305210e-06
5.553628398047294468e-06
1.052563405323780898e-07
6.037515049683861434e-06
3.905577443674701499e-07
8.430682818527657219e-10
2.364559463785553817e-07
3.861727691401029006e-06
2.309718816206896008e-08
8.491563008306002303e-10
6.982014078005249758e-09
0.000000000000000000e+00
1.612780920368095394e-06
0.000000000000000000e+00
0.000000000000000000e+00
0.000000000000000000e+00
0.000000000000000000e+00
2.812633738358272240e-06
6.487825832124372027e-09
6.904583216282844660e-08
2.588630536592972931e-07
0.000000000000000000e+00
1.599685361952651874e-07
3.286843153205154522e-08
7.940388400129450019e-07
4.283678123329082155e-08
5.841942765982821584e-06
9.717300741840517730e-08
4.561938382607877429e-09
3.424920578254386783e-07
1.895020176334583084e-07
1.042158601194387302e-06
8.875185031342880393e-09
7.080021013905479776e-09
1.757625938125784160e-07
3.938790182900220316e-09
1.033925656201972743e-07
2.930288900415689568e-09
5.092027549835620448e-06
2.870284561140579171e-06
6.022340404143733394e-09
6.325809067675436381e-07
7.613905950165644754e-07
1.685179540800163522e-06
9.997233973990660161e-07
4.775906745635438710e-06
1.726883624542097095e-06
1.375235683553910349e-06
1.104936245610588230e-06
3.670435944513883442e-06
7.213874937406217214e-07
3.691273775530135026e-08
1.706858228089913609e-07
2.972216464058874408e-07
4.199038983188074781e-07
1.823376237553020474e-06
1.531951276945164864e-08
8.669588282828044612e-07
4.515736975463369163e-07
2.680629677342949435e-06
1.271562155125138815e-06
3.821313839580398053e-06
1.507033999814666458e-07
1.613540967504434320e-09
1.206036444045821554e-07
0.000000000000000000e+00
2.350534433759321473e-09
3.209929104741604533e-07
1.531382594066599268e-07
7.971605555212590843e-06
2.277870123634784250e-07
4.610507403413066640e-06
2.023308525167522021e-06
2.950372675059043104e-07
1.036557861766596034e-07
2.078845184882993635e-08
1.016748996107708081e-07
1.060608383340877481e-07
9.117447774542597472e-08
1.389726946854352718e-07
2.347458575968630612e-06
1.135379079642007127e-06
5.827931090607307851e-06
1.819291924221033696e-06
4.802208195542334579e-07
5.825825155625352636e-07
1.192497279589588288e-06
1.048580777762708749e-08
6.875145004414662253e-07
1.750112410547899344e-08
7.508127509936457500e-06
2.522459453757619485e-06
3.775969403818635328e-08
4.872237582276284229e-07
2.646729626576416194e-06
2.684943645192561235e-08
0.000000000000000000e+00
2.212493228626044584e-07
2.116323969403310912e-07
6.360663746818318032e-07
1.646597775106783956e-05
4.334031473263166845e-06
1.584652977726364043e-07
4.558180808089673519e-05
0.000000000000000000e+00
3.999298769485903904e-06
2.367047727602766827e-06
4.024582889172734212e-10
2.391487942077219486e-05
1.203969259222503752e-05
2.190986521100057871e-07
1.372151559042578128e-10
1.524642856409741398e-09
6.605413549465311007e-09
1.176157866211724468e-06
0.000000000000000000e+00
0.000000000000000000e+00
1.286291961832830566e-07
4.456888191839425417e-09
0.000000000000000000e+00
0.000000000000000000e+00
0.000000000000000000e+00
0.000000000000000000e+00
0.000000000000000000e+00
0.000000000000000000e+00
1.239462421587234076e-09
9.522020505414729996e-09
0.000000000000000000e+00
0.000000000000000000e+00
3.304120532732213178e-09
2.784664729915675707e-06
6.418100273464233396e-09
