9.186965854723894154e-08
6.827264087405637838e-08
2.802854304206903180e-08
6.448835421224430320e-08
9.128872989094816148e-06
1.587897713761776686e-06
5.012336714571574703e-06
2.672828713912167586e-06
7.323013960558455437e-06
3.522250381138292141e-06
6.682992534479126334e-06
1.046163379214704037e-05
9.302824764745309949e-06
3.168832563460455276e-06
6.509363629447761923e-06
5.704748218704480678e-06
3.058103175135329366e-06
3.826544769935935619e-08
5.255169980955542997e-06
2.871642664104001597e-06
3.054382887057727203e-06
5.405414867709623650e-06
1.193893240269972011e-05
6.031531484040897340e-06
1.759996507644245867e-06
4.836328116653021425e-06
3.529417517711408436e-05
5.003998012398369610e-06
6.904067504365229979e-07
2.080986405417206697e-07
3.736704456969164312e-06
1.155905465566320345e-05
4.775439720106078312e-06
2.718559017012012191e-06
4.439596978045301512e-06
5.485693691298365593e-06
1.768264496604388114e-06
7.559701316495193169e-06
8.066522809713205788e-07
3.452115834079449996e-06
7.159675305956625380e-07
5.475161287904484197e-06
1.021003117784857750e-05
2.461096528350026347e-06
2.401816163910552859e-05
3.218007259420119226e-05
3.641506964413565584e-06
5.575286195380613208e-06
1.211791555988384061e-07
3.063105168621405028e-06
7.320492386497789994e-06
3.192276096797286300e-07
7.137304692150792107e-06
1.331500129708729219e-06
4.822505616175476462e-06
2.146881161024793983e-05
4.887425802735378966e-06
8.459093123747152276e-07
1.547293891235312913e-06
7.303755182874738239e-07
2.053296611848054454e-06
5.621799118671333417e-06
1.958828988790628500e-06
2.863381496354122646e-06
4.144132162764435634e-06
3.800106924245483242e-06
2.224592662969371304e-06
1.273243128707690630e-06
6.455687980633229017e-06
8.421561119575926568e-07
8.734890002415340859e-07
2.189778388128615916e-05
1.060579734257771634e-06
1.053267715178662911e-05
1.222968194269924425e-06
1.883287768578156829e-05
4.133888978685718030e-06
1.015293764794478193e-05
8.488377716275863349e-06
1.357826386083615944e-05
7.579515113320667297e-07
4.298733074392657727e-06
3.768419674088363536e-07
8.355284990102518350e-06
9.674292869021883234e-07
3.019738869625143707e-06
4.771843123307917267e-06
2.285433311044471338e-06
2.235065949207637459e-06
3.901789568772073835e-06
4.134350547246867791e-06
1.934085503307869658e-06
4.325190275267232209e-06
1.821324190132145304e-06
3.629818820627406240e-06
1.292289766752219293e-06
1.457207304156327154e-06
3.677354243336594664e-06
1.450725562790466938e-06
9.299021257902495563e-06
1.590575038790120743e-06
3.350787665112875402e-06
1.014805548038566485e-05
9.179022413263737690e-07
2.632861196616431698e-06
4.645524768420727924e-06
4.898207635051221587e-07
7.138035584830504376e-07
1.237860487890429795e-06
3.514018089845194481e-06
4.779867140314308926e-06
1.151383457909105346e-06
1.601328403921797872e-05
3.192369604221312329e-07
3.107565134996548295e-06
1.073515704774763435e-06
4.668735016366554191e-07
3.960075900977244601e-06
2.029125738545189961e-07
1.221275488205719739e-05
3.232986728107789531e-06
2.522263287119130837e-07
7.349169663939392194e-06
4.170969134520419175e-07
5.756065206696803216e-07
9.195517236548766959e-07
6.027539711794815958e-07
3.934960659535136074e-06
5.585442977462662384e-06
2.403678990958724171e-06
1.002024987428740133e-06
6.395633590727811679e-06
1.430051611350791063e-06
3.948068751924438402e-07
1.994843614738783799e-06
7.573256880277767777e-06
4.138080385018838570e-06
5.851700279890792444e-07
2.872766557970862777e-08
1.554471680265123723e-07
2.322753289263346232e-06
1.254844028153456748e-05
9.141843975157826208e-07
1.417733983544167131e-05
7.027998094599752221e-08
3.725701844814466313e-06
3.786329898503026925e-06
8.583139674556150567e-07
6.301577741396613419e-06
5.582563176176336128e-07
1.484385506955732126e-06
5.298054020386189222e-06
2.323883109056623653e-06
9.586938354289031849e-09
1.695051309980044607e-06
1.045299200086446945e-06
3.389209950910299085e-06
3.553541105816293566e-08
6.014906261953001376e-07
7.813788016619582777e-08
2.714925813052104786e-07
5.424531991593539715e-06
3.498559635772835463e-06
2.564907219948509010e-07
8.693411359672609251e-07
2.790418989206955303e-07
7.455616014340193942e-06
8.171189058714389830e-09
1.155782115347392391e-06
8.763236110098659992e-07
4.643486136046703905e-06
2.850114588781593739e-10
9.711705388326663524e-06
2.811991350881726248e-08
1.989601372542892932e-07
3.437538225625758059e-06
1.552810999783105217e-06
2.096773869197932072e-06
4.693959454016294330e-06
5.584537916547560599e-07
1.808249749046808574e-06
2.292655381097574718e-06
2.571609229562454857e-06
2.608574277473962866e-06
2.215406766481464729e-06
5.288989996188320220e-06
1.350858951809641439e-06
8.654037628730293363e-07
4.232377250446006656e-06
2.527488277337397449e-06
5.166818368707026821e-07
1.892419447813153965e-07
1.974362476175883785e-06
3.359494439791887999e-05
2.645379481691634282e-06
1.030085030606642249e-07
1.172053202935785521e-06
6.476276212197262794e-06
6.185269739944487810e-06
1.676810086337354733e-07
1.224228043383845943e-07
5.587595719447335796e-09
1.623987827770179138e-06
4.677256129070883617e-07
1.708371542008535471e-06
1.983419508633232908e-07
8.094775694189593196e-07
3.198518243152648211e-06
6.153420031296263915e-07
1.028190854412969202e-05
2.755354216787964106e-06
9.411753012500412297e-07
9.152233360509853810e-06
2.965971361845731735e-06
4.368939244159264490e-06
2.619854967633727938e-06
6.178715466376161203e-06
1.154304186457011383e-06
5.137736025062622502e-06
1.370897280139615759e-05
9.572068847774062306e-06
1.047945033860742114e-06
3.043845936190336943e-06
3.200338369424571283e-06
7.745900802547112107e-06
3.164449481118936092e-06
1.448394186809309758e-07
5.610689868262852542e-07
1.482985112488677260e-06
1.055273486372243497e-07
1.715534949653374497e-06
4.018241384073917288e-07
1.618833493921556510e-07
1.634741806810779963e-06
5.037499249738175422e-06
1.183468157250899822e-06
1.764818648553045932e-06
9.025633858072978910e-07
5.195870471652597189e-06
1.541485062261926942e-06
1.104051079892087728e-06
1.257811703680999926e-07
5.701242571376496926e-07
5.426558686849602964e-07
1.857590881115811499e-08
4.910463502483253251e-08
2.422794693757168716e-07
1.757906744614956551e-07
7.166948421399865765e-07
4.674579656693822471e-07
1.559036149956227746e-06
5.452624805002415087e-07
1.259562964150973130e-06
1.517457803856814280e-05
2.266872115797013976e-06
4.063584128743968904e-06
7.728441460130852647e-07
1.224331026605796069e-05
4.413092469235380122e-08
1.031246847560396418e-05
1.233448438142659143e-05
1.775690066097013187e-06
2.667179160198429599e-06
2.596827471279539168e-06
4.330619503889465705e-06
5.366987352317664772e-06
7.436366900037683081e-07
2.130210987161262892e-06
2.927532250396325253e-06
2.778394218694302253e-06
1.210160348819044884e-06
4.409149823914049193e-06
1.413812924511148594e-06
8.795782946435792837e-07
2.817383574438281357e-06
6.872238600408309139e-07
8.265805035989615135e-07
4.110284805847186362e-07
2.843733852841978660e-07
7.826002388355846051e-07
7.166378281908691861e-07
6.374354597937781364e-06
3.334425286993791815e-07
7.075725338978600121e-09
6.017445457473513670e-07
2.721692737850389676e-07
5.186730618333967868e-07
2.367396279012723426e-09
5.291835591947346984e-08
6.165671528890470654e-09
2.060590560404307325e-07
3.579048780011362396e-06
4.165132850175723433e-06
1.223788876814069226e-05
1.074258398148231208e-05
4.045186415169155225e-06
3.833220674209769641e-08
5.277422133076470345e-06
3.407091924145788653e-07
1.491406692366581410e-06
3.240443504637369188e-07
2.650202986842487007e-06
7.775185622449498624e-06
1.742768404255912174e-06
2.163128328902530484e-06
2.030753421422559768e-06
1.137439312515198253e-06
1.548860723232792225e-06
4.643716692953603342e-06
2.072299685096368194e-05
2.674360302989953198e-06
1.379317495775467250e-06
2.180524916184367612e-07
6.124047047251224285e-08
3.522444558257120661e-07
1.822252556848980021e-06
2.828650849551195279e-06
3.978776419444329804e-07
2.128782170984777622e-06
4.877051082985417452e-07
4.406484492847084766e-07
1.781376965936942725e-07
1.464030560782703105e-06
0.000000000000000000e+00
1.221677121066022664e-05
9.127567864197771996e-06
1.530944700789405033e-06
1.172819338535191491e-05
1.724395951896440238e-05
6.119735758147726301e-07
6.403508336916274857e-07
6.569978722836822271e-06
1.871650852081074845e-06
1.127125074162904639e-06
1.952243565028766170e-06
2.710192802624078467e-06
2.106133933921228163e-06
5.693808020623691846e-07
1.653902259590722679e-08
6.725958314746094402e-07
4.351629740995122120e-07
1.156454800366191193e-06
2.727071205299580470e-06
1.489809505983430427e-06
2.110866262228228152e-06
5.185322038414597046e-07
9.586628948454745114e-07
5.339905442269810010e-07
2.785347241740510071e-08
5.504111868503969163e-07
5.655108381574791565e-08
7.128455308702541515e-06
3.294589760116650723e-06
2.372236878045441699e-07
2.112826223310548812e-06
4.370127044239779934e-06
2.750432031461969018e-06
4.949018148181494325e-06
9.732688113217591308e-07
8.493542736687231809e-06
1.054756012308644131e-05
5.004342256142990664e-06
3.660898755697417073e-06
5.605108981399098411e-07
9.214892884301661979e-07
5.419349236035486683e-06
2.448031182211707346e-06
1.038569462252780795e-05
1.229048507411789615e-06
2.135813929271535017e-06
0.000000000000000000e+00
0.000000000000000000e+00
0.000000000000000000e+00
0.000000000000000000e+00
0.000000000000000000e+00
1.671606497666289215e-07
0.000000000000000000e+00
1.165217895504611079e-06
8.167325482588694285e-09
0.000000000000000000e+00
3.115260551567189395e-05
1.153973607870284468e-05
