4.587885769069544040e-07
9.918272780851111747e-07
4.612607426679460332e-06
9.373058674100320786e-06
6.376802048180252314e-06
2.499077424999995856e-07
5.797240376637091686e-08
2.701324319787090644e-07
3.240638034185394645e-05
2.723204261201317422e-06
8.348380106326658279e-06
3.290793983978801407e-06
1.160766896646237001e-05
1.285396319872234017e-05
8.013779734028503299e-06
4.311476459406549111e-06
2.248818418593145907e-05
4.053828433825401589e-06
1.667650167291867547e-06
1.469166090828366578e-05
3.212103820260381326e-06
1.649676278248080052e-06
2.764392775134183466e-06
4.538829671218991280e-06
1.631427767279092222e-05
7.178758210102387238e-07
2.129453150701010600e-06
4.023114797746529803e-06
2.023059460043441504e-05
3.262626705691218376e-06
3.046984784305095673e-05
3.034562041648314334e-06
3.333871063659898937e-05
2.512053470127284527e-06
1.219635578308952972e-05
2.588023107819026336e-06
3.429407342991908081e-06
3.795188831645646133e-06
1.281798995478311554e-05
5.163753485248889774e-06
1.687263466010335833e-05
1.699017275313963182e-06
2.589085306681226939e-05
4.810406608157791197e-06
2.776268729576258920e-06
8.753164365771226585e-06
4.607572464010445401e-06
2.848410531441913918e-06
4.853851805819431320e-06
1.817913471313659102e-05
7.999114473022927996e-07
3.067771785936201923e-06
2.110891000484116375e-05
3.977592768933391199e-06
3.357160949235549197e-06
5.093167146696941927e-06
4.573111255012918264e-06
3.756954072287044255e-07
7.152446528380096424e-07
2.575107464508619159e-05
4.654290023609064519e-06
2.626431978569598868e-06
2.920894303315435536e-06
7.944789103930816054e-06
1.089615352611872368e-06
1.150609023170545697e-05
1.209256424772320315e-05
1.034069669003656600e-06
1.105730234485235997e-06
1.839065953390672803e-05
2.746566565292596351e-07
1.652900436965865083e-06
2.539090473874239251e-06
2.662103952388861217e-06
2.902390406234189868e-06
1.865218473540153354e-05
8.526622877980116755e-06
5.291104798743617721e-07
5.373055500967893749e-06
1.559293923492077738e-05
6.573540304088965058e-06
2.688363201741594821e-05
5.498059181263670325e-06
2.866654176614247262e-05
4.925087978335795924e-06
2.317317466804524884e-06
5.967616090174487908e-08
6.902713721501640975e-06
3.662073595478432253e-06
4.814681915377150290e-07
7.870965418987907469e-06
2.161080374207813293e-06
7.105551048880442977e-05
7.916180493339197710e-07
4.459264800971141085e-06
3.725524265973945148e-06
4.036581231048330665e-06
1.015902216749964282e-05
1.581660399097017944e-06
3.918668426194926724e-06
1.090275964088505134e-05
2.871935748771647923e-06
6.866701824037590995e-06
7.223477496154373512e-06
3.906990059476811439e-06
5.841050096933031455e-06
2.818118264258373529e-05
3.879139512719120830e-06
1.128561052610166371e-06
2.704996632019174285e-06
6.290300461841979995e-06
1.525931293144822121e-05
9.541356121189892292e-06
3.638965836216812022e-06
6.216758720256621018e-06
4.354098564363084733e-06
4.403704679134534672e-06
4.127806732867611572e-06
1.292055367230204865e-05
5.519545993593055755e-06
3.734617621375946328e-06
1.699092899798415601e-05
1.029907889460446313e-05
2.523587227187817916e-06
2.081256388919427991e-05
2.245976793346926570e-05
