3.957295120926573873e-06
3.486833747956552543e-06
2.993421344132940476e-10
1.755111078693971649e-08
1.033758280755137093e-06
8.441300991535172216e-09
1.711270215309923515e-06
5.647823968502052594e-07
3.819619905698345974e-06
3.461095275270054117e-06
2.456029505992773920e-06
9.053286476046196185e-07
1.631315349470696674e-08
5.518565103557193652e-06
8.726258784008678049e-06
2.687334017537068576e-06
4.638107839127769694e-06
1.007962424637298682e-07
1.259749842574819922e-05
5.124202289152890444e-06
6.969075457163853571e-06
8.575565516366623342e-06
3.786592287724488415e-06
1.122055664382060058e-06
3.480958639556774870e-06
8.741766777120574261e-08
2.895961642934707925e-06
1.671901372901629657e-08
4.450297637959010899e-06
5.510798018804052845e-06
2.822261421897565015e-06
2.381677632001810707e-06
1.345613327430328354e-05
2.023379238380584866e-06
1.242036432813620195e-06
1.539965523988939822e-05
5.222080289968289435e-06
2.440980324536212720e-06
2.328672508156159893e-06
3.414793582123820670e-06
8.644352078590600286e-07
2.259949496874469332e-06
1.657726045323215658e-07
6.024831691320287064e-06
1.913175111667442252e-07
1.665045260779152159e-06
6.386272843883489259e-08
4.666128916142042726e-06
2.893508280976675451e-05
3.880404619849286973e-06
1.135759816861536819e-06
2.491251962055684999e-06
1.590980787113949191e-06
3.055912713989528129e-07
6.384255470948119182e-07
3.981638769801065791e-07
4.087218712811591104e-06
7.146781626943266019e-06
3.081436261709313840e-06
2.327944912394741550e-06
4.694860763265751302e-06
1.383033031743252650e-05
4.497058398555964231e-06
8.423615327046718448e-06
2.989191443703020923e-06
1.717154873404069804e-06
1.189058184536406770e-05
7.185132290032925084e-06
2.282966761413263157e-06
1.485256461819517426e-06
3.045146513613872230e-06
1.003295096779766027e-06
1.132159013650380075e-06
6.302889232756569982e-06
3.618625896706362255e-07
2.483051048329798505e-06
9.369889994559343904e-06
5.858530585101107135e-06
1.933620978888939135e-06
2.113593836838845164e-06
6.839619800302898511e-06
9.449563549424055964e-06
4.469807663554092869e-06
6.977195880608633161e-06
3.169085175613872707e-06
2.092012664434150793e-06
5.668835910910274833e-06
3.201543222530744970e-06
7.283982995431870222e-06
1.989478050745674409e-06
1.727994458633475006e-06
4.126766839362971950e-07
3.652508894447237253e-06
9.752207006386015564e-06
6.923789896973175928e-06
1.194087758449313696e-06
3.126476940451539122e-06
1.380925482408201788e-06
3.147898723909747787e-06
3.341568344694678672e-06
1.983381459069732955e-08
3.851427663903450593e-06
7.307115538424113765e-06
2.571677214291412383e-05
9.385713610754464753e-07
5.324193807609844953e-06
2.122323166986461729e-05
1.070038433681474999e-05
2.602545009722234681e-06
6.310632670647464693e-06
4.291812729206867516e-06
8.497274848195957020e-07
1.131700178014227731e-09
7.471929620805894956e-06
2.086476888507604599e-05
4.463169261725852266e-06
1.322569914918858558e-06
2.297323753452928941e-08
2.315002575414837338e-06
6.940789717191364616e-06
9.356118368941679364e-08
4.673993103665452509e-08
2.185980292779277079e-06
5.466848051582928747e-06
3.345064442328293808e-06
3.623039447120390832e-06
9.029437023855280131e-06
1.964982487834276981e-08
8.422430255450308323e-06
3.207524912340886658e-08
5.537497600016649812e-06
2.941013974577799672e-07
6.193101398821454495e-06
1.336540321972279344e-06
3.621096084316377528e-06
5.520566901395795867e-06
5.853930247212701943e-07
4.134544269618345425e-06
8.696156328369397670e-06
1.604462696036534908e-08
6.039970230631297454e-07
1.661329861235572025e-06
2.459139068378135562e-06
1.336466198154084850e-06
1.763268528520711698e-06
8.771761628167951130e-08
2.514624064531290060e-08
3.612469981817412190e-06
1.044430337060475722e-05
1.023035522962345567e-07
2.145590549673670466e-08
1.463136811707954621e-07
2.164334667043021909e-08
8.400338202818602440e-09
4.032514425489353016e-06
5.859438090283219935e-08
2.733559085754677653e-06
1.050351215781120118e-06
1.140596239679325663e-07
1.599147765318775782e-07
0.000000000000000000e+00
1.596215071231199545e-07
1.429982443568178496e-08
9.855202875996837975e-09
5.332086772114053019e-08
1.747141276098318485e-08
3.739400256108638132e-08
4.875938763859721803e-09
1.594036547203359078e-07
2.359445488764322363e-06
6.365047283907188103e-06
8.927684369552935095e-09
1.165220453458459815e-08
1.450662921342882328e-06
4.020260391257579613e-08
6.017292434989940375e-06
1.311121422986616381e-06
1.875170418941252137e-08
4.296225952771237644e-08
3.133501236263214196e-10
9.331018304692406673e-07
5.967068773315986618e-06
3.660177071651560254e-06
9.671437055658316240e-07
1.893546823339420371e-06
2.168059609175543301e-06
6.201139058248372748e-06
3.699643457366619259e-06
6.079281966719918273e-09
9.023922586948174285e-08
3.250198776783008725e-09
3.388538743820390664e-06
2.152292566393043671e-08
4.663443178287707269e-07
4.435442519934440497e-07
2.152468425720144296e-08
9.057409442903008312e-06
5.643087206408381462e-07
3.863549125071585877e-08
2.547372446315421257e-08
2.958730860314062738e-08
1.040239538951936993e-07
1.126743427448673174e-06
1.049762317961722147e-06
2.022629246312135365e-07
1.306524245592299849e-05
1.039382823364576325e-06
1.030994826578535140e-05
9.299069461121689528e-06
1.980483375518815592e-06
2.248431485440960387e-08
5.926161520619643852e-06
1.143754843724309467e-06
2.010531261475989595e-07
1.247583298891186132e-07
1.566862266599855502e-07
2.163985072911600582e-06
5.611313099507242441e-06
9.761873087654748815e-09
2.072967504318512511e-07
1.481864615016093012e-06
6.354899273475211885e-09
1.280571950701414607e-06
3.015105903614312410e-06
6.025690613142842267e-09
1.065340256900526583e-06
5.037423989051603712e-07
4.238608198647852987e-06
0.000000000000000000e+00
9.913343479439618022e-10
3.376506811036961153e-06
5.383566303862608038e-07
1.222145442625333089e-06
1.875917421401140928e-09
0.000000000000000000e+00
8.781769338384037837e-07
0.000000000000000000e+00
0.000000000000000000e+00
2.191128032791311853e-06
8.957682240406938945e-08
1.160188656257332696e-08
2.788672873066389002e-06
4.157842425911439932e-08
1.625420509299146943e-06
2.621391104185022414e-07
6.811320645283558406e-07
6.257055815694911871e-07
4.443970738066127524e-06
1.102243800232827198e-06
5.344090823200531304e-07
1.675651423171942156e-10
3.897001079167239368e-06
8.950244136940455064e-07
1.650043259360245429e-06
3.964235020248452201e-07
5.114586087984207552e-07
2.083327075297347619e-07
4.032614015159197152e-06
2.486021912773139775e-06
2.632701345817167748e-08
1.242662239775427224e-08
8.740062895640221541e-09
1.551106493025145028e-06
3.045117269451225184e-09
1.441981908101297449e-06
5.847738975717220455e-06
7.510565751545072999e-07
1.601170218634706544e-08
1.107530579247395508e-06
5.320963580857096531e-08
1.525503193988697603e-05
1.107699176827736665e-06
7.566450790363887791e-07
5.448898932058909850e-08
5.001605245524842758e-07
3.946566266677109525e-06
6.179233196235145442e-07
4.274792502201307798e-07
2.557755351517698728e-06
1.975821760424878448e-06
3.645558521725433820e-08
0.000000000000000000e+00
4.655569512124202447e-07
3.878475069996056845e-07
2.640712537527178938e-08
1.388121859235980082e-06
1.771133383954293095e-06
5.228376949162338860e-07
1.060769747596168600e-07
1.717239683785010129e-07
3.068076921408646740e-07
8.335281336258049123e-07
3.952958138597750803e-07
4.419588037762878230e-07
6.440091055992525071e-07
7.427763193845748901e-06
2.604376447834511055e-08
4.904744344003120204e-08
2.126782305822416674e-07
4.683737415689392947e-07
3.535312998792505823e-06
0.000000000000000000e+00
3.431372078921413049e-06
0.000000000000000000e+00
0.000000000000000000e+00
7.622331210654920142e-09
8.250189864611456869e-09
2.470770255058596376e-07
6.519218004541471601e-06
3.330571018977934727e-07
3.529737568896962330e-06
1.162024886980361771e-06
2.332757958356523886e-06
5.599526389232778456e-07
2.252577132821897976e-06
9.900543318508425727e-08
2.048244063246329461e-08
0.000000000000000000e+00
5.883564568875954137e-08
3.767133875953732058e-06
3.850532337423828722e-09
1.364607538079098958e-08
8.218879088417452294e-08
0.000000000000000000e+00
1.367497137749751346e-08
1.958505357890771847e-08
6.156832910164666828e-08
7.840606599529564846e-07
2.759121855433477322e-07
0.000000000000000000e+00
9.275236578787371400e-09
1.335558774684386663e-09
0.000000000000000000e+00
1.070447751772007905e-06
0.000000000000000000e+00
2.646498160174814984e-06
5.321564344740181696e-08
3.574328047761810012e-06
8.553143970857490785e-08
9.334250989923020825e-07
6.968991073108554701e-08
8.355603995369165204e-07
5.456100552692078054e-06
3.154718115183641203e-06
3.737119868674199097e-06
4.812814040633384138e-07
6.000841494824271649e-07
2.556605068093631417e-06
2.687042233162628690e-08
2.347203690078458749e-06
1.255354220575100044e-07
5.528694146050838754e-06
2.038861026676386246e-07
9.943935452838559286e-09
7.753664377219138260e-09
5.896345555811421946e-06
3.620358484113239683e-06
2.633785456396253721e-08
4.938486841687961260e-10
1.377142289094024363e-09
7.373423045464733150e-07
3.174276841377832170e-08
3.295043313755741110e-07
2.882917726765299449e-07
2.326199108892978984e-07
1.034683123180002440e-06
2.090343969030072913e-07
9.310272162110777572e-07
6.555881668646179605e-07
1.990249920424957963e-08
2.588950849258253584e-07
0.000000000000000000e+00
7.080757882249599788e-07
2.207720172009430826e-06
3.309316696231690003e-07
2.567867909419874195e-07
1.111119445340591483e-07
8.683618268889858882e-09
0.000000000000000000e+00
3.865190834062559588e-08
0.000000000000000000e+00
1.117313086496096730e-08
0.000000000000000000e+00
4.855018573834968265e-07
4.083308358104886793e-09
9.166125636284050415e-09
0.000000000000000000e+00
9.728256600283202715e-08
2.383165565333911218e-06
5.987824351905146614e-07
0.000000000000000000e+00
6.516751227536587976e-07
1.776339075831856462e-09
2.896574891053660394e-08
6.740986879805177523e-09
4.946848264353320701e-08
0.000000000000000000e+00
3.326697424199664965e-07
4.725612825495772995e-07
8.885122637636300169e-10
2.108759190377895720e-06
8.493918457475047035e-09
1.074868350769975223e-06
7.393272105638004632e-10
0.000000000000000000e+00
0.000000000000000000e+00
9.346163842849364300e-09
4.878820050180365797e-07
1.648732791181828361e-06
5.397464065026724711e-06
4.465418896870687604e-07
2.250328208219798398e-07
2.556133495090762153e-06
1.660091797361928911e-08
7.948314305394887924e-06
3.833210939774289727e-06
2.082415903714718297e-06
1.254628273272828665e-06
2.526924163248622790e-06
5.041088684265560005e-07
6.559557164109719452e-08
2.201136162227612658e-09
9.498865551904600579e-07
1.357257133349776268e-06
1.239226548932492733e-06
2.661191956576658413e-06
1.328832127001078334e-06
9.988506022295950970e-09
7.016510608082171530e-07
1.146053023148851935e-06
6.347161729536310304e-07
1.656206727318476624e-08
9.176404081046030115e-10
1.167012555924884509e-06
0.000000000000000000e+00
6.409529157425097878e-11
5.518864441000914667e-07
1.197273480357807784e-08
1.143368599798577634e-08
2.472648930051946081e-06
1.216335299147885962e-08
4.336200163379544392e-07
2.385012749073212035e-06
0.000000000000000000e+00
5.563942015451850409e-11
5.318096896189672407e-07
2.245077723728172714e-07
8.779003479730818071e-08
2.034468060685412638e-08
7.494027620680299151e-10
1.602810800749310260e-10
3.009605009651750152e-08
2.819869564518739935e-07
0.000000000000000000e+00
3.760019795517877128e-10
8.137802431917862123e-09
3.570443425360281253e-07
1.105157494407649210e-07
1.783462266757851467e-07
1.880576746771112084e-06
1.217269414155452978e-07
2.989579002132813912e-07
0.000000000000000000e+00
3.126547076792718372e-10
2.468950924594537355e-06
1.146148861153051257e-06
1.787592118773773109e-08
3.441265619130717823e-07
7.147455516332001935e-09
8.963453410615329631e-07
1.377107082589645870e-06
8.808265228310574457e-09
0.000000000000000000e+00
2.609048806334612891e-06
2.876328153433860280e-08
0.000000000000000000e+00
8.584298605285312078e-09
1.680309047458194982e-08
1.329573251496185549e-08
0.000000000000000000e+00
2.579956799309002236e-07
1.464683219154494509e-08
1.366461832574827895e-09
6.054591938919884342e-09
5.810116388005326371e-09
8.472861168229428586e-08
3.425449079941245145e-08
2.270963648243196076e-07
9.277076969738118351e-06
1.216736489340064509e-08
2.207316356361843646e-07
1.100207303039724138e-08
2.364892679906915873e-06
1.129127895183046348e-06
3.273160587013990153e-07
5.334619004315754864e-07
1.520938597288079563e-09
0.000000000000000000e+00
1.303338770242135070e-08
3.368745993270749750e-08
0.000000000000000000e+00
1.726170637539325980e-07
1.147796524492150638e-06
3.975821073254337534e-06
1.028423497473340831e-07
5.710352724008771474e-08
1.410664367540448438e-06
1.226552015509696503e-08
1.881959292404644657e-06
3.561268613339052536e-06
9.211282190335623454e-07
5.559232931773294695e-07
8.351077696033826214e-08
1.167082359643245582e-06
4.311608492457708053e-08
1.525644961475336459e-06
4.039210352857480757e-07
3.295530461855378235e-07
1.361222643936343957e-06
6.752911474450229434e-08
8.182998101347038755e-08
6.234752163436496630e-06
1.158183025040671055e-07
1.931856985493141110e-07
1.283211304325959645e-06
1.498473949368417379e-07
1.083450570149580017e-06
1.671333848207723349e-06
1.359192509653439629e-07
2.835711931936657493e-08
1.130392774939537048e-06
2.572857127347560890e-08
2.468217417117557488e-06
2.114755488946684636e-06
1.263505055248970166e-06
1.490634190304263029e-06
2.459650659147882834e-06
8.064295009546640358e-09
3.780784130213987737e-09
2.294048728757047684e-09
8.811634444327864912e-08
1.565639562439713472e-10
7.808163005051937944e-09
3.850936991511844099e-07
6.454850449699733872e-07
4.083769908902468160e-07
7.010684726083127316e-07
1.524160637700333609e-07
0.000000000000000000e+00
1.367517370454152115e-07
0.000000000000000000e+00
2.273738800795399584e-06
1.269727079034055350e-07
4.364067718309883048e-10
1.928012238749943208e-08
1.792815237422473729e-05
8.452532007652280299e-09
7.652390388024343792e-10
1.494502498644578736e-06
3.146102045548104797e-08
1.721444375935021753e-10
0.000000000000000000e+00
0.000000000000000000e+00
2.783945518558539334e-08
2.347488390341823106e-07
8.779091897892499219e-10
6.827267640119316638e-08
5.458988994178071152e-07
0.000000000000000000e+00
1.212469555866846349e-07
0.000000000000000000e+00
3.385313585013705051e-09
2.816245570080866401e-10
1.245729652765703577e-08
0.000000000000000000e+00
7.748147901054380782e-09
1.583812747618651429e-09
4.155208799261345121e-08
5.160916671798077004e-08
2.413815764157334343e-06
2.788446238355390960e-07
1.486220213564592996e-07
4.049953190587984864e-07
1.515563852194645733e-08
3.268288395474883146e-08
6.233858429460781281e-10
5.061236265646584798e-07
5.162017714610556141e-06
1.106848057652598527e-09
2.565795753639577015e-08
4.185408641887988779e-08
3.098033118931198260e-08
1.904697199961447041e-07
3.412542426417530805e-08
8.263862838475688477e-08
0.000000000000000000e+00
1.190787770610768348e-06
4.797660722033469938e-07
0.000000000000000000e+00
2.882091393985319883e-06
0.000000000000000000e+00
6.141174253571080044e-07
2.082762694044504315e-05
1.825046638259664178e-06
2.350676098217263643e-08
4.720683222103616572e-08
5.141906513017602265e-06
8.238710158536832751e-09
6.469666580244393117e-09
4.078880522229155758e-07
1.917541396778688068e-07
4.262336688043433242e-07
6.630696134379832074e-06
4.812442000456940150e-09
4.733930136779918030e-09
1.058614813587155368e-07
1.203746702316266237e-08
1.735926161927636713e-06
2.789785753520845901e-07
1.878741727523447480e-06
4.179194945663766703e-07
7.115932287860005090e-09
9.865071660897228867e-06
6.066150604056019802e-08
2.882601620513014495e-06
5.660919200067837664e-08
2.398908520717668580e-07
3.513450337777612731e-06
2.236565478597185574e-06
4.318291303206933662e-06
6.297488539530604612e-07
2.075141765089938417e-06
0.000000000000000000e+00
1.645345406586784520e-07
8.208664894482353702e-07
1.149818160683935275e-07
8.194667344696426881e-08
1.058642524753850012e-07
3.020236150064192771e-08
1.050189535334311586e-08
1.353759557787270751e-06
3.800394097197568044e-07
2.751661725142184878e-07
4.528778845269698650e-06
1.113837583943677600e-06
3.889473646268015727e-06
1.134063243313221392e-08
1.319421016887645237e-08
1.208616367875947617e-06
0.000000000000000000e+00
3.607522671700280625e-07
5.109013301307641086e-08
7.014534730842569843e-08
4.194328084849985316e-07
1.311347659793682396e-06
2.199604978159186430e-07
9.406292633684643079e-09
1.690897200035124115e-09
0.000000000000000000e+00
8.816356533714042598e-09
0.000000000000000000e+00
0.000000000000000000e+00
6.040951205932287849e-08
3.128713677025274364e-10
4.027491797842230881e-07
1.492964507576743927e-08
2.817643363073329965e-08
1.843920216515471111e-08
1.887413958456818364e-07
2.001039156596107205e-08
2.686984998945263214e-06
2.599261428315458033e-08
2.326014936215869966e-09
9.224582413480675314e-07
2.783648689330675552e-08
0.000000000000000000e+00
1.804713711806016363e-08
2.677818429219769314e-07
1.117584133680793457e-06
1.431682328245642566e-09
2.495905926380714845e-09
0.000000000000000000e+00
1.013176209596622357e-08
2.770043572297709034e-08
3.374780011000666491e-09
1.303985364131676761e-08
7.643583188610136858e-08
2.507149758912419202e-07
1.394184434566625441e-09
2.768442755041178316e-07
3.603260836371191544e-07
5.752244902623715461e-08
4.529854713553049805e-09
5.577522870225948282e-07
0.000000000000000000e+00
0.000000000000000000e+00
3.668369430442908197e-08
4.244462203928378585e-08
0.000000000000000000e+00
1.881976800177653786e-06
0.000000000000000000e+00
4.637814981833798811e-06
1.129162319202237086e-09
1.447607246518600732e-06
3.985912371717859060e-06
1.979299639742748695e-07
0.000000000000000000e+00
5.890344141334935557e-07
5.318290732247987762e-07
1.395247750224370975e-06
2.729129633394222765e-08
5.770359052803541999e-07
1.971995402527682018e-07
6.348596315319809946e-08
5.642105893599591582e-09
4.999672498229301709e-08
3.573900357878301293e-07
3.000528749907971360e-06
2.870838216040283442e-06
2.345926304769818671e-06
1.968478954950114712e-06
3.276677489338908345e-07
8.546398362341278698e-07
4.252886753874918213e-07
2.334098098799586296e-06
9.829767577684833668e-08
6.187047461025940720e-07
7.606391818626434542e-07
3.170310378663998563e-07
2.141863205906702206e-06
5.584286100202007219e-06
6.400220513569365721e-07
1.970643552340334281e-06
1.054892095453396905e-06
8.680150926920759957e-07
9.073404498849413358e-07
1.423123592303454643e-07
4.958749411088092529e-09
1.471301288802351337e-06
1.193542544797310256e-07
2.395948968114680611e-07
5.991754505885182880e-07
9.980830100175808184e-07
7.890081974437634926e-07
1.993460507776489976e-08
3.455111041716918407e-08
1.885801168555190088e-07
9.449323670196463354e-07
1.454445786031044463e-09
1.417142101445278968e-07
1.213304212654975345e-08
1.298493579326986946e-08
7.631788179196519195e-08
5.036869143992817044e-09
4.102851836051968348e-09
5.622747423217333562e-08
9.421870394987763575e-09
1.995450020331190899e-06
1.683994810264266562e-06
2.769445245576207526e-06
1.608537636421658590e-09
1.344731117569608614e-06
2.586703118367950083e-08
0.000000000000000000e+00
5.982198558740492444e-08
1.562361404694456724e-07
0.000000000000000000e+00
9.617110663384664804e-08
2.513674246529262746e-08
2.077931071653438266e-07
9.583951054992212448e-08
5.448479782899084967e-07
9.053714506990218069e-07
7.591243047500029206e-07
1.233006628353905398e-06
1.411678596241472405e-07
1.324732878948964299e-09
9.383656518480165687e-09
1.340076636324738502e-07
1.278461159159860472e-08
1.288758539885748178e-07
1.967597107466190209e-08
6.600765800612862222e-08
9.360960717685884447e-08
5.178497275437621283e-08
1.227523398483754136e-07
9.932167088777532626e-09
2.149470462731173370e-10
2.302585215829822118e-07
3.606104526099329632e-09
1.790205317320214817e-08
3.068839475872664480e-07
4.257453269929101225e-07
1.594090415224513890e-09
2.847117229975992814e-06
0.000000000000000000e+00
3.794959297920286190e-07
5.029815497437084559e-08
8.069431345347766182e-09
0.000000000000000000e+00
9.426546654367484734e-08
1.011393635508284206e-08
0.000000000000000000e+00
8.227715966313553508e-07
7.421859891110216267e-07
8.412186502937402111e-09
1.094716211014201690e-07
1.366561264148913324e-08
6.933762051630765200e-06
3.966371409092062095e-08
1.685451593402831350e-06
0.000000000000000000e+00
5.862104401899159711e-08
3.826464762823889032e-07
2.143487343175820570e-08
5.392896582634421065e-07
4.735509051556618942e-08
4.674999161125015235e-07
3.649664037652655679e-08
1.145628480969662633e-08
8.347396385222083381e-11
6.515281256724847481e-06
1.556029260996183439e-08
3.097622425229928922e-07
0.000000000000000000e+00
1.259071069625861128e-07
4.258701125081643113e-08
3.641097521267511183e-07
4.268253306349834020e-09
4.758057414733229962e-08
4.576998435368295759e-06
0.000000000000000000e+00
2.616048675463389372e-07
1.950768819369841367e-06
3.313780325697734952e-06
5.272872627415381430e-08
5.442993256110639777e-08
1.510942070126475301e-06
6.856363143015187234e-06
3.176537077820285049e-08
1.867874175331962761e-06
1.781932468247759971e-07
7.241130219881597441e-07
9.643612202125950716e-07
7.008112561379675753e-07
3.608726117931837507e-08
1.486057726651779376e-06
2.765940791960019851e-07
1.099935161619214341e-06
1.372145561617799103e-06
4.703557578977779485e-07
6.636051352870708797e-07
3.565666512050924553e-11
6.314553768760333696e-09
4.727231043943902478e-06
4.778308593245128577e-08
4.172044931749496754e-09
2.562681231665919768e-07
3.383849644933434320e-08
1.844521690941292036e-08
4.928003605186859204e-08
1.175665829578065313e-06
7.929510843496245798e-07
2.815869493133504875e-08
0.000000000000000000e+00
1.212194774780073203e-06
3.842087537009319931e-08
2.290907787028118037e-06
0.000000000000000000e+00
0.000000000000000000e+00
2.185971879953285679e-06
4.598318355419905856e-06
1.601491419478406897e-07
4.327099389911381877e-08
2.599500703581725247e-07
1.009074821922695264e-06
3.705957169586326927e-06
0.000000000000000000e+00
3.195684257661923766e-06
2.957777269330108538e-06
2.981438910865108483e-06
3.036125661992628011e-08
5.702875682800367940e-07
1.677185537118930370e-07
2.934342546723200940e-09
0.000000000000000000e+00
9.505740763415815309e-07
6.999320589784474578e-07
6.254668449834355215e-10
0.000000000000000000e+00
0.000000000000000000e+00
0.000000000000000000e+00
2.193566075447961339e-07
0.000000000000000000e+00
1.488465972698804762e-08
1.272163796528502644e-08
7.984923513504327275e-07
3.509698842663055984e-07
1.355364247501711361e-07
1.107666435018472839e-06
4.280137204659695271e-07
4.625426441862146021e-08
2.611388651985180331e-07
1.184027986766977847e-08
1.586477793580343132e-07
0.000000000000000000e+00
0.000000000000000000e+00
0.000000000000000000e+00
0.000000000000000000e+00
7.917304145621528733e-09
4.513640305958688259e-08
5.102529065936778352e-09
3.025635564313233772e-08
1.334073518322043128e-09
3.680220295176894751e-10
1.270134021069679875e-06
4.694595290288816614e-08
0.000000000000000000e+00
0.000000000000000000e+00
5.478705844552678172e-08
1.644213512008718681e-07
0.000000000000000000e+00
3.642141876980531379e-08
9.461520988907068386e-08
0.000000000000000000e+00
7.453518719557905570e-06
9.575205517364793195e-09
6.912401204317575321e-06
0.000000000000000000e+00
4.398490460744142183e-08
0.000000000000000000e+00
0.000000000000000000e+00
7.531836487828513782e-09
0.000000000000000000e+00
2.887263008233276196e-06
3.426914751969434292e-09
1.150322759713162668e-06
1.924818776588566038e-10
2.808921237829054007e-07
5.636866529101780543e-09
4.499831973703294352e-08
5.593252971891615744e-09
4.360165348771261051e-06
3.058767816810359363e-08
7.411869091811240651e-07
0.000000000000000000e+00
9.115462376030336600e-07
8.618624036671462818e-09
0.000000000000000000e+00
4.102077344469989839e-09
6.484156545027985885e-10
1.917439078624738613e-07
1.053825712915568147e-06
2.460939185766619630e-08
2.196390141762094572e-06
1.179659307126712520e-06
8.698245324012532365e-07
3.388402092241449282e-06
1.039871676766779274e-06
6.496429705293849111e-07
4.347462891018949449e-06
4.195106839688378386e-07
1.186409903652929643e-08
5.197859422878536861e-07
9.337803021480794996e-06
1.285250846194685437e-06
5.714363204845085420e-09
1.368388666378450580e-06
1.940156657553870900e-08
3.933578227588441223e-07
6.107861281634541228e-06
2.323345249521935330e-08
9.766273478817311116e-07
2.852506440831348300e-06
6.700370249745901674e-07
1.302287344628894061e-08
1.420880080260644718e-09
3.866950464725960046e-06
4.518527330077404258e-09
1.903371504852202634e-08
1.264754018848179840e-06
1.843947927682165755e-07
2.580567581844661618e-07
1.966022182386950590e-06
8.289046604659233708e-08
3.022279884135059547e-07
1.507842406489601217e-09
2.272704940908809590e-10
3.063303438466391526e-06
0.000000000000000000e+00
5.826543691966890037e-09
3.978470175525217201e-08
1.083648498934053350e-06
9.328950056897156173e-08
6.238378347234174726e-08
1.580842656778713717e-08
5.070543096508117742e-08
0.000000000000000000e+00
4.158669980824925005e-06
0.000000000000000000e+00
3.282930594039612515e-09
0.000000000000000000e+00
7.370283583441050723e-08
0.000000000000000000e+00
0.000000000000000000e+00
0.000000000000000000e+00
3.411464888358750613e-07
6.629864657270445605e-08
1.424112042514025234e-06
0.000000000000000000e+00
3.121886038570664823e-08
3.043756180431955727e-07
1.400943183682556992e-08
8.214140621021215338e-07
3.969134798609275094e-09
8.303459253511391580e-07
3.073926890806433221e-08
8.314502792927669361e-07
2.468254400866953802e-08
2.984841330544441007e-06
1.195988819091553523e-08
1.444805377559532644e-07
1.120831825573986862e-06
2.159348696295637637e-06
2.998821857502775856e-09
1.188236865345970728e-06
0.000000000000000000e+00
8.432933782387408428e-07
9.532781675147816713e-09
1.241119917949617957e-07
1.064822230389950164e-09
2.964402057159531978e-08
0.000000000000000000e+00
1.115383874150666088e-08
3.041431853034737287e-07
5.669376523798064227e-09
3.610830390243791044e-07
0.000000000000000000e+00
3.548207416770310374e-07
0.000000000000000000e+00
0.000000000000000000e+00
8.297963205450287205e-09
4.420189725351519883e-08
2.698747358920172701e-08
0.000000000000000000e+00
7.959794601219982724e-09
3.891604478667431977e-07
1.004806104987210347e-08
4.938336961579636863e-10
0.000000000000000000e+00
0.000000000000000000e+00
1.331743426646880835e-08
0.000000000000000000e+00
1.119593662224360742e-06
4.214885507280996535e-08
4.057342195551427722e-08
1.034401719834932010e-07
3.662842029683588407e-09
8.341593371596900397e-08
2.467983595266787233e-09
0.000000000000000000e+00
2.561992289429326775e-07
8.686740926577840582e-08
1.486957046381576220e-07
4.168633438439428573e-08
8.380292229048791341e-07
1.736109728200929680e-10
4.601174623530823737e-07
1.476513489251374267e-08
0.000000000000000000e+00
8.665548834052572147e-10
2.918248753758234670e-08
3.437153228702527485e-09
0.000000000000000000e+00
1.820429140764190379e-08
1.702875618292409854e-09
2.273649215567274950e-07
9.963646796506964165e-09
4.449053125910040762e-09
5.434811214399815071e-07
6.796319667046191171e-07
1.173419192923574883e-07
3.912457771093613701e-07
1.017371999978422537e-07
5.480537978996835591e-08
1.612759092495252844e-06
3.176374320901231840e-06
2.102470944009837694e-06
4.822252321901032701e-07
1.203233182422991376e-06
1.988363464988651685e-07
1.723492459859699011e-08
2.259289885842008516e-06
3.497422312648268417e-06
1.613534266198257683e-07
1.648796001063601580e-06
5.424285518529359251e-07
1.463702119508525357e-07
6.198047408645379619e-09
1.001792284682778700e-07
1.109829895540315192e-06
6.007699653309828136e-07
1.112842369366262574e-06
2.601589699224859942e-07
4.464154699235223234e-07
3.684846660689800046e-06
5.174168222765729297e-07
0.000000000000000000e+00
1.237817883747993619e-07
2.083377914630091254e-09
1.464540133611080819e-07
0.000000000000000000e+00
3.590982714740675874e-06
2.492943451670726063e-07
3.211655297263860120e-08
1.228599710856315141e-08
0.000000000000000000e+00
1.363312684965478638e-09
9.044427429216739256e-07
4.020658528336440440e-10
3.806366748904110864e-06
1.720842845998049597e-07
1.915434744148569735e-08
0.000000000000000000e+00
0.000000000000000000e+00
7.052736616941501779e-09
4.063319636316009564e-07
6.093688398323138244e-08
5.915234968512095293e-10
7.616597130777336133e-09
0.000000000000000000e+00
3.454223351795349117e-09
3.898686827596975490e-06
7.717318339928169735e-08
4.852584538639348466e-07
2.120483031831099652e-06
0.000000000000000000e+00
7.498016429963172413e-09
1.774314695168754952e-09
1.634241471037967131e-07
3.941254078654310433e-08
5.585959570453269407e-07
6.240345129526758683e-08
1.349649902948613089e-08
4.387365848401714175e-08
1.140145627687161323e-06
1.490357362854410894e-06
2.433337442653282778e-07
2.916534640462487005e-07
2.167591759416609420e-07
7.777894772686977376e-09
6.622416393042840355e-09
4.682647158915642649e-09
2.463171888678061805e-08
1.044944838213268667e-06
1.647849074970508809e-07
0.000000000000000000e+00
8.732047973580847611e-09
4.298295053217771056e-09
0.000000000000000000e+00
3.603568757171160541e-06
1.238990572464959694e-12
0.000000000000000000e+00
8.446996844213572331e-07
1.351100620272660535e-10
0.000000000000000000e+00
4.830066034633428984e-12
2.809257182434521383e-08
1.590814058261003083e-08
2.329085617702730815e-07
1.380836494035975193e-07
5.984086559607249001e-09
4.452660391507379245e-07
0.000000000000000000e+00
7.271210744619338584e-09
7.898973422015842516e-07
0.000000000000000000e+00
0.000000000000000000e+00
4.795384977995809095e-09
9.813955159643228399e-08
8.368695034732809290e-07
5.782585077440671739e-09
0.000000000000000000e+00
2.910259695454442408e-07
5.912856522627407685e-06
5.568767846853006631e-07
4.941461156704463065e-06
1.889548428835041705e-07
0.000000000000000000e+00
0.000000000000000000e+00
0.000000000000000000e+00
6.039440947347429756e-09
0.000000000000000000e+00
0.000000000000000000e+00
0.000000000000000000e+00
3.677729454309996981e-09
5.816248460632778006e-08
2.608371962864453053e-09
0.000000000000000000e+00
9.113738315136288293e-07
5.988265002088155597e-06
1.500906421370018506e-08
5.973038952333808993e-08
9.483578367053269176e-09
1.445166653013529867e-08
1.781678520273999311e-07
6.323479240233353948e-11
1.009696461551357061e-06
0.000000000000000000e+00
1.141153482819845522e-08
0.000000000000000000e+00
7.285844372262317847e-09
0.000000000000000000e+00
9.115503303291916382e-07
0.000000000000000000e+00
0.000000000000000000e+00
0.000000000000000000e+00
0.000000000000000000e+00
7.890258224563240219e-09
5.938804292782151606e-07
3.433496376104017145e-09
2.872045379298526768e-10
3.957210115146381213e-09
1.056320002135180403e-06
3.215069739326281706e-07
9.748213791738180589e-09
7.645918742582580307e-08
5.431879799289163202e-07
1.116724668293045397e-08
3.068562079988623736e-07
2.496308013633097289e-07
4.072916908626211807e-06
4.900821295450441539e-07
9.496099551142833661e-07
2.081661250485922210e-06
3.506162045141536510e-07
2.541706408010213636e-06
6.847774329798994586e-07
3.631920208135852590e-06
3.258733727307117078e-08
2.331804296318296110e-07
6.858866186121304054e-07
1.161895056611683685e-06
5.960837938800978009e-07
1.778001745833535097e-08
1.562062152515864000e-06
1.103172735383850522e-07
1.237677960119754061e-08
1.320215801570157055e-06
6.170533879412687384e-07
8.052845146266918164e-08
1.906336422052845592e-07
8.301682100864127278e-06
1.786129928404989187e-07
3.062315499846590683e-06
1.960164723868729197e-07
9.940095878846477717e-06
4.603603827035840368e-07
4.930577119921508711e-07
3.857139319052294013e-08
1.307850197918014601e-06
2.663086640097844793e-08
2.365026432471495355e-07
5.315038151820772327e-07
1.173204282167716883e-06
1.572130514659875189e-08
7.733161666578780569e-09
1.278550143979373388e-06
1.774422031530775712e-07
1.809013042475271504e-06
0.000000000000000000e+00
4.344749893192556556e-09
8.859914402137292200e-08
1.858910394503254793e-07
0.000000000000000000e+00
4.943960334458097350e-07
8.038189776016224641e-07
1.636064466412415208e-15
9.665204636633006885e-09
7.163919804042961914e-07
0.000000000000000000e+00
1.680088530520151835e-07
4.110736426810035482e-07
7.706851192779140547e-07
1.094262125356237902e-09
4.687374932643706416e-09
1.579343766877627786e-08
6.315909129028796087e-09
7.605709129165916238e-07
7.510363531082475674e-08
2.908023155612227129e-08
2.939133381119063415e-08
5.438623329467873191e-09
5.746870215261878911e-07
1.002646172310051043e-06
1.481912050849132356e-07
2.204916427217540331e-08
9.818474921985398396e-10
6.290068199632514734e-08
7.175183114327410294e-09
0.000000000000000000e+00
7.953904201940531493e-09
3.279980020920447714e-08
1.598606047537032282e-08
2.936228611361002550e-07
4.261531572069543472e-08
1.444740593825599717e-08
4.972647626999560089e-09
2.365471019061260449e-08
0.000000000000000000e+00
4.420484458478313172e-07
8.575022469869963970e-09
0.000000000000000000e+00
0.000000000000000000e+00
4.003278718300862238e-06
0.000000000000000000e+00
1.271637106725620470e-08
1.735852777073887410e-07
6.592728141185943969e-09
6.239700667265424272e-08
4.082535698390898915e-10
0.000000000000000000e+00
0.000000000000000000e+00
1.015052308872554931e-08
1.200012775370851159e-05
1.812357902641892338e-10
0.000000000000000000e+00
2.532477699768165280e-11
0.000000000000000000e+00
1.625382495262783777e-09
0.000000000000000000e+00
0.000000000000000000e+00
7.768142609165806789e-07
1.856114290044175164e-10
1.184325704173261329e-08
1.075332534128392581e-07
4.431955913375418277e-10
9.620347185546052060e-09
8.255015927716158330e-06
5.854646474290348124e-07
8.522364396412740462e-07
1.082148742170829792e-06
2.095425998049904592e-06
1.441756580788933206e-06
2.768703097899560817e-07
1.507068304817948956e-06
1.192669287775061093e-06
3.860683648326812545e-07
4.912346867058658972e-07
8.124883379423408769e-07
6.368915705934341531e-07
8.094155418802984059e-06
1.888647034320456441e-06
2.762621079455129802e-06
1.210530899697914720e-05
1.535521732876077294e-06
9.735202866067993455e-07
3.733481150902662193e-07
7.026390562714368571e-07
2.006183649427839555e-06
4.139685358950373484e-07
8.702504032953584101e-07
4.817185317307348669e-09
1.716450412914127810e-07
2.672520906799036311e-07
6.204668068221508292e-08
1.630927641826929175e-07
2.065388144956159522e-07
9.924618638024185202e-08
2.940070544354966842e-06
2.766155127176261885e-08
6.056006807142466641e-09
3.144492666251608171e-09
1.879197464305093490e-09
0.000000000000000000e+00
6.070876579222783676e-10
9.641954790140516707e-09
1.412648430232366081e-06
1.503410551606521040e-08
3.092282696570691769e-08
2.207499846917926334e-06
2.016465487031382509e-06
1.581715451948184636e-07
2.606109319458482787e-06
3.261777337115745468e-08
3.687696370491266862e-09
6.115589812338839693e-09
2.048903802176482714e-08
1.133760196836419709e-08
3.990047900970239425e-07
0.000000000000000000e+00
1.888951439710240265e-09
3.625125444273180619e-08
0.000000000000000000e+00
5.384036771971523194e-09
0.000000000000000000e+00
1.646825253942552081e-08
3.353169963915547669e-09
4.625061933438701089e-07
1.237372870832587068e-08
1.328897383245930541e-07
1.900438562074668880e-08
2.298774920417301360e-10
5.200964778850902803e-07
2.262621450199731044e-07
0.000000000000000000e+00
1.475685973417739660e-08
1.160469835781441361e-07
6.574762210220796987e-07
0.000000000000000000e+00
0.000000000000000000e+00
8.291357289635925554e-08
3.205454746080249606e-08
7.175024165917420760e-07
1.131557736400168324e-09
9.834865295488270931e-07
3.333701954488788033e-07
6.348340519934936310e-08
2.249536237286520191e-06
4.749461197661730694e-07
1.613587485849166114e-08
9.654642418865932996e-09
8.038711030167178251e-09
1.047785644914256409e-07
0.000000000000000000e+00
3.361121230227581691e-07
4.150707582084578462e-07
0.000000000000000000e+00
1.865067531525710365e-07
1.559763340708286705e-08
1.690315776237127920e-09
1.512249525603692746e-08
8.546090057848232391e-09
1.525539516933349660e-08
9.265654021817226749e-09
3.755541655436900328e-08
5.679003578507035854e-08
0.000000000000000000e+00
0.000000000000000000e+00
4.550698040617362494e-09
7.106117472233108856e-09
1.157626002168399282e-06
0.000000000000000000e+00
5.099187774249003269e-07
1.169295416048043990e-07
5.824701929668663070e-07
3.575624019092060735e-09
6.013373621271966840e-08
1.384460812658971918e-08
4.663320964937156532e-07
0.000000000000000000e+00
0.000000000000000000e+00
2.525149056964437477e-06
2.258675522170960903e-07
3.479877932477393188e-07
4.132780873078445438e-08
4.183775459409844188e-08
1.042226305258964203e-08
1.012180405268736649e-06
1.261365014215698466e-06
1.576490689103593468e-07
4.838072609203436514e-09
5.911336984354420565e-07
1.851543807163125166e-09
2.981967384130257415e-08
1.004758360068080947e-06
3.588167203361081192e-07
1.398932568008603994e-06
2.273725243640001281e-07
1.691880243015475571e-06
5.439354708869359456e-07
4.344990145455085440e-07
1.565357933941413648e-06
1.542539393994957209e-06
6.159698955343628768e-07
3.260469156884937547e-06
1.276352804779889993e-06
1.007420564747008029e-06
1.667375215674837818e-08
4.704678758571390063e-06
1.663586033373576356e-07
1.748671252244093921e-08
1.022058349064991489e-08
8.724283873107196996e-08
4.278129139834163652e-08
1.839644347967350768e-08
1.741858852710720384e-07
1.005268586595775560e-06
1.387843582278946997e-07
1.402449179011000524e-08
0.000000000000000000e+00
3.286360295007284549e-09
6.288176734869921347e-08
1.601669374906578014e-08
1.483352548348193523e-06
2.942027776953182183e-07
0.000000000000000000e+00
1.517643966053583426e-08
1.935343760806063074e-07
1.014272470456489827e-07
0.000000000000000000e+00
0.000000000000000000e+00
8.519891911385694266e-15
1.663608628632573527e-08
1.577413115683157230e-07
1.655493520047457423e-07
0.000000000000000000e+00
2.375860503889271058e-06
3.360053923984196445e-08
0.000000000000000000e+00
1.538073141071905070e-10
2.509195269340125378e-07
1.889368093088705791e-07
1.991413967061816948e-08
9.830378644437587354e-08
2.684369171390699194e-08
1.168818002383886778e-07
0.000000000000000000e+00
1.599744514635403903e-08
0.000000000000000000e+00
5.065489006028656149e-08
2.026156131762490986e-08
2.571569552856090013e-07
4.776137818573999994e-10
4.009311105335200409e-09
1.846739650090967189e-07
2.216477099636904313e-07
4.505794137799057353e-08
0.000000000000000000e+00
4.482996587285015266e-07
0.000000000000000000e+00
1.263373405890888534e-08
2.038739665977118420e-08
5.016354975850845221e-08
7.261518675250044907e-08
5.430691771834972315e-07
1.850011841497689602e-07
0.000000000000000000e+00
5.771070288318469466e-09
3.614508248261927292e-09
4.498321004575700499e-08
0.000000000000000000e+00
1.289276269744732417e-06
3.822076905635185540e-06
2.718403209200914716e-07
0.000000000000000000e+00
6.038113156137114856e-07
1.037062791198195555e-08
0.000000000000000000e+00
0.000000000000000000e+00
5.624338541565521155e-07
0.000000000000000000e+00
4.998544911316571415e-10
1.417757857780088671e-07
0.000000000000000000e+00
1.069019095467638181e-08
5.491406227520201355e-07
4.556080511974869296e-06
8.804017426200516638e-08
1.255400889021984767e-06
1.359625343866355252e-06
6.760183737242186908e-07
1.119104382496516337e-07
1.670309002221870287e-09
6.659519158347393386e-08
2.175714371333015151e-06
1.510613714117425843e-07
0.000000000000000000e+00
8.796921520115574822e-07
1.617280753762884160e-09
0.000000000000000000e+00
0.000000000000000000e+00
7.118284202078939416e-07
9.174801196554227545e-11
0.000000000000000000e+00
8.127608452923595905e-08
3.083834769768145634e-07
6.179916023363318800e-10
1.879185305142527795e-07
8.869177392512028746e-09
3.908947689978958806e-07
1.101182860452354362e-07
0.000000000000000000e+00
0.000000000000000000e+00
3.344408838756862679e-08
0.000000000000000000e+00
7.928813374746823683e-07
0.000000000000000000e+00
0.000000000000000000e+00
8.266866302619746421e-07
7.580197802781185601e-07
0.000000000000000000e+00
1.017189710239563283e-08
3.009556337474350585e-08
5.967499411285714928e-11
0.000000000000000000e+00
0.000000000000000000e+00
4.270292106034467849e-11
6.215462633463175735e-08
1.061599808060975647e-09
0.000000000000000000e+00
2.988095534894874561e-11
1.411986616517424409e-08
0.000000000000000000e+00
0.000000000000000000e+00
1.155453857593080613e-11
9.790697141909276979e-09
0.000000000000000000e+00
0.000000000000000000e+00
0.000000000000000000e+00
1.131135185516995989e-08
3.270169246505361116e-09
5.664886781886480094e-09
5.624685400107409805e-06
6.353683801307852264e-08
3.889960566993977409e-07
9.307166806138411630e-07
8.748134519009909127e-07
1.371750613543554209e-06
1.452313313166087028e-06
6.361992177517095115e-07
3.118983613603631966e-06
1.531040538793604355e-06
1.342669975201715715e-06
9.017338697958621196e-07
1.141529196502233390e-06
1.795829007278371137e-06
8.879688948582042940e-07
1.954258095793193206e-06
4.339820520726789255e-07
2.464414365022093989e-06
6.298687793560020509e-08
3.874899903166806325e-07
2.772233926862099906e-07
3.250991539971437305e-06
1.347723177502757608e-08
4.216864013528720534e-08
4.481529813915585692e-09
2.257851747344830073e-06
0.000000000000000000e+00
4.585843385029875208e-07
4.592983771090075606e-07
7.942544733886836017e-13
0.000000000000000000e+00
2.545011845711542264e-08
2.417788280695276626e-08
2.134890664251543058e-08
1.362708279550872703e-10
0.000000000000000000e+00
9.479858675831565051e-08
0.000000000000000000e+00
7.798287349203292251e-09
3.978432516760221915e-07
3.567715722851971805e-08
1.009951233754691202e-08
0.000000000000000000e+00
2.322696524004186358e-08
6.157482062008057255e-07
4.979711309971435185e-09
0.000000000000000000e+00
0.000000000000000000e+00
1.248116010543753873e-08
7.041768501636624933e-09
2.951751412183512002e-07
4.083011617694864981e-07
1.127624287278194970e-07
1.599587449163664132e-06
5.001340355192951392e-07
2.547285404830290645e-08
1.514571934535524633e-08
1.656791027926374227e-06
3.466558951004117262e-08
3.473864040870466852e-08
3.810028914585927851e-08
9.401311729106964776e-08
3.769629230987447954e-08
2.309463065230943357e-09
8.721572442027536454e-08
1.009824135422832114e-08
0.000000000000000000e+00
1.301412027032711194e-07
2.967288637023557385e-10
2.476096199188759783e-07
0.000000000000000000e+00
2.518918620353360893e-07
4.341690029718847654e-08
7.511038013774395949e-09
0.000000000000000000e+00
0.000000000000000000e+00
7.928604617291057366e-08
6.367669946882870136e-09
1.305422301811631769e-05
2.443121926987146253e-09
0.000000000000000000e+00
7.651397737618026440e-08
1.800646298732999639e-09
1.332607535431407086e-08
5.108778822204840253e-08
3.500185812299605459e-07
6.205705727069243949e-09
2.767741307252435945e-07
9.341848681287956424e-07
2.382502861664193006e-09
8.271071578747068997e-07
4.988852886356198724e-09
0.000000000000000000e+00
2.681565192119705898e-09
9.441972537160836509e-08
4.106189521735359449e-08
1.294616502889311960e-08
1.566711027578548965e-08
0.000000000000000000e+00
1.825210347305983305e-07
1.000074689727625810e-07
1.709469472643831978e-07
5.440601213990703400e-08
1.438147290144797807e-08
0.000000000000000000e+00
1.709826847218209878e-06
1.947952057435031747e-07
5.878291631233878434e-08
4.497584082940875305e-09
1.939695550845499383e-07
1.264415118384931702e-06
2.688176903298256093e-10
0.000000000000000000e+00
0.000000000000000000e+00
7.573057558829532354e-08
1.511028102640921134e-08
4.400359188139191247e-08
1.299679830424338434e-08
1.052321119132670901e-09
4.685358817368978634e-06
0.000000000000000000e+00
3.842642115614580689e-07
1.108938540994586219e-08
0.000000000000000000e+00
0.000000000000000000e+00
4.313208679107560783e-10
2.326514874084750772e-07
5.844957286171847954e-06
0.000000000000000000e+00
4.778670259497630468e-08
4.728411440169111302e-09
7.285418046620861787e-09
4.015983101623987750e-09
3.380516844231351570e-08
1.628665415864816168e-07
1.080477662895873436e-08
0.000000000000000000e+00
0.000000000000000000e+00
8.372469437745166942e-07
3.313714671548950719e-07
2.172747759487947405e-09
5.151646931267350737e-08
4.713372803166748781e-09
6.208675351615511318e-09
3.587555511330720037e-06
5.520807633274671389e-08
1.209147512781783007e-06
4.541783482636674307e-07
1.526508299320994411e-06
1.601572307663445827e-06
5.616242106043500826e-06
9.829874159095197683e-08
7.919472409412264824e-06
1.108611513700452633e-06
1.467006995881092735e-06
1.107562297875119839e-06
1.643660851868844475e-07
2.420716782580711879e-06
1.660506882217305247e-06
2.863481256554223364e-07
5.062660068944069280e-09
3.461961384232381533e-08
4.043965717848152508e-10
3.964011057178140618e-07
4.614271276182080328e-08
4.358538419069191150e-08
6.093084152780647855e-07
1.711213286625934415e-07
1.310780021412938368e-06
1.569600449613517412e-09
1.050718054784738342e-07
2.557244638268230119e-09
1.101880098275387354e-08
6.679800890196929686e-07
3.378704960255163314e-08
0.000000000000000000e+00
4.826175654670805670e-07
1.131582205715631062e-08
9.542461043565708678e-09
0.000000000000000000e+00
1.057554666061832904e-08
7.264100077009061351e-08
0.000000000000000000e+00
1.861610940068203490e-06
8.800820516796648008e-09
5.934353808356718218e-08
9.210581630725300784e-09
0.000000000000000000e+00
4.929790620167295856e-08
8.808671481119745295e-08
5.913828360348816204e-08
2.197739057407943619e-08
0.000000000000000000e+00
2.731470203798380680e-06
0.000000000000000000e+00
4.351881344177854771e-08
2.654508834964985908e-10
5.917573986380375572e-08
2.738395998846954171e-08
1.156776274768844814e-08
0.000000000000000000e+00
3.406155656193732284e-06
1.886059131095407793e-08
4.522049934507776925e-08
0.000000000000000000e+00
0.000000000000000000e+00
1.989273101798971766e-08
3.386039892916414829e-08
1.072811670610462897e-07
0.000000000000000000e+00
2.213869754186248429e-09
1.587264542024513503e-09
0.000000000000000000e+00
6.453277734408402466e-08
4.278641885235856535e-09
0.000000000000000000e+00
2.207218852134928966e-09
2.183098007924044737e-10
8.023359328035439830e-07
0.000000000000000000e+00
1.769869939494128630e-08
0.000000000000000000e+00
1.692918658591224812e-07
2.870108595232068183e-09
2.008857222790538799e-07
2.314146513526793569e-06
8.494581038576143328e-09
0.000000000000000000e+00
0.000000000000000000e+00
6.682037700933562974e-10
3.649009705508632351e-10
2.295238573424285278e-06
0.000000000000000000e+00
1.048342657128387145e-08
0.000000000000000000e+00
9.204275563945429894e-09
0.000000000000000000e+00
0.000000000000000000e+00
8.448732558008487104e-08
2.473026583516002574e-08
2.803691643293859670e-07
7.547116638306761160e-07
1.645921399173744248e-09
3.044717811206965052e-10
5.571822558891881272e-09
1.720374598335183691e-07
3.065117368805658771e-07
0.000000000000000000e+00
6.672901520232699113e-08
1.452085825803806074e-06
0.000000000000000000e+00
2.153079314837214042e-08
5.085837861962261286e-10
3.592604400637355866e-07
7.536376074313011486e-07
4.165259213095851010e-07
2.608875604437344009e-07
5.790952286588435527e-07
2.100682195305125788e-06
9.635992910261848010e-07
6.320368584056268446e-07
3.924558598100702511e-07
2.213240577475517057e-07
1.608628252824928495e-07
2.141748467465731665e-08
5.001690439598860394e-08
1.638114099478116259e-06
2.561959711044892174e-08
9.672727401266456582e-07
1.444064309907844290e-06
3.931183982786023989e-07
0.000000000000000000e+00
1.325696075582527556e-06
2.288943790063058259e-08
1.470901511702038533e-09
4.893705352060351288e-08
2.298691903490635013e-08
2.293144092391230515e-07
9.008418011546837079e-09
1.138830185709593934e-07
2.163022259082936216e-07
8.185752520262212784e-09
0.000000000000000000e+00
1.115413450492042102e-08
1.509728377868668758e-07
8.455588451639073355e-10
1.521709691587602720e-06
2.622945203256676905e-06
3.325254738228977658e-07
1.720222485346312169e-06
0.000000000000000000e+00
1.842391725404013414e-06
1.454289799696084629e-09
1.459276077753202117e-08
0.000000000000000000e+00
3.376839288193878019e-07
3.804923309758123651e-08
3.712800344946032283e-10
2.148635935839138256e-08
1.174748076593346013e-09
1.269528638658812270e-06
5.293010030271716460e-09
2.215020167284365016e-09
1.844983366083852161e-08
3.958212246857328864e-08
1.552750603650565608e-07
3.676001938401896041e-07
3.350123733980581164e-08
7.814922042825855897e-09
9.342506324117039185e-09
5.037517958328407985e-09
7.140210982470307499e-07
1.069624204319552518e-06
4.965801103651301673e-09
4.185087831842793094e-08
0.000000000000000000e+00
4.772441570821683854e-07
0.000000000000000000e+00
1.597726850377512164e-06
1.246910485974694893e-08
1.299816698718814223e-08
0.000000000000000000e+00
0.000000000000000000e+00
4.105127615616765979e-08
2.154852296598619432e-08
2.714572531203884864e-07
8.340210229107469786e-07
0.000000000000000000e+00
4.000627740197160165e-08
1.759258294597998429e-09
3.035898643588552659e-08
3.483855337549357500e-08
1.195697564071451779e-06
3.119932534545455383e-09
6.542589403579768259e-08
1.504352979964096448e-07
5.556367455028521363e-07
4.221731231268677220e-08
0.000000000000000000e+00
1.997569142986321822e-06
1.941496918789198389e-08
0.000000000000000000e+00
1.246272685051508233e-08
0.000000000000000000e+00
3.535845962687744759e-07
6.574486519639322069e-07
3.484550248344930878e-08
0.000000000000000000e+00
4.373747586328136094e-08
7.175059977271303069e-07
0.000000000000000000e+00
1.109797267417889088e-07
1.906391418060593423e-07
3.436096918107978126e-08
1.018196371660451405e-06
5.168124772580995341e-08
1.575691799260425796e-09
3.455966890442141448e-08
1.313254172075062343e-09
0.000000000000000000e+00
7.710470839583649649e-08
5.733062025115032156e-09
1.228165658062607690e-08
1.583820186112916417e-08
3.567214150734798750e-07
6.996448753682216193e-09
6.540851416048099054e-09
0.000000000000000000e+00
7.885878972047066782e-08
0.000000000000000000e+00
0.000000000000000000e+00
0.000000000000000000e+00
5.999393426492360959e-09
2.766548448107641889e-07
6.328129984467523172e-06
9.040332926701921679e-10
3.803132742064008198e-08
0.000000000000000000e+00
1.513979164258216770e-08
6.726446599714108743e-08
3.802521630902333527e-10
2.479108696107346077e-09
1.125343160879310744e-07
4.171267420360891265e-08
0.000000000000000000e+00
8.910058681976806838e-07
5.529290092454175465e-07
9.242708983947522938e-06
1.472149392611754593e-06
4.558707473734102678e-07
6.706711701554013416e-07
6.607320983675890602e-07
1.884949618613518396e-08
2.024891587737442933e-09
7.795668466314964462e-07
2.044481561824795790e-06
5.112847702548606321e-06
8.350937719114881475e-09
5.204724971008545253e-07
6.134529257906251587e-07
4.214091688936605351e-07
4.873223815593519248e-07
1.089630359274451621e-06
1.178985030492185615e-06
5.266255357128102332e-06
6.144273925201559905e-07
3.041297418349131476e-07
1.077271122085221577e-06
1.815476821320771705e-06
2.266471170742079266e-07
7.368431624854565598e-07
3.522755065432647825e-08
1.213399780652935078e-08
2.665045428784651449e-07
6.925038746885547880e-07
0.000000000000000000e+00
5.740027404499414843e-07
3.632557934452051995e-07
2.865200743329410216e-09
4.300242153476574458e-07
1.445668203814420849e-06
1.248625380867451895e-06
0.000000000000000000e+00
0.000000000000000000e+00
4.182672626029670937e-07
1.004673344517925671e-09
3.865849009798694169e-07
1.048674036496777262e-08
4.439744752393615101e-11
1.036641947393945884e-06
3.504398762288474245e-07
0.000000000000000000e+00
1.094150636760105044e-08
0.000000000000000000e+00
9.020382663038617466e-09
1.032312102466903525e-08
2.196187010028438635e-09
2.536920931106578792e-07
2.385957941442029551e-06
1.964415559996268712e-06
1.050224351928363831e-09
2.798406839588096773e-08
0.000000000000000000e+00
3.783765301079711207e-09
8.305374166184265050e-08
0.000000000000000000e+00
1.614651884418449868e-10
4.959777015756117180e-07
0.000000000000000000e+00
7.591932558170810807e-07
5.152500307303853333e-06
1.139137140171442297e-08
0.000000000000000000e+00
1.310025226075595128e-07
0.000000000000000000e+00
1.439076186215970665e-06
8.967050234787166119e-06
0.000000000000000000e+00
1.410321459616170614e-08
1.214483358324969231e-08
6.140587061054247897e-08
5.012570358786661018e-09
0.000000000000000000e+00
1.965320706176498788e-07
1.977335628566834203e-08
1.900755330908054930e-09
0.000000000000000000e+00
1.033593099997176523e-09
4.273356779549430939e-09
1.480976496992525426e-08
5.261779278953326866e-08
1.775760516409263801e-08
1.250461245660972054e-08
7.808247346474672668e-07
0.000000000000000000e+00
1.097150388318368641e-07
6.593912638130916548e-10
3.498040967997440021e-09
1.591122327226912603e-06
0.000000000000000000e+00
1.720590225851026389e-09
4.615496429494214681e-09
9.806390011135590612e-08
2.899247952825589891e-08
0.000000000000000000e+00
2.069756988021254074e-08
0.000000000000000000e+00
2.606401039884076454e-06
1.665542548323628580e-08
0.000000000000000000e+00
0.000000000000000000e+00
0.000000000000000000e+00
1.183156239648042174e-08
0.000000000000000000e+00
3.345395214182644850e-07
3.590838071332314030e-09
3.841552853600660455e-08
3.315233199074896220e-09
6.878314362523951786e-09
1.195633547723673473e-08
9.490822350244343397e-09
0.000000000000000000e+00
3.923530655924878374e-08
5.179629170015687123e-08
0.000000000000000000e+00
7.101458088243361999e-09
4.652618770251137903e-07
2.676426902326056734e-08
2.901888933592999820e-07
4.370168653622386046e-07
3.362346134849758528e-08
6.761135207256074864e-09
9.814460355528353830e-09
4.336863185017136857e-06
6.788993687223410234e-07
2.101612381011364050e-06
1.888132942440279294e-06
1.028992180351906427e-08
6.275816758716246113e-06
2.642787421791581437e-06
2.586071786936372519e-06
7.681876468268455938e-07
4.480108600546373054e-06
1.156382296585434233e-07
8.375505785807035863e-06
4.194404539248353103e-07
9.124532880377955735e-07
2.477809459833224537e-07
5.410121275417623110e-07
1.268577278779048356e-07
3.575613391149090603e-06
2.263769083299393969e-08
0.000000000000000000e+00
6.927156164238112979e-07
2.107282125507481396e-05
1.967211801456869580e-06
5.803198632747808006e-07
1.663641000959614757e-06
5.016591444473306183e-07
7.987034678080817685e-08
1.886252675831201486e-06
5.309821062837727368e-07
0.000000000000000000e+00
9.260344882022764068e-07
1.329055709931026286e-08
2.835675729784270516e-07
7.607712793067378243e-10
0.000000000000000000e+00
8.131532922561746091e-07
0.000000000000000000e+00
3.652035900358896470e-07
1.638430148886982352e-06
3.955844007919040450e-08
1.960500384257102269e-07
1.986957869348771055e-07
3.347520760144107044e-06
4.670091129810316488e-06
5.252364871921599843e-07
1.065699137825504295e-07
3.097150738540221937e-06
3.089925826316175517e-08
6.007752517689368688e-07
5.868386665497382637e-07
3.682990609377156943e-06
6.909844785241148202e-08
0.000000000000000000e+00
0.000000000000000000e+00
1.916513099331496051e-07
0.000000000000000000e+00
1.058440488033163263e-10
0.000000000000000000e+00
0.000000000000000000e+00
0.000000000000000000e+00
5.826005278208867821e-08
1.000775426973632420e-07
6.808128727442408490e-09
4.086771241418318823e-07
1.855395947991667072e-09
0.000000000000000000e+00
0.000000000000000000e+00
7.496478815482987557e-08
5.550998025682929438e-07
1.194063603549011532e-08
3.207683008099593280e-08
0.000000000000000000e+00
0.000000000000000000e+00
0.000000000000000000e+00
9.435434655813423888e-09
8.990754736259987112e-07
0.000000000000000000e+00
1.420899479853687808e-06
0.000000000000000000e+00
3.044372576255227614e-08
0.000000000000000000e+00
1.234693236540351791e-09
1.002386795789789176e-08
0.000000000000000000e+00
8.522855310388877115e-09
6.619726988787988375e-10
2.870185866754582094e-08
4.153723054400870751e-08
5.036825427850999404e-07
6.341312364099849219e-09
2.720051043070270680e-06
7.367639796029834542e-07
0.000000000000000000e+00
3.309946761120841074e-09
0.000000000000000000e+00
9.206976153697254972e-11
5.660586452904681209e-07
9.953903479242853791e-09
1.689985040798092086e-08
6.337573950077057816e-07
5.377548184526403929e-09
1.668479512773046736e-06
7.553620434919139370e-06
6.497929277982095186e-11
2.011874400409396912e-08
1.404809713001498039e-09
1.912665766212739982e-06
0.000000000000000000e+00
4.419850029080407694e-06
4.286398791464307578e-07
1.489662793119350681e-08
3.723145596268295776e-07
3.220229416456277249e-07
8.669779276715416927e-07
2.805700432872981764e-06
4.948651621816679835e-06
1.424923652848519851e-06
5.972636358819727320e-07
4.110623024189408170e-07
1.233788964327686699e-07
1.829479515436105430e-06
2.277951807627687231e-06
6.049817784514743835e-07
3.360541143138107145e-07
1.467804722210530599e-08
7.413408553702538484e-08
8.799698662187438458e-06
3.608157044254767243e-07
8.061222800392897625e-09
1.674893894687556894e-07
7.418162084604773554e-08
5.696102221008914057e-07
5.267354907800836372e-08
0.000000000000000000e+00
2.990363068278156788e-09
4.547356269313240773e-08
2.120319550158455968e-06
1.347730105294431269e-08
0.000000000000000000e+00
7.626502096513831930e-09
0.000000000000000000e+00
5.174587869305469212e-09
1.421264414602774195e-06
2.112831651857050019e-07
8.994858546884643147e-08
8.264430917392928677e-09
2.194486370399317821e-07
6.633280236201244406e-07
1.519580195008529699e-08
0.000000000000000000e+00
5.911263997404603288e-06
1.024790890369331464e-06
2.663484766074475374e-09
1.863829091064417298e-09
1.513649635853653308e-06
1.433097281733353157e-06
1.097911095371273404e-07
9.269935929978601052e-09
0.000000000000000000e+00
1.979693706744001247e-06
1.367577738164982293e-06
1.651380614475783659e-07
3.233747747799498029e-06
5.152263948815516414e-09
0.000000000000000000e+00
8.015618724321882382e-10
0.000000000000000000e+00
1.014253542264142993e-10
4.586079085933114641e-11
4.550727226160233840e-07
1.264315407922822487e-08
2.518998565292918101e-09
2.175522695324616507e-08
4.452301194390884120e-09
3.816136882051068824e-07
1.044175874653774372e-07
1.360103851766325533e-07
2.769681595182760248e-09
1.936322924223077280e-08
7.441107285899306589e-09
7.257393122017674614e-07
3.661792561615584418e-06
3.218011102035234217e-08
8.574066669098101556e-06
6.756765287718735635e-06
7.020894940978905652e-07
2.301022959727561101e-06
1.958454504347173497e-06
0.000000000000000000e+00
5.253745257505215704e-06
1.338986588272916833e-09
1.931439328473061323e-06
0.000000000000000000e+00
1.671473768283249228e-07
0.000000000000000000e+00
0.000000000000000000e+00
1.587570895057732745e-12
0.000000000000000000e+00
0.000000000000000000e+00
7.594756823436910054e-09
0.000000000000000000e+00
4.038211098844612934e-09
0.000000000000000000e+00
1.584855441327803760e-10
6.974307797946721621e-10
1.238591949004330672e-07
1.166232209470763337e-06
8.097294390552178811e-09
1.958839979110393870e-09
0.000000000000000000e+00
7.567792437157550012e-08
9.862724255071952939e-07
0.000000000000000000e+00
6.180592038163013058e-08
4.204447900946206573e-09
3.552638183634826419e-10
6.066519517844426446e-07
0.000000000000000000e+00
3.988576935398668866e-08
6.700183234897849616e-07
2.315403691000028630e-08
2.831823942006650441e-10
1.491816115084532157e-09
2.269471499616315668e-09
5.209475073542080281e-09
6.536558849745688349e-09
4.838809353202577768e-10
6.233454197257515261e-09
7.392422674001863925e-09
3.936910353274925001e-09
7.097552323642730698e-09
7.117267331047116841e-10
3.993305242033784452e-09
6.104209582247221988e-09
1.473075661451161977e-09
8.611911184175369272e-09
9.828525771027329938e-10
9.695955149879864621e-09
4.760255301050619892e-09
5.685865112070587202e-09
2.501393536746832069e-09
6.974912647450537406e-09
