2.905833014210656984e-07
5.067719484941335395e-06
8.258625712187495083e-07
7.312699835892999545e-06
3.935526819986989722e-06
1.923477066156920046e-05
1.050275477609829977e-05
3.698960426845587790e-06
8.235716677518212236e-07
7.114031177479773760e-06
3.492912128422176465e-06
2.172020504076499492e-05
2.363393150517367758e-06
4.808237918041413650e-06
2.167821003240533173e-05
2.189074848502059467e-06
9.998676432587672025e-06
5.579173034675477538e-07
7.722590453340671957e-06
2.533831775508588180e-06
2.785479637168464251e-06
2.525486593185632955e-07
1.856315179793455172e-06
3.961662969231838360e-06
4.210940915072569624e-06
2.435135456835268997e-06
7.629418178112246096e-06
2.921976438585716096e-08
9.836867320700548589e-06
1.395126855641137809e-05
3.651780161817441694e-06
1.588263444318727124e-06
3.472995103948051110e-06
1.536756280984263867e-05
5.403548584581585601e-06
3.713327942023170181e-06
3.782864223467186093e-05
5.029786734667140990e-06
1.246934516530018300e-06
6.200325060490285978e-06
1.135583943323581479e-06
1.344643078482476994e-05
6.587375082744983956e-06
2.016371354329749011e-06
1.208816684084013104e-05
1.932038003360503353e-06
5.533848252525785938e-06
1.346827161796682049e-06
1.100141844290192239e-06
1.723077616588852834e-06
1.863125817180844024e-06
2.676103804333251901e-06
1.937029628606978804e-05
1.937351498781936243e-06
1.278011040994897485e-06
3.886556896759429947e-06
1.387959491694346070e-05
5.014922862756066024e-06
2.083524577756179497e-06
1.335172237304504961e-05
1.453438358112180140e-06
1.664406045165378600e-05
6.946569101273780689e-06
2.559299616677890299e-07
1.380203798362344969e-06
3.364675194461597130e-06
7.824246495147235692e-06
2.891468056986923330e-06
2.028799144682125188e-06
1.923148602145374753e-06
1.106411218643188477e-05
1.345742095537616478e-08
9.766671382749336772e-07
1.685596544120926410e-05
3.436035740378429182e-06
9.818746548262424767e-06
1.079004846360476222e-06
6.261751877900678664e-06
2.642204344738274813e-05
2.363486146350624040e-06
1.781412777290825034e-07
3.160247842970420606e-06
9.204339903590152971e-07
4.835720801565912552e-07
3.230961738154292107e-05
2.631067218317184597e-06
3.846518666250631213e-06
2.571458753664046526e-05
2.657756795088062063e-06
3.286638275312725455e-06
3.096468617513892241e-06
5.959674354016897269e-07
1.454404014111787546e-06
7.508139788114931434e-06
1.359827933811175171e-06
6.747135103069012985e-06
1.780674097062728833e-06
4.591032393364002928e-06
6.691350904475257266e-07
3.393871884327381849e-05
4.505691322265192866e-06
6.678076829302881379e-07
1.778325668055913411e-06
5.125200004840735346e-06
2.534568693590699695e-06
3.815992386080324650e-06
4.392079063109122217e-06
5.321803655533585697e-06
5.736407615586358588e-08
9.542084626446012408e-06
9.533998195365711581e-07
3.145623622913262807e-06
6.037391358404420316e-06
5.276400116827062448e-08
2.825352794388891198e-06
6.842787570349173620e-06
5.046158548793755472e-06
1.661481064729741774e-06
6.334483941827784292e-07
6.432796340050117578e-07
2.426852745429641800e-07
7.482496584998443723e-06
1.246919282493763603e-06
1.858937139331828803e-05
6.794052751502022147e-06
1.496921072430268396e-06
1.200899419018242043e-06
6.697784016296282061e-08
5.462605372485995758e-07
4.458125658857170492e-06
4.374609034130116925e-06
4.940344524584361352e-07
5.393912871909378737e-08
1.920236400110297836e-06
2.224234094683197327e-06
8.262864170660577656e-09
2.669943341970792972e-06
1.111490519178914838e-06
1.365366301797621418e-06
4.234615289533394389e-07
1.248601847692043521e-06
7.039298566269280855e-07
1.891620740934740752e-06
9.780337677511852235e-07
3.886776539729908109e-06
4.286703642719658092e-06
1.109097297558037098e-06
2.554893853812245652e-06
8.784566489339340478e-06
4.416998763190349564e-06
7.994981388037558645e-08
5.106114144837192725e-07
3.070130389914993430e-07
5.382660219765966758e-07
7.652199087715416681e-07
1.438942945242160931e-06
2.203120459398633102e-07
1.801223675101937260e-06
1.994078274947241880e-06
1.136082659058956779e-07
5.074022624285134953e-07
1.315611939389782492e-06
4.824129291591816582e-07
1.472094055543493596e-07
1.613703034308855422e-06
1.508792365711997263e-06
1.770500261955021415e-07
1.190831881103804335e-06
9.209409199684159830e-07
3.413323099721310427e-07
4.832180820812936872e-06
1.269143353965773713e-06
3.407819804124301299e-06
3.478640735465887701e-07
2.088072278638719581e-06
2.567616320447996259e-06
1.229563395099830814e-06
2.211234217952551262e-08
6.823203761996410321e-07
9.505425623501650989e-06
2.596329750303993933e-06
1.698793994364677928e-07
6.349178534037491772e-07
2.502373899915255606e-05
9.953462267731083557e-07
1.078278017985212500e-07
3.373883373569697142e-06
9.245310934602457564e-07
1.239417429133027326e-06
5.810560423924471252e-07
6.006382022860634606e-07
2.523572106838400941e-07
8.052559508087142603e-09
5.332029218152456451e-07
1.376338332192972302e-07
1.830976430028385948e-06
1.016433657241577748e-06
2.015521687326327083e-07
1.488601014898449648e-06
1.302144454484732705e-07
1.911577527380359243e-07
5.609500135506095830e-07
4.713505745712609496e-07
1.090923547053535003e-06
2.172784974163732841e-08
1.572334258526097983e-05
1.568141328789351974e-06
1.136122705247544218e-06
8.480216138195828535e-07
0.000000000000000000e+00
2.982426622111233883e-06
6.902267159603070468e-06
6.677199166915670503e-07
8.072683158388826996e-06
2.136134980901260860e-06
2.472732489877671469e-07
4.611074544413895637e-08
1.908535523398313671e-06
9.428283078705135267e-07
1.234555952578375582e-06
7.684403158236818854e-07
1.421826993919239612e-07
1.237257038155803457e-06
3.191817086189985275e-07
3.178939550707582384e-06
1.827973846957320347e-06
8.455377269456221256e-07
1.064198386302450672e-06
4.262332993221207289e-07
2.118428710673470050e-06
4.944187139699351974e-07
8.000164370969287120e-07
1.556200572849775199e-06
7.541348736594954971e-07
4.065166336886250065e-08
1.800470045054680668e-06
9.972343377739889547e-07
4.157176931585127022e-07
3.402346635539288400e-07
2.827656508941345237e-08
3.013240359450719552e-07
8.632609024061821401e-06
9.085366059480293188e-07
1.358267165407767152e-09
6.073694862607226241e-07
1.413248962300883704e-09
0.000000000000000000e+00
1.456285417589242570e-06
7.246803761518094689e-06
3.362057299227672047e-09
1.778400587681971956e-06
2.593526744476548629e-07
4.031564344586513471e-07
3.009371312145958655e-06
7.220875204438925721e-07
1.992378429349628277e-06
1.274538590223528445e-06
6.948752684365899768e-07
4.500745490076951683e-06
1.496038493087326060e-08
1.148776959780661855e-06
1.832726297834597062e-06
7.307319265237310901e-07
2.633900066939531825e-07
5.578901323133322876e-07
7.763396752125117928e-06
1.573647182340209838e-06
1.800780637495336123e-06
1.565127604408189654e-06
5.902270004298770800e-06
4.559056833386421204e-06
1.424282686457445379e-06
2.311735670446068980e-06
1.031570150189509150e-06
2.786017283540331846e-08
5.456767127043349319e-08
2.013942776102339849e-06
2.202682303220626636e-08
2.319317644605689566e-07
5.057701741861819755e-07
2.480512364400055958e-07
7.954945431265514344e-06
8.855325859258300625e-07
1.403358282914268784e-06
6.491733870461757760e-07
7.757075763947796077e-07
3.916992227459559217e-06
1.198959807879873551e-06
2.754883610123215476e-07
3.242600143948948244e-08
1.040658337281286094e-09
3.913837645086459816e-06
0.000000000000000000e+00
1.145386363532452378e-06
6.945132469127202057e-09
1.296779572612649645e-08
5.784555924037704244e-06
5.579298090196971316e-07
8.168813110387418419e-07
4.082924533577170223e-06
6.527869800265762024e-08
2.006400379173101101e-08
0.000000000000000000e+00
4.406119358257853946e-10
1.626655830477830023e-06
1.032407681123004295e-06
5.421167315944330767e-06
4.499312638017727295e-07
6.407627552107442170e-06
3.770844614336965606e-06
1.299396330978197511e-06
7.698986337345559150e-07
7.313518040064082015e-07
2.380248815825325437e-06
1.679110539498651633e-07
5.210753073470186791e-08
5.781287768513720948e-07
6.654411208728561178e-07
1.135791990236612037e-06
6.151375941954029258e-07
1.387197272606499610e-07
9.685304576123598963e-07
4.093091320100938901e-06
1.330160102952504531e-06
3.847695495551306522e-08
2.211426277654027217e-07
5.548720878323365469e-07
2.266733417854993604e-06
1.036013145494507626e-06
1.980430397452437319e-06
1.801953999347460922e-07
2.878406348827411421e-07
1.491413627263682429e-06
1.423859521310077980e-05
6.401575092240818776e-07
1.083095412468537688e-06
8.781141369595957258e-10
3.869826059599290602e-07
1.466338517275289632e-07
1.585246991453459486e-07
2.403442749709938653e-06
6.567701689164096024e-07
4.745829329522166518e-08
8.630047787505645829e-09
1.161368334834378402e-09
0.000000000000000000e+00
8.069905561569612473e-06
1.940752447637805744e-09
1.150493034174360218e-08
5.000291594114969485e-07
1.709597512444815948e-07
3.368378997947729658e-08
4.983379753298322612e-08
3.191407529357093154e-07
1.006113620860560331e-06
1.123029633731675858e-07
1.335289852022469859e-07
4.891771965276348055e-08
1.936196092344744102e-09
7.565549822174943984e-07
5.853860685078871029e-08
5.180662121517798369e-09
4.248252935212804005e-06
1.261440161215432454e-07
0.000000000000000000e+00
2.353354346951164189e-07
1.704518304279645236e-09
3.769357714844545626e-09
8.300431453278633853e-09
6.569202781747662812e-08
2.917238930422172416e-07
5.618082923319889233e-07
5.204571706940441800e-08
4.673403054766822606e-06
3.605463234634953551e-06
1.876987738569368958e-07
4.613154032995225862e-06
3.510257613470457727e-07
5.238780076410876063e-08
0.000000000000000000e+00
1.129718657466582954e-05
5.225006205478166521e-09
2.169516788441683275e-09
3.487227218101907056e-07
1.060530081531396718e-07
2.902266373894235585e-07
1.013725210441407398e-07
1.233633702213410288e-05
3.082253385855437955e-07
1.161740703636837679e-09
3.324616804079028043e-09
2.658432094904128462e-06
3.623149495979305357e-07
5.704002319362189155e-07
5.352203515940345824e-07
1.315144544378199498e-07
9.810239589569391683e-07
2.080397280224133283e-06
3.702519052239949815e-06
3.038655904674669728e-06
6.504036491605802439e-07
1.732554210320813581e-06
1.175417310150805861e-07
5.428379949989903253e-07
2.471038897056132555e-06
1.091983563128451351e-06
3.096961620485672029e-08
4.234312900308623284e-09
3.513486035444657318e-06
4.055301161542956834e-08
3.134971393592422828e-09
4.429331568189809332e-09
0.000000000000000000e+00
4.815869033336639404e-06
3.191723996209816505e-09
5.500124871105072089e-07
1.212501921088460222e-08
1.295754117336400668e-07
6.823199072414354305e-08
1.828919771185155696e-08
0.000000000000000000e+00
6.855552214801718947e-07
5.471886055374852731e-09
8.189022082660812885e-07
2.222509731808486322e-09
3.099582954746438190e-06
3.848964524877374060e-07
0.000000000000000000e+00
2.607023930067953188e-09
9.648027798903058283e-07
1.000512206417170091e-08
2.868130732913698466e-10
5.051567608660434416e-09
4.794784217665437609e-06
4.123821497614699183e-07
0.000000000000000000e+00
0.000000000000000000e+00
2.482524678271147422e-06
1.171998428617371246e-05
1.083368374565907288e-06
4.167052480852362351e-08
0.000000000000000000e+00
2.239846708107506856e-06
9.415336066354029754e-09
1.572114598502594163e-07
2.209190386182058319e-09
2.003295776376035064e-06
1.358972895104670897e-06
2.001261009354493581e-06
4.537330653420212911e-07
6.637073397541826125e-07
1.227403743087052135e-07
1.045984026859514415e-05
4.162185632594628260e-06
1.538817514301626943e-06
2.698823493574309396e-07
7.437426461365248542e-07
1.139321057053166442e-06
4.486702891881577671e-06
2.903312406488112174e-06
6.451655281125567853e-06
7.885400918894447386e-07
1.192391323456831742e-07
4.438946916707209311e-07
1.696075457857659785e-07
2.629311666169087403e-07
2.792178293020697311e-07
6.725233106408268213e-06
2.467037063524912810e-07
7.406597291037542163e-08
9.344415730083710514e-08
3.302187678855261765e-08
1.984473811944553745e-07
2.284000174768152647e-06
2.120013050443958491e-05
3.188085429428610951e-06
2.061055681679135887e-07
8.783638804743532091e-06
2.662213319126749411e-06
1.805472958638087988e-11
9.554871338579573603e-10
7.402408908063762283e-09
4.574374088406329975e-07
2.239620926047791727e-06
3.015352376678492874e-07
4.994845426153915469e-07
3.121911333892057883e-07
2.726267211983213201e-07
3.202340437269413087e-08
2.308144985363469459e-06
1.198040955330270663e-08
2.242293675180917489e-07
1.738977402965247165e-06
1.831720775058442996e-09
0.000000000000000000e+00
7.785859565956343431e-07
1.159111695514525309e-11
9.161452707573403131e-10
0.000000000000000000e+00
1.467228116780461278e-06
3.915530122355903586e-09
5.449737106033580858e-09
1.764680405358376447e-06
1.909749691719753173e-09
0.000000000000000000e+00
0.000000000000000000e+00
6.684808706580724902e-09
1.054597120742073457e-08
1.176539221603434271e-08
2.958989719914484340e-09
0.000000000000000000e+00
4.538230058415138046e-08
2.422823627057368867e-06
5.905823385887742916e-09
2.504159965610597283e-06
7.887757669244876979e-10
1.800237987481523305e-05
1.156469087160161280e-10
1.693147623882396147e-06
5.942908956058090553e-07
9.980507975626551342e-09
6.092197963880607858e-07
2.076021701213903725e-07
1.598073708919400815e-07
1.060378508555004373e-06
4.322902896092273295e-06
2.502357347111683339e-06
6.030154509062413126e-07
7.828029424672422465e-07
6.415253892555483617e-07
1.941093159985030070e-06
8.048932187421087292e-08
1.208574872180179227e-06
1.089571128431998659e-06
1.111089545702270698e-06
1.475916974413848948e-06
1.800567588361445814e-06
2.501598146409378387e-06
4.892609695161809213e-07
1.393039994468381337e-08
6.494818762803333811e-07
2.715068170289214322e-08
2.579241709099733271e-06
1.146507111471350981e-09
3.572694424747169251e-07
8.440601995118868217e-09
2.297045114119100617e-07
6.781900765417958610e-07
8.397792043979279697e-07
0.000000000000000000e+00
2.125734432922854467e-08
9.356989849607089127e-09
3.611839929362758994e-06
1.356800005680725008e-08
2.010220754300462431e-07
1.950926161953248084e-06
4.273481692962377565e-07
7.090406484167033341e-08
2.501623384887352586e-06
4.017431365355150774e-08
2.465693000885949004e-07
1.667524429649347439e-07
7.669859414249913243e-09
4.823388266572692373e-08
1.294181206645816928e-09
1.087929052401293006e-10
3.869616804763609252e-08
1.668779892050054059e-09
6.672981722743998034e-09
3.588980348467885051e-07
5.402891645189811243e-08
1.396955773280694757e-09
6.032081273588119075e-06
8.649234217728007934e-09
5.939953418021559628e-09
3.131826815661042929e-07
1.832834044535047724e-07
1.072209784069855232e-06
3.301457240922900382e-07
1.193968273582868278e-06
3.743475645023863763e-07
6.280450826068317838e-09
3.674234903883188963e-06
6.194895707523073725e-09
1.622273704260379645e-10
3.329245430450100685e-07
4.748589219616405899e-07
3.415082217017584298e-09
4.268361705750400859e-11
1.054106064657389652e-06
8.007073688531818334e-07
8.583621706748090219e-07
4.129944045416777954e-06
2.665888132469262928e-06
6.619253554163151421e-07
1.363250703434459865e-06
2.765204669685772387e-07
1.072788904821209144e-06
5.521517323359148577e-07
1.850240209932962898e-07
6.345029760268516839e-06
9.344420277557219379e-07
1.827313099056482315e-06
2.829553977790055797e-06
4.430813760336604901e-07
1.094997287509613670e-06
1.658772248447348829e-07
1.579479089741653297e-06
2.756990546970428113e-08
8.279411822798010689e-09
1.932703071361174807e-06
1.892426325866836123e-06
6.399444174576274236e-08
6.360191946441773325e-07
3.350903625687351450e-07
7.832616688574489672e-08
6.958355243114056066e-07
9.156860301118285861e-07
2.724175374169135466e-08
1.124128274909708125e-07
8.471857881886535324e-09
9.568086767330896691e-08
4.709544754177841241e-08
2.489893013990496229e-10
6.014700737466682767e-09
1.360978529874046217e-07
8.039567234163769172e-09
2.482295968775360961e-08
1.366697961202589795e-05
2.149022071407102885e-09
3.309542364604567410e-07
8.309505306058895258e-10
2.601868276386198886e-09
6.252707795972867189e-10
3.278574638443387812e-07
1.459326767871971242e-06
2.726728496327268658e-07
1.543307917017955333e-06
3.265229224780341610e-06
6.579012445939724785e-09
1.537355132086304366e-07
1.173713712887547445e-07
4.163474898177810246e-07
2.194343151629141175e-09
7.535627395520438920e-13
0.000000000000000000e+00
7.670940505022372236e-08
2.110214433748147655e-11
3.010803339975609560e-08
1.045217912221119150e-09
3.131607684281334514e-07
2.523836428736103699e-08
4.085362270700443332e-09
5.597159180581456894e-09
2.451984171258914103e-09
0.000000000000000000e+00
7.796416525707172696e-07
2.060290071881354379e-08
3.684353373500925954e-07
8.075724089451341570e-09
3.850018526208032199e-09
5.309685207066650037e-07
4.412537180087383604e-07
2.085831965814577416e-06
0.000000000000000000e+00
0.000000000000000000e+00
0.000000000000000000e+00
8.749153401765852323e-09
9.594067762463964755e-09
1.634843329156865366e-06
5.550627735217972258e-10
1.475559563424155840e-09
3.295664185998248286e-09
2.218892403149652637e-09
0.000000000000000000e+00
9.757510355257181800e-09
0.000000000000000000e+00
9.873983408681397123e-09
9.276596379947932292e-09
2.156100663341931067e-06
1.453801701245538425e-06
2.150241471099434420e-06
2.463245891703991219e-06
1.995059847104130313e-06
1.644971803216321860e-06
7.903284313215408474e-06
2.475111614330671728e-06
1.306006538470683154e-06
1.252304400622961111e-06
1.935992486323812045e-06
7.284659204742638394e-07
1.452984406569157727e-06
2.140013293683296070e-06
2.948638666566694155e-08
1.278730188403187640e-08
8.719181465721703717e-08
6.616877499254769646e-07
2.421336603219970129e-06
9.232585251872649224e-10
4.163638550380710512e-06
8.373706242292833224e-12
2.123263875830616598e-08
2.219649530843526009e-07
9.006711820802593138e-09
8.626626323005037733e-12
0.000000000000000000e+00
4.352572702259749349e-08
6.013499955770384986e-07
2.057269284705398604e-06
0.000000000000000000e+00
1.812058947336936399e-08
0.000000000000000000e+00
2.869541404493247683e-08
4.683225540702551370e-07
1.364560464622854852e-09
2.412696403553127311e-06
0.000000000000000000e+00
2.211326816103920123e-10
7.677533062633301597e-07
2.365862030728749232e-07
1.260666863345250022e-06
3.286832566118391696e-07
6.023217906658828724e-07
1.144879302472645577e-08
2.849021143447316717e-07
4.295343192239897689e-09
1.047696773781581214e-08
1.139931260496496179e-08
2.426096301633151597e-08
4.116824214861480868e-08
2.799456808588729473e-07
3.054380970368697490e-09
8.779092297572788084e-08
2.444476565610642638e-10
5.276251044961099979e-07
4.298745182040875079e-08
9.270515022308245534e-08
3.072055498876125057e-09
8.224463954320526682e-08
7.479837194068750250e-08
0.000000000000000000e+00
2.092995714519929606e-07
8.060676570664782048e-09
6.973045856284443289e-07
9.791978072826168500e-07
1.696212393653695472e-06
2.320263536859101805e-09
0.000000000000000000e+00
2.457308028169791214e-07
6.716628035974281374e-07
4.964733761880779639e-06
8.074730430962517858e-07
2.376166548856417648e-06
1.715083541853346105e-08
7.315748462133342400e-06
2.691391554066058234e-09
5.426610982794954907e-07
9.487382612860528752e-07
8.892211411648531794e-09
1.815389964576752391e-06
4.817906784637671080e-08
0.000000000000000000e+00
7.770513548166491091e-07
2.122836093576552230e-07
1.053580604093440343e-06
2.986800211601803312e-07
1.907909336296143010e-06
1.324503386967990082e-06
1.134269837166357320e-06
7.714232310718216468e-07
7.074213499436154962e-07
6.179027423058869317e-07
3.378323299330077134e-06
2.310434183527831919e-06
1.032815475809911732e-06
1.958129132617614232e-06
5.700979954781359993e-07
2.585710035418742336e-06
6.859728728159097955e-06
2.739259798545390368e-06
3.145560611983455601e-08
1.519634338364994619e-07
2.567344381532166153e-06
5.291425622999668121e-06
1.753971332618675660e-07
6.001041583658661693e-07
4.764841321502899518e-08
1.692783552220689103e-10
1.486752387869216818e-09
1.643228131342766574e-07
3.139877691182846320e-08
4.138846776413629414e-08
7.425721832987619564e-07
8.402873845625435933e-07
7.994737316607825051e-09
3.351989334987592883e-07
8.265313766742110602e-08
6.611228400288382545e-06
2.513346544219530188e-07
3.707275709530222230e-06
0.000000000000000000e+00
1.263805293055808576e-11
7.359336695600404710e-09
0.000000000000000000e+00
8.575589305337416590e-08
3.567784290225972654e-07
2.239685237270805374e-08
1.015471526311095829e-10
3.197893931883299956e-07
2.405115218095943419e-09
5.845345896204889868e-08
8.800288275878642708e-10
4.476561699107151071e-08
7.657376045244745910e-06
4.984442057320848107e-06
0.000000000000000000e+00
2.256564783920111950e-07
0.000000000000000000e+00
1.811977057286640047e-07
4.241943185601115829e-10
3.801513270840217729e-11
0.000000000000000000e+00
0.000000000000000000e+00
1.100026679523580242e-06
8.781391169776497918e-10
0.000000000000000000e+00
9.838240657700225711e-07
4.235780792782861681e-08
2.688030917852302082e-07
3.320567820708220097e-09
2.671679100174628729e-09
8.652768279659994732e-09
9.406579515314206219e-09
2.420697953198214236e-08
1.942656950859600329e-07
7.710953582318325061e-07
4.226241046012546576e-08
6.024282406258407718e-09
2.762541306822186016e-09
2.964657994652952766e-07
5.870742825209163129e-08
1.985251607550253539e-08
2.217110939284339111e-09
2.258539666399883572e-08
2.112049285463157844e-10
3.204514200660923962e-07
3.309472029755511358e-09
0.000000000000000000e+00
4.620157767476484878e-08
2.787906350221192042e-09
2.171083535174034296e-09
5.954277071396063548e-09
2.083943018149625459e-09
8.044694510545014055e-08
4.949100116391491611e-07
9.015113988652956323e-09
4.153255872552108485e-07
0.000000000000000000e+00
2.297525014682832989e-08
4.481164808112225728e-07
0.000000000000000000e+00
0.000000000000000000e+00
0.000000000000000000e+00
0.000000000000000000e+00
0.000000000000000000e+00
7.118079903278839993e-09
1.795708897134318249e-07
0.000000000000000000e+00
6.511172614409588277e-07
2.979363600275064528e-08
1.111960301614089985e-07
2.294677301506453659e-07
0.000000000000000000e+00
0.000000000000000000e+00
0.000000000000000000e+00
1.342201415115151786e-12
2.171246933357906528e-06
0.000000000000000000e+00
2.043892610714692637e-09
2.770144558184028938e-09
0.000000000000000000e+00
0.000000000000000000e+00
0.000000000000000000e+00
2.161168355385711948e-09
5.081801077722047921e-07
0.000000000000000000e+00
0.000000000000000000e+00
0.000000000000000000e+00
5.801302993546642028e-09
2.674767962673740840e-08
3.962131511769939607e-09
1.655382081411360673e-10
1.127270024880999699e-06
3.073689640586962923e-06
1.294993012379563879e-06
7.616861239512218162e-07
2.517771690691006370e-06
4.844436602979840245e-07
2.836566864061751403e-06
2.115481265718699433e-06
3.701442892634076998e-06
5.548394256038591266e-06
1.903256588775548153e-06
5.043601731813396327e-07
1.831229724302829709e-06
6.259650717765907757e-07
1.979320813916274346e-06
7.315174116229172796e-06
2.943328354376717471e-07
1.731987643582844072e-11
8.825143709145777393e-07
0.000000000000000000e+00
2.237320160247691092e-07
5.920614967180881649e-07
2.693272108444944024e-06
6.499692517536459491e-08
8.470718057651538402e-06
2.645581531623975025e-09
1.183983222574624961e-08
2.600958559639821033e-09
6.578234774679003749e-07
3.468850763965747319e-06
4.872603653893747833e-07
1.111141955334460363e-06
2.510144270218006568e-07
7.297212505363859236e-07
3.722689427831937792e-07
3.462426789724304399e-08
6.956524245538275864e-09
3.131830350611153335e-09
9.214624618891775754e-09
3.584869716632965719e-07
5.228495414399958463e-09
4.109802773655246710e-07
0.000000000000000000e+00
5.917683010281393763e-10
2.302268512721639127e-06
6.237058300939679611e-07
2.441407559672370553e-06
4.646561357901646261e-09
1.654137160578272869e-09
4.878446020484261680e-07
6.702359769406029955e-07
2.677917620985681424e-07
4.518714831647230312e-06
1.452602162999028224e-07
3.785596547345448926e-08
1.447520681097103079e-08
4.122941845707828179e-07
3.774570433989765661e-09
7.508106136810965836e-08
9.790504407192202052e-09
1.553570854184727068e-07
2.511360563950404412e-10
2.256557252167112892e-08
6.485882408924226183e-08
5.451523676924807660e-10
1.789848447231179307e-08
7.348501807058482882e-09
6.911994887559558265e-08
4.073549462191294879e-06
6.553156628452683208e-11
1.659920485508337151e-07
4.398640063296710423e-10
8.734410528177249944e-08
8.993064959383900714e-09
7.541055992987821810e-07
4.997726676947422675e-09
2.966954070870997384e-06
4.416905952098204580e-08
8.304268703795969486e-06
0.000000000000000000e+00
5.859234079252928495e-06
4.997686531282852229e-08
6.182454104219914370e-09
5.237402547209057957e-07
3.154796786475344561e-06
7.417851861646340694e-07
5.228368422649509739e-07
6.944994197510823142e-07
1.739278445711534005e-06
3.269998387622763403e-07
4.982995960745029151e-06
3.027118964382680133e-07
4.285181603336241096e-06
4.156762827278726036e-07
1.287278905692801345e-06
2.620066425151890144e-06
4.692285529017681256e-07
5.022941877541597933e-06
7.735799556485289941e-08
1.318073941547481809e-06
3.584518253774149343e-06
4.997752967028645799e-07
7.448761607520282269e-07
3.294455837021814659e-06
1.146752197200839873e-06
4.133532343075785320e-07
7.679893343492949498e-08
1.244515033249626867e-07
8.631527066427224781e-07
7.910890076345822308e-08
6.016978915113213588e-08
8.258309591724355414e-09
8.574912726544425823e-07
1.717235704745689873e-07
4.759896228279103525e-07
9.992614877774030901e-07
3.990454899849282810e-08
1.448998574460347299e-07
1.765204444836854236e-07
1.486163991870625978e-08
8.790133847469405737e-07
1.337078060714702588e-06
4.944739284695742754e-09
2.134121359631535597e-06
0.000000000000000000e+00
1.592488096946453879e-08
1.110063294618157670e-07
4.747143520944518968e-06
1.114247254463407444e-07
1.167138030666592385e-08
1.769369077919691335e-07
1.738924169103484019e-07
6.351315278152469546e-07
3.761392008527764119e-06
5.401480152045223804e-08
0.000000000000000000e+00
1.015965533923690600e-08
9.558309557178290561e-07
2.665365705922795314e-09
0.000000000000000000e+00
5.676695735701287049e-08
1.080223864846630022e-05
1.152462925091413126e-08
1.659744413018415798e-07
6.678507816104684025e-06
0.000000000000000000e+00
0.000000000000000000e+00
0.000000000000000000e+00
7.176853245027814410e-08
3.843612432774534682e-07
0.000000000000000000e+00
3.013453664379994734e-08
0.000000000000000000e+00
1.060503462824158305e-09
4.857866997554083355e-09
2.095950549119152129e-06
1.486574660702899564e-06
7.185460670910970293e-09
1.660760418076279166e-08
1.241073133151360253e-09
2.283766065147574409e-07
5.439108008431503549e-07
8.105417350634525064e-07
1.091750405635139032e-07
2.800113252376945638e-09
7.533860468811326427e-08
2.909004592765995767e-07
1.004426316425499621e-11
2.678347925666457741e-07
5.084586085501996422e-09
1.003276128841434911e-08
4.390017807054391596e-07
9.962747753888834268e-06
1.109089225792558864e-06
3.002786996830764110e-08
0.000000000000000000e+00
4.016417864960430961e-09
0.000000000000000000e+00
0.000000000000000000e+00
2.954779745323321549e-07
2.573818269624439381e-09
2.721581040532328188e-07
1.378800931206569658e-07
7.950594635985908099e-07
6.073857528043902221e-10
0.000000000000000000e+00
0.000000000000000000e+00
0.000000000000000000e+00
0.000000000000000000e+00
0.000000000000000000e+00
4.430206388406077167e-07
8.437619491985515197e-09
1.866511183834518306e-06
1.375514557366841473e-06
1.135941261054540519e-06
1.621949934360600309e-07
6.491028443633695133e-07
2.716933977353619412e-06
5.945079919911222532e-06
3.113639877483365126e-06
5.615074201159586664e-07
2.038601905951509252e-06
2.255455228805658408e-06
5.726459221477853134e-06
6.338367484204354696e-07
1.156859298134804703e-06
1.106140871343086474e-06
1.762260382065505837e-07
2.041367224592249840e-06
1.199033761167811463e-07
1.223198324851182406e-07
3.439283204897947144e-07
1.006794914104602867e-08
7.499605203520331997e-07
3.542063211625645636e-07
6.623956938511810222e-10
5.864854415449372027e-07
6.151391573894215981e-08
1.492342818210090627e-07
4.561860578178311698e-08
0.000000000000000000e+00
1.153423667688002752e-07
1.668785643005321617e-08
7.394286853923404124e-07
5.766103186033433303e-07
2.317627149750478566e-06
5.707327499493430878e-09
3.816361186181893572e-06
6.627113857682331854e-10
1.492864498686685693e-09
1.228718349288726586e-09
1.386376737855243846e-07
5.940231861956135617e-09
0.000000000000000000e+00
2.359286554565187544e-06
6.467395905929151922e-06
0.000000000000000000e+00
4.537592079856267446e-09
1.935520022250739047e-13
0.000000000000000000e+00
7.065372287229365611e-09
1.952710659836043305e-09
6.434655475118233880e-09
4.006419196400656801e-09
4.634404415782000797e-09
3.463894504562858856e-09
6.508008798533637673e-09
4.415758425579952018e-09
2.282929926877841353e-06
3.001175046327131390e-12
4.177928531134966761e-06
2.201122271117128548e-07
2.318135727819026215e-08
1.722529390235649771e-07
1.045982074288076547e-07
1.155040596501066830e-08
2.503403884190902318e-08
1.541574476959794993e-07
4.569604783455361030e-08
4.625882183972862549e-07
5.692288596037542447e-07
1.775190753505739849e-06
1.988801834329478879e-08
6.525946005808691552e-09
1.024432890517346095e-06
2.182350300472535309e-08
3.549018856574548408e-07
1.323926568375100032e-08
7.150675429556940799e-08
0.000000000000000000e+00
1.911616180905184592e-07
3.450819576755748130e-07
1.437460289688274884e-10
2.550866362582837610e-08
0.000000000000000000e+00
0.000000000000000000e+00
7.592070083717317175e-09
4.051344329458750337e-11
1.199580018651502655e-10
2.437392865317633550e-08
1.412515548970816326e-09
8.018379737961822684e-09
0.000000000000000000e+00
0.000000000000000000e+00
0.000000000000000000e+00
0.000000000000000000e+00
4.254759600197388636e-10
3.615359789321814787e-09
1.483719870520872064e-06
7.270341217946452161e-09
0.000000000000000000e+00
0.000000000000000000e+00
0.000000000000000000e+00
2.719021949815214612e-06
2.048259825637721576e-11
4.780210893784442305e-09
0.000000000000000000e+00
0.000000000000000000e+00
0.000000000000000000e+00
0.000000000000000000e+00
0.000000000000000000e+00
0.000000000000000000e+00
1.530048194808841799e-07
0.000000000000000000e+00
0.000000000000000000e+00
0.000000000000000000e+00
6.976910715827955300e-10
2.929483988722836330e-09
1.934215632104496763e-08
6.986675682441045865e-09
9.313871451865907147e-09
0.000000000000000000e+00
3.630161245382623747e-06
9.487335361768600706e-10
6.005174668644031044e-07
0.000000000000000000e+00
3.729531405927133392e-10
0.000000000000000000e+00
5.484615712703089230e-07
0.000000000000000000e+00
0.000000000000000000e+00
0.000000000000000000e+00
9.329986596640083008e-07
1.427153961230942514e-06
5.885787231818540022e-06
2.032256588790914975e-06
4.569795919451280497e-07
1.453451091038004961e-06
6.569572178705129772e-06
1.855256982707942370e-06
7.555607908216188662e-07
2.005507724334165687e-07
1.259164434941340005e-07
8.850104649127388257e-08
1.821730165829649195e-06
1.056300675372767728e-06
1.496572167525300756e-06
9.049138611771923024e-07
2.205462351412279531e-06
8.773843660492275376e-07
7.505064445467723999e-07
2.226218384748790413e-06
4.667544999392703176e-07
4.735878178507846314e-07
1.114165684157342184e-06
7.724882777893071761e-08
4.119188545814722602e-08
1.524808794783893973e-06
7.899810725575662218e-07
1.473780173455452314e-07
5.461626706448896584e-09
1.000862859257267701e-08
7.190398321199609200e-08
5.254165102996921632e-09
7.399854666800820269e-07
3.884356374328490347e-07
4.373902129373163916e-09
4.576299488689983264e-06
4.017614173790207133e-06
4.350312963197211502e-07
5.420393449639959726e-07
8.206927759601967409e-08
4.063498408868326806e-07
9.122442747866443824e-07
8.488793810101924464e-07
2.164898234013890033e-07
3.559420918008981971e-07
1.748357791875321254e-09
9.155613156508479733e-09
5.190821411815704778e-06
0.000000000000000000e+00
2.623306727400631644e-08
8.682256407155364286e-07
1.091412755727105832e-07
7.001066393286237144e-11
1.926564664245233871e-06
6.229336690921627451e-07
7.637408927507749468e-09
2.300324375426043844e-08
4.594879598335266380e-12
2.089869832744284395e-09
3.270680670741654694e-10
6.924564921462206257e-09
1.532011566496294108e-07
2.165021669497946277e-06
1.483923483647231478e-06
3.799978912866208702e-06
3.520559177516702221e-09
3.032216699949685790e-09
9.709204995544951089e-09
1.361240492769866250e-06
7.935502139844174962e-07
6.448340883480341290e-08
1.088120370695833117e-06
9.616243801247037482e-08
1.943586767083615996e-07
5.821040538478428061e-09
6.661892257397994399e-06
5.263778390940387908e-08
1.215942546650694567e-08
2.097576953019597568e-06
0.000000000000000000e+00
3.563685311291919788e-07
1.606972261924966006e-07
7.534858355029427912e-07
1.962254827958531678e-06
2.950989028249750845e-06
3.060645894947811030e-06
1.859521944425068796e-06
1.402859311383508611e-06
6.685450557597505394e-07
1.608995603419316467e-06
1.961572479558526538e-06
1.070855901730283222e-07
2.007160219363868237e-06
2.215613676526118070e-05
1.692828732302587014e-06
1.297293692914536223e-06
1.246319925485295244e-06
1.293339323638065252e-06
6.342377673718146980e-06
6.123931143520167097e-06
4.018660035853827139e-07
3.574956330965051166e-09
2.337401383556425571e-06
5.493030030834233912e-09
8.514728619957168121e-07
3.479956660612515407e-07
1.650883746151521336e-06
4.977713885523371573e-08
9.433545500314721721e-08
1.061332341123488732e-06
5.792707611362857278e-07
1.022691913793449814e-11
4.897570793360728203e-09
9.207097306784817192e-09
0.000000000000000000e+00
6.082952364039329041e-09
6.128924923132217373e-08
1.477004047956143040e-06
2.595588632914314076e-09
3.166341633331626326e-09
1.478589979342359584e-06
7.132808121923517319e-08
4.129286992338165874e-07
1.803232940744692314e-08
1.835195662103217273e-09
4.314199220090131348e-09
6.361220130202127621e-06
8.383294414215924917e-08
6.431038457321847090e-08
4.471838010999817925e-09
7.852736416680272669e-08
2.913979642471531406e-06
2.939258365586283617e-07
0.000000000000000000e+00
3.737338494236297493e-10
6.202052560411175364e-08
8.928982886402536678e-09
1.267041493946408082e-08
0.000000000000000000e+00
1.178634168041980956e-08
8.204837649827823043e-05
5.195518497203011066e-06
2.720155407587299123e-06
6.465373644459759817e-06
1.058427756106539164e-06
2.995797785843024030e-06
3.717453637364087626e-06
2.271010316690080799e-06
6.017482405695773195e-07
7.031992936390452087e-06
2.063337433355627581e-06
3.419419272177037783e-07
6.284320193117309827e-07
2.552033720348845236e-06
2.448920895403716713e-06
3.290955191914690658e-06
6.218451744643971324e-07
3.525592262576537905e-07
1.167484356301429216e-06
1.277916226172237657e-06
3.576864401111379266e-06
2.544721382946590893e-06
1.648984607527381741e-06
6.900859261804725975e-06
9.101491400542727206e-07
9.077613754016056191e-07
7.848684049349685665e-07
5.062837544755893759e-07
4.232393280290125404e-08
2.191007695273583522e-07
2.143432453749483102e-07
4.809371603187173605e-07
2.608398972370196134e-07
1.154583451068447175e-08
2.151592042309857788e-07
4.158937194631562306e-09
1.699756921880180016e-07
4.953971455279315705e-09
1.547158944958937354e-06
7.841126858920688392e-09
1.738771686632389901e-07
3.060017206735210493e-06
1.579348349878273439e-07
2.780189561235602014e-06
4.796443064947197854e-08
1.421689006519955001e-07
1.110097855416825041e-06
9.279418833330055350e-08
1.066514755621028598e-06
1.650575285339073162e-07
7.018513770162826404e-09
4.848195089834916871e-07
3.320642205650869982e-09
1.245276877170908847e-07
1.462187437795137157e-08
2.255898579051063280e-07
3.216977574993507005e-06
4.815401553059928119e-07
6.791696591790241655e-07
1.624757106633012427e-09
7.253930789374862798e-09
7.621315134542783198e-09
2.532954823664113064e-08
6.745482750147857587e-08
9.710817927555126516e-09
7.637000862814602442e-07
2.330380055592939925e-10
1.601028287723238464e-08
1.868620369549489624e-09
7.089950404548517326e-09
4.670215730584459379e-06
1.392953095091797877e-07
1.215918388197678723e-07
4.788800652022473514e-06
7.125427714527177159e-08
3.137200224045955110e-07
8.560254727285609988e-10
2.782431351988634560e-08
6.944915185158606619e-07
1.292950746467624867e-09
9.087328862733556889e-07
4.057006108837413194e-08
8.518190242057244177e-08
2.903233962570084259e-06
1.678198580101764037e-09
1.039358039633953013e-06
3.322615157230757177e-06
1.098569697433049441e-07
9.479529161637856305e-09
9.145063586402102374e-07
3.810053840425098315e-06
2.572717903603916056e-06
4.541289399639936164e-06
2.452883336445665918e-06
1.413916152159799822e-06
9.707066510600270703e-07
8.818967103252361994e-07
1.247677346327691339e-06
2.258549347544658303e-09
1.654306061027455144e-06
1.716987974020867114e-08
2.516350605219486170e-06
4.066385770329361549e-07
4.012902081740321591e-06
1.051903268489695620e-06
4.025524958706228063e-06
3.856164767057634890e-06
1.304059765061538201e-06
1.353659513370075729e-06
8.346464710484724492e-07
3.771404863073257729e-06
5.376297394832363352e-06
2.407354941169614904e-06
8.887435853921488160e-08
4.356462852683762321e-07
1.542026893730508164e-06
3.229700041629257612e-06
8.411666385654825717e-08
0.000000000000000000e+00
5.059789032202388626e-09
1.010550204227911308e-05
1.003336547000799328e-05
4.174425498604250606e-07
4.905634227725386154e-07
4.922853236166702118e-07
8.648419758117142919e-09
2.049407896720367717e-07
2.189111455663805827e-06
0.000000000000000000e+00
5.703030936388131522e-08
0.000000000000000000e+00
0.000000000000000000e+00
1.959542714757844806e-06
6.420015186137106866e-09
8.589092104216433654e-09
0.000000000000000000e+00
2.096094675607673707e-07
4.237253961036913097e-07
1.058512779650300217e-07
0.000000000000000000e+00
3.073133427733409917e-07
8.200256584878218291e-10
1.397549311832335661e-07
4.435311495853966335e-07
2.606935112225983175e-09
5.262992264221111327e-09
2.111057995080045657e-09
2.313878582071993151e-07
1.493553440923278686e-06
0.000000000000000000e+00
0.000000000000000000e+00
3.906622794147551758e-07
0.000000000000000000e+00
0.000000000000000000e+00
0.000000000000000000e+00
3.524514113451004960e-06
0.000000000000000000e+00
0.000000000000000000e+00
5.049494156139644474e-10
0.000000000000000000e+00
0.000000000000000000e+00
0.000000000000000000e+00
1.262927651346501534e-09
1.558507554781651816e-12
0.000000000000000000e+00
0.000000000000000000e+00
1.651972070249030367e-06
2.176836005673976615e-06
5.055891051597427577e-06
1.120042998081771657e-05
4.816863111045677215e-06
2.665252168299048208e-06
1.805114266062446404e-06
7.326782451855251566e-06
8.492481356370262802e-06
7.707161785219796002e-06
1.837598347265156917e-06
5.822830217994123814e-09
8.425520725552360091e-09
1.168958192465652246e-06
1.865929516497999430e-05
2.101502786899800412e-06
1.913816838339243986e-08
2.386318920244434594e-09
1.831543613661779091e-06
2.282682345366993104e-07
6.008529229717396447e-09
1.460801104258280247e-05
8.215849112147566302e-10
3.006515726156067103e-06
1.804283722428579040e-09
1.885500866549705279e-09
8.381514362554298714e-07
1.761157363944221288e-06
0.000000000000000000e+00
3.580082079679414164e-07
5.209240498516010121e-06
