1.043592146743321791e-05
6.803316864534281194e-06
2.252615786346723326e-06
1.635359922147472389e-06
2.424236527076573111e-06
4.697038548329146579e-06
1.395641561430238653e-06
4.134725006821327042e-09
3.365463726368034258e-06
1.093460184620198561e-07
7.047317922115325928e-06
8.832581443130038679e-06
3.010560067195910960e-05
2.357175799261312932e-05
5.456471171783050522e-06
5.705560965907352511e-07
9.700283044367097318e-06
5.955221695330692455e-06
2.761988504573764658e-08
1.731311022012960166e-05
1.360289297736017033e-05
7.709933015576098114e-06
3.387046263014781289e-06
2.233073473689728417e-06
5.705288003809982911e-06
4.715446877412432514e-08
1.178311705984924629e-07
1.180422781743573069e-08
1.366390392831817735e-06
8.678520657667831983e-08
2.329124527022941038e-06
7.655634703951363917e-07
3.439809734118171036e-05
1.559236079629044980e-05
3.695359055200242437e-06
2.490463202775572427e-06
1.123006950365379453e-05
7.666176138343416824e-09
1.537291723252565134e-06
7.553702516815974377e-07
3.001981212946702726e-06
3.556396279691398377e-07
2.673620201676385477e-06
9.238286224899638910e-08
5.477106697071576491e-07
3.094658723057364114e-06
1.996336322918068618e-06
1.053397227224195376e-05
1.943549099436836514e-09
6.361256055242847651e-06
4.908726509711414110e-07
2.939112391686649062e-06
1.599858478584792465e-05
1.916753262776182964e-06
9.640047210268676281e-06
8.398867976211477071e-06
1.491367243033892009e-06
3.142532278843646054e-08
5.983525142028156552e-08
1.164540117315482348e-05
3.256892114222864620e-06
4.841703230340499431e-06
3.239560783185879700e-06
5.635798061121022329e-06
1.783205107130925171e-06
2.402909558441024274e-06
5.216887984715867788e-06
4.194002030999399722e-06
1.038557729771127924e-05
3.091038934144307859e-06
5.272293037705821916e-06
4.573554868159135367e-09
4.013526904600439593e-06
7.212720447569154203e-06
8.022688234632369131e-06
2.597808133941725828e-06
1.340007111139129847e-05
1.803504346753470600e-06
3.261583970015635714e-06
3.931617982289026259e-07
1.024311302444402827e-07
1.084232917492045090e-05
2.525790705476538278e-06
3.703653646880411543e-06
3.080180931647191755e-06
8.015867933863773942e-06
4.766101028508273885e-06
7.907158874331798870e-07
2.563296675361925736e-06
5.562204023590311408e-06
5.682024379893846344e-07
2.718634917187046085e-08
4.150394374846655410e-07
1.053908908943412825e-05
7.508010185119928792e-06
1.338706510978227016e-06
1.735419573378749192e-06
9.175701620733889285e-07
6.430686880776192993e-06
6.588292308151721954e-06
3.418553887968300842e-06
3.647927769634407014e-06
3.606321797633427195e-06
5.102279374114004895e-06
3.925157670892076567e-06
2.502068582543870434e-06
1.400094447490118910e-06
1.491192847424827050e-06
1.450252273826890814e-08
3.918053437246271642e-09
6.414873493509887226e-11
5.786570111965261276e-10
6.035425599293375853e-07
1.066698018803435843e-08
1.226641870744060725e-06
8.879396773409098387e-09
2.166911095002888032e-08
4.450775179520860547e-07
4.347851412234149393e-09
4.239401718564295152e-08
4.549646881457647396e-09
1.144960970123065636e-05
8.420303174716536887e-07
2.539811028157146211e-09
2.424067879758240451e-08
3.139317428235699481e-08
1.728498055797444977e-08
1.286121520394090112e-08
2.824768671416677535e-06
2.881473665183875710e-05
2.940249714811216109e-06
7.821455255907494575e-06
5.398287612479180098e-06
1.113485481596399040e-08
2.614675764789353707e-08
9.494674486631993204e-07
5.245768193162803072e-07
2.233035161225416232e-07
8.131594597671210067e-08
2.356720898433195543e-07
1.822936724238388706e-06
8.698309628130118654e-09
5.090698351750688744e-08
6.540265985677251592e-06
2.761619907687418163e-05
2.599871429254108079e-08
2.457410097633783153e-08
3.223170619293114214e-09
2.980322051371331327e-06
1.081389999768589405e-08
9.016956141749687959e-07
6.794380738028849009e-07
6.607707092598502641e-08
2.288991964860542794e-07
2.303150203886161762e-08
4.244186300184082938e-07
6.394128604370052926e-08
3.405448012472334085e-08
1.362838508711661234e-09
4.978794709842304655e-09
3.023396402568323538e-06
3.198485501343384385e-06
2.807891474887469485e-09
4.011174947748941122e-09
3.138610482622539166e-09
7.889950666140066460e-07
1.210023674502735958e-05
2.028315151392234839e-07
2.971410367536009289e-06
8.767781167762223049e-08
1.630329848012479488e-06
1.700082862043927889e-06
6.898692106460657669e-08
2.328756636416073889e-06
1.058584828683706291e-07
1.708741706352157053e-06
2.088073181027993996e-08
4.603874970143806422e-08
3.989795914094429463e-06
2.881464524762122892e-06
4.985292623160830772e-09
1.004882133059936677e-08
3.073417353949281505e-10
2.676118526778736850e-08
0.000000000000000000e+00
8.072967148109455593e-07
4.456854640011442825e-06
9.020506119838955783e-09
3.412513605027811536e-09
4.576006684686717563e-09
7.190854578453809154e-09
4.046847479344251042e-08
0.000000000000000000e+00
2.060401584458304569e-06
1.160953022605326623e-08
3.608328427162632579e-07
6.096371407693368383e-09
2.305880116182379425e-06
6.575319178026006739e-10
2.058322479570051655e-06
7.581127192679559812e-07
0.000000000000000000e+00
1.507445858806022443e-06
2.018262875935761258e-06
2.126648155353905167e-07
4.592451659846119583e-06
2.226376409453223459e-06
2.233205620427725080e-08
3.187017227901378646e-06
1.185910605272511020e-06
1.079382514035387430e-06
1.571485483964352170e-07
2.869844308861502213e-07
4.609050847648177296e-06
4.245059859186994800e-09
2.535760934563313640e-08
1.031362639736244091e-08
1.006299754635620047e-07
1.214004341498764461e-09
8.271539897464208480e-09
5.737788466575466373e-09
9.787659571713902551e-10
2.310314428655146912e-08
1.362660987069830298e-05
0.000000000000000000e+00
2.906432960969596024e-08
6.384990456353989430e-07
1.358186807465244783e-08
1.560848339465792378e-08
1.017218551169207785e-06
6.936923568900965620e-07
3.092118117109521336e-09
9.463488822802901268e-06
2.036291579798898965e-09
4.673263731547194766e-08
2.763997919430494221e-08
1.539297841191000771e-06
1.832107088262091565e-08
2.267118816234869882e-06
8.655040346638998017e-07
1.787442371892211668e-08
4.515723972531304753e-08
2.136546495279390001e-10
7.699756943146951471e-10
1.862949545738956658e-07
1.917201871037832461e-06
3.860750894091324881e-06
4.248010299079396646e-08
7.073593906170572154e-07
3.553531371380813653e-07
1.109277825150911667e-08
5.072239446235471405e-07
1.401106374032679014e-06
6.079091718902418506e-08
2.523355213668310171e-08
5.914047960686730221e-06
2.191752113134270985e-09
1.150654952652985230e-06
5.845275154570117593e-06
1.015431081441420247e-07
2.362129158939296758e-09
8.219293476940947585e-07
7.465876024070894346e-07
2.649730568293762190e-08
9.719243507788632996e-07
1.093989454581389964e-09
1.380701519337890204e-06
2.082829198002400517e-08
1.693952644821195008e-09
7.139677293821478088e-09
5.535958358393600065e-09
1.598789367562858388e-08
4.600130498744192664e-09
2.516414632225405512e-08
1.560405316070045956e-08
2.064926007960821153e-09
8.333344569955158931e-10
3.468385102678439580e-06
1.364723448205040768e-05
1.362319235198583556e-08
9.324818694977921041e-10
1.524302128963483938e-09
1.563256368797283358e-08
5.281759918318584823e-09
4.108181599349336466e-07
1.423252093957216857e-08
2.366786929997033440e-06
2.478886074186448241e-07
8.199750709536601789e-07
3.928125380525671062e-08
3.643235046979498293e-08
2.580895170467556454e-06
1.514281251502325176e-07
1.583129915161407553e-06
7.398372758871119004e-08
5.914056941946910229e-07
2.696564820325875189e-07
9.522288735297479434e-08
4.433304834350337842e-09
1.702198204611704568e-07
3.329958246922615217e-07
2.314735638719866984e-07
5.377567191544585512e-08
3.242804041292401962e-06
3.178819707461144617e-10
8.519635691373039776e-11
4.601723503583343700e-06
0.000000000000000000e+00
0.000000000000000000e+00
6.492042103900530492e-08
1.803092146701601450e-07
0.000000000000000000e+00
5.792920774183585308e-07
4.587687452151101297e-10
2.424611800222464808e-08
0.000000000000000000e+00
3.995203279316683620e-09
9.634284481307986425e-08
1.807506123441271484e-06
2.054129533135551355e-09
9.317022175991951372e-08
1.295456257821570034e-07
9.079410112633468088e-09
1.314522046769184271e-09
4.745140245177026372e-07
4.738927916747570634e-09
1.741391586485008247e-09
9.057710137483354629e-09
3.408723898701282451e-07
1.512503331468906254e-06
3.771925882745108538e-09
1.078746869609403802e-08
5.762586624769028276e-06
1.102894442439605882e-09
8.599146212873165496e-07
4.729995839447553863e-10
4.636206654140551109e-07
8.322086273437889758e-07
2.769712903472054677e-09
1.053641085491108242e-08
3.454489387877401896e-07
5.961857119096691804e-10
3.268833026481843262e-08
2.456768122272023902e-10
4.324065230321139097e-07
1.720070197386291966e-09
2.318672159162815660e-06
8.707480105840659235e-07
1.876894543784146663e-06
1.445586121917585842e-06
1.287230361413094215e-06
1.912677660698136606e-08
1.412426975377911731e-08
2.637279294503969140e-06
6.428473398045753129e-07
8.900263281930165249e-08
0.000000000000000000e+00
8.379539839786787070e-10
6.648694466093729716e-07
1.396897486571901936e-09
1.107922116716508754e-06
0.000000000000000000e+00
1.864998893097435939e-07
9.831522902459255420e-07
6.621376513749055448e-08
0.000000000000000000e+00
1.205023295369755942e-06
7.583903283148174523e-09
1.620537815050226982e-09
4.490839273785240948e-07
5.630350642604753375e-06
1.484724343470134045e-08
1.416483712546323659e-07
8.556362729450484039e-08
2.774604546118553117e-09
0.000000000000000000e+00
5.971631189538584294e-09
3.184307786341378232e-07
4.613943449527369012e-09
1.583584285924644064e-08
1.146677336416601634e-10
5.299453960105893202e-07
1.150333162058814196e-07
1.109260328036043575e-08
2.935508746304549277e-06
4.932755928166443482e-07
9.852260118847766535e-10
0.000000000000000000e+00
1.249518405410654509e-10
1.368102298116014026e-09
4.683342158529057997e-09
1.149173385783797130e-06
6.054695411705779406e-09
2.960608753710403107e-06
1.504573356214677915e-05
1.434037244507635478e-06
2.867551884833119402e-08
3.366143346283934079e-06
2.863448367307341869e-10
9.101655962240329245e-08
2.415632138763612602e-08
4.964036404153659987e-10
3.853291019595417310e-09
9.873235562452009617e-09
3.422490024718172208e-08
4.258270394075225340e-07
5.737706487707328051e-07
2.636553553259091132e-08
5.449935542856110260e-06
3.101755297052477545e-08
2.943718072856427170e-06
5.361791409086436033e-06
1.870161270289827371e-07
1.507833076175302267e-06
6.053264314687112346e-06
8.382956551145070989e-09
3.412792537460518361e-08
1.761279455614328526e-09
4.724825885205063969e-06
8.410765417465881910e-09
1.253952888191633974e-07
1.625313750253098988e-08
1.955477955561946146e-06
3.882738838001387194e-06
1.928212668644846417e-06
3.578304585971636698e-07
1.777890390464165193e-09
1.025526508158236538e-08
3.167400279835419497e-07
9.618745799855332734e-09
2.873446480755603716e-10
9.377037457625192474e-08
5.900005248804518487e-07
1.606551109034626279e-06
7.551158205387764610e-07
0.000000000000000000e+00
1.412862982164142522e-08
2.052285452691648970e-09
1.927915826982484759e-09
9.930981548222916899e-08
1.017984118334425148e-06
7.643095045750669669e-08
6.500968652289884631e-07
1.126194774769828655e-06
4.934141543344594538e-06
2.270004451077056729e-08
4.567804410271492088e-07
3.285358616267330945e-06
1.519890047152472334e-10
4.656938585867465008e-07
5.654195689430707716e-08
1.670006910536869782e-09
1.783469194549525128e-08
7.235192445165239405e-09
1.325410607933008578e-07
1.487709084813104710e-07
0.000000000000000000e+00
2.474492555304408370e-10
0.000000000000000000e+00
0.000000000000000000e+00
0.000000000000000000e+00
0.000000000000000000e+00
4.561924449308918383e-11
2.189213319070404395e-06
1.360917281090223696e-07
3.225032742193434387e-06
0.000000000000000000e+00
0.000000000000000000e+00
2.864871007091096544e-09
4.334082746026979294e-07
0.000000000000000000e+00
6.399903940135232006e-10
3.235536212287115632e-07
5.334442665372307602e-09
9.907338949233235326e-09
7.528115020249970257e-09
5.891803880331281107e-07
2.563774614827707410e-06
1.591203435680199618e-08
3.987096519608712697e-08
0.000000000000000000e+00
9.170420156578984461e-08
3.171467710672004614e-07
0.000000000000000000e+00
6.633229787667005439e-08
8.411583651835030651e-10
1.219468082069852244e-08
1.087902434804277618e-09
5.639252620426304929e-09
6.244099903796040962e-09
0.000000000000000000e+00
0.000000000000000000e+00
1.122196593428270717e-07
0.000000000000000000e+00
1.220254603140347172e-06
1.706325406303221826e-06
2.438076762700802647e-08
2.802626797304696993e-09
1.012554434964840766e-06
1.229553903137059478e-09
1.083632206189122371e-08
8.927661838242784142e-06
3.966360054619144648e-06
8.991010247427766444e-08
2.005449317721286207e-08
4.644646445228772791e-09
5.232652533493364899e-09
3.787065949723000813e-08
1.202713706405234007e-09
1.092122374757309444e-06
3.361518793099094182e-06
7.554909586815483635e-09
2.182347316193045117e-07
1.402807811246020719e-06
4.473842096786029288e-08
5.926231665398518089e-07
9.319596205870084304e-10
3.392668077140115201e-06
2.338972926452242973e-08
1.637812715671316255e-06
4.495300061080342857e-07
9.918013077481191431e-09
2.613375649218596664e-08
2.160071055357093428e-08
4.595279712305000430e-09
7.048915673379951841e-09
6.084571396058890969e-06
1.470761390010011382e-06
1.061296330817640410e-07
7.420582051054225303e-07
5.973489010102639440e-07
5.477297690958948806e-06
2.537703380767197814e-07
3.440606022309111722e-08
4.713723100735478511e-08
4.693227765528718010e-06
2.923622162143146852e-07
1.367502378002427577e-08
9.378931054015993141e-07
9.833191150221409771e-09
1.051992057909956202e-07
2.002061165740087745e-07
3.737039548923348775e-07
6.730861978887503483e-10
7.478544148398214020e-07
3.151376759547019901e-08
8.396366979468439240e-08
2.403544613116537221e-06
0.000000000000000000e+00
3.031735218428366352e-08
0.000000000000000000e+00
0.000000000000000000e+00
2.258756381934290403e-07
0.000000000000000000e+00
1.939477414225621033e-07
6.721845857704522587e-10
9.995544587582116947e-07
1.284923900612966463e-08
8.106398219354105095e-09
8.984932936551004445e-11
3.051506780593626900e-08
8.272094760286563542e-07
2.461027825972905703e-09
1.757044509886895867e-09
2.779561043553258060e-07
6.021683418566681212e-08
0.000000000000000000e+00
3.500064238437516906e-08
2.345797838643193245e-06
3.525469471910014363e-09
1.727267329165727006e-09
9.078787166494350913e-10
5.660313036059960723e-07
4.784600378116010688e-07
3.187448555763694458e-06
3.328355205667321570e-06
0.000000000000000000e+00
0.000000000000000000e+00
0.000000000000000000e+00
1.403396026944392361e-06
4.648899931680716691e-08
6.374928362973264484e-10
1.577815378350777564e-10
9.103011677780159516e-09
3.979182139346448821e-08
8.837277576390079048e-09
1.010969026538077742e-05
7.176583216583765079e-10
1.284186055272584781e-06
8.088480285550758708e-08
3.162392658850876614e-06
1.367915780647877000e-10
1.091270519282261375e-06
5.307220362738007680e-06
2.615418326357143997e-09
9.464876882248063339e-09
5.889384979695932998e-09
2.428600076598286250e-08
3.525393026393430773e-07
5.455174800772510935e-07
3.782382236749981530e-06
0.000000000000000000e+00
5.727754341933177784e-07
4.363410880614537746e-06
1.934956571858492680e-06
2.212856031746923691e-07
4.484237337010199553e-08
1.148428574460069740e-09
7.394307317554194015e-07
2.006996790981929735e-09
1.474898141395897255e-07
3.357019995320342787e-09
9.038688020268637047e-09
1.204271597998740617e-06
3.843422291538445279e-08
4.429439286468550563e-07
1.368922255551296985e-07
3.197209608174489404e-08
6.433603871869308932e-09
5.456177404994377866e-06
2.457526534271892160e-06
3.628158395940772607e-08
5.091219890118736657e-09
2.943189429061021656e-06
9.548260777592076920e-07
6.112877599662169814e-07
1.235087438544724137e-06
0.000000000000000000e+00
1.067237340168780690e-10
3.135905330964305904e-07
3.700348543134168722e-07
7.833987183403223753e-07
3.762623279612853366e-08
1.100202684511941698e-08
1.936093894983059727e-06
1.042012556240479171e-07
1.253926407152050615e-10
1.102589237689244328e-07
1.650313045942208845e-11
8.959177932865713956e-08
5.114046075505029876e-09
1.559493512104381807e-06
9.813837209549092222e-08
3.842416390398284420e-06
0.000000000000000000e+00
3.027383677078887558e-09
3.560386474532606371e-08
2.864848269723552221e-08
2.340966531733101874e-09
7.231785730255069211e-07
5.772637479140030337e-08
4.541504949884256348e-09
4.400297015649812238e-08
1.022190758703800384e-07
3.456464003903647608e-09
5.644599241350078955e-07
0.000000000000000000e+00
3.253669831337901996e-07
8.533226569795715477e-09
2.823759075454290723e-07
5.739178021713087219e-10
7.942440447550325189e-07
0.000000000000000000e+00
1.480094624639605172e-08
1.151469675164662476e-08
2.974930794152896851e-06
6.501367124656098895e-07
2.893451664931490086e-07
1.937354963954529552e-11
6.353294002003906371e-10
0.000000000000000000e+00
1.712150265120726544e-06
2.997159465056853378e-10
2.708683499719199972e-09
6.400473484546864711e-09
2.274218452447129835e-10
5.383652967871910278e-10
4.030179212577422732e-08
1.143379563472990412e-06
2.714758409183559706e-07
1.978866293939063326e-06
3.197439824020875676e-08
9.580322739566327073e-07
0.000000000000000000e+00
1.466490630264161155e-06
2.415484923190547306e-09
0.000000000000000000e+00
5.441404216099954283e-09
8.010729857232945506e-10
0.000000000000000000e+00
0.000000000000000000e+00
1.116192152039729990e-06
1.372854607772922009e-10
1.274955707231129054e-06
0.000000000000000000e+00
2.810258592944592237e-06
4.221096805423485421e-09
3.365166321600554511e-06
0.000000000000000000e+00
1.787634460015397053e-06
5.135144046097828152e-12
3.885004318249229982e-09
8.930856409961052123e-08
1.862150711406940218e-10
0.000000000000000000e+00
1.082646683414623112e-08
8.570939940000243951e-07
0.000000000000000000e+00
4.408484244322607992e-08
0.000000000000000000e+00
1.212545726048119832e-07
0.000000000000000000e+00
7.567766857619062648e-08
7.403552331197715830e-07
8.369045900735727628e-08
5.613642439783461668e-09
1.868796850601484039e-08
3.726034758511076461e-10
4.118610831937985495e-06
8.332191100635100156e-06
5.361770035960944369e-06
1.446554779249709100e-05
1.209238575938798022e-06
5.281210579966000296e-09
3.008309931828989647e-06
2.198913051643103245e-08
4.061772029828603081e-10
7.011986724592134124e-08
7.063991915856604464e-07
2.159519318922775710e-08
6.796528850827598944e-08
8.286736374429892749e-06
2.691603242510609562e-07
0.000000000000000000e+00
9.807111922555122874e-08
1.043346742335415911e-08
3.817315352705463738e-09
1.551132733368376648e-08
0.000000000000000000e+00
2.571400727902073413e-07
1.134741522967885885e-09
3.457928943184640502e-10
1.456482152661919827e-07
0.000000000000000000e+00
8.378011173704180692e-09
3.115825819577366929e-08
2.742861049398470641e-08
1.455167186747985397e-08
3.621996711444808170e-06
4.570393230096669868e-06
0.000000000000000000e+00
0.000000000000000000e+00
9.879848761329412810e-08
1.080608598158505629e-07
2.316545533176395111e-08
0.000000000000000000e+00
4.490578930926858447e-08
2.459111039798678178e-11
1.465925825172575969e-09
5.923283197262207977e-08
2.782092600739360932e-08
1.321355524996903341e-10
3.084990112256491557e-07
0.000000000000000000e+00
1.608354978088755161e-07
6.827572285317273781e-09
6.428078958009564303e-09
3.547762361666428887e-10
1.584636066809252952e-08
3.089506606102077058e-07
1.003324867632215955e-09
8.104494853000687726e-09
3.809755355632660212e-08
2.797492903994225344e-09
6.970976240694426451e-09
4.033256839619525635e-09
1.090946799564562752e-08
0.000000000000000000e+00
0.000000000000000000e+00
0.000000000000000000e+00
1.923893250932451338e-06
1.716876063539984898e-08
7.376258054136997089e-06
7.223436426784246578e-08
0.000000000000000000e+00
4.028250089049834060e-08
0.000000000000000000e+00
0.000000000000000000e+00
0.000000000000000000e+00
1.608865431990125217e-07
5.680961034926212960e-09
4.742806140711763874e-06
0.000000000000000000e+00
7.388044342970800926e-11
2.705105544009711593e-06
0.000000000000000000e+00
0.000000000000000000e+00
0.000000000000000000e+00
3.350581039285316365e-07
9.374598164413328050e-08
5.007645409449423823e-09
8.209261714853255398e-09
9.267628442444220127e-09
1.266734415139580960e-07
4.724574864667374641e-08
0.000000000000000000e+00
0.000000000000000000e+00
0.000000000000000000e+00
1.916956080094678327e-06
0.000000000000000000e+00
4.842747869382435510e-10
7.611464791779098960e-10
8.137208737934997771e-07
0.000000000000000000e+00
4.470474213036368383e-09
0.000000000000000000e+00
9.244999432667100336e-09
2.567473131875885883e-07
0.000000000000000000e+00
2.860808123728020291e-08
0.000000000000000000e+00
2.935755219368729740e-06
9.112186560855661810e-09
0.000000000000000000e+00
1.429845724487677217e-06
6.861189660867239581e-08
9.538425871369327069e-08
8.839188825326971255e-10
2.496788331640686920e-09
7.266376655934436712e-08
2.194095941376872361e-06
8.917063354374477058e-08
1.490950467086804565e-06
9.583446036742770957e-09
5.268713909600819534e-09
1.767925482454302255e-06
1.118126213839332195e-08
3.874507910950342193e-06
1.082369124882909261e-10
6.610318337152421009e-08
1.051994580336668150e-08
1.034988650339130345e-09
2.475958808645373210e-06
2.188716337059304351e-07
1.402711632181308232e-06
1.103753402276197448e-05
1.351737068944203202e-06
2.259192610765126119e-09
7.845661897931677231e-09
7.381918187832070544e-09
1.842813276198285166e-06
8.071428055700380355e-06
4.020063926191141945e-08
6.490901114375446923e-07
4.964113486494170502e-06
1.590565545939170988e-08
6.864921431315451628e-08
1.371099187963409349e-06
6.065685731471148756e-09
3.649253699222754221e-08
8.699935705180905643e-08
6.850923455203883350e-07
4.572411853587254882e-07
4.134173650527372956e-06
1.115707163990009576e-06
4.427105348980830968e-09
3.679186590943572810e-07
3.768097656120517058e-08
0.000000000000000000e+00
1.277022079193557147e-06
1.764535739745554110e-11
3.158254102686441911e-09
1.257735515736158050e-08
1.776526814545320576e-09
6.610579816879180726e-08
0.000000000000000000e+00
0.000000000000000000e+00
0.000000000000000000e+00
0.000000000000000000e+00
0.000000000000000000e+00
1.104849101096760933e-09
0.000000000000000000e+00
5.861267027285066433e-07
3.570080897574712253e-09
0.000000000000000000e+00
0.000000000000000000e+00
0.000000000000000000e+00
0.000000000000000000e+00
0.000000000000000000e+00
0.000000000000000000e+00
4.311686438995820936e-07
0.000000000000000000e+00
0.000000000000000000e+00
1.852945530345095904e-08
1.016320894109412620e-07
1.202800792299285604e-08
1.518373693443209049e-07
8.206418655731795297e-09
1.933703641654460625e-09
5.158152589501696639e-07
0.000000000000000000e+00
3.383775037946179509e-07
8.896021341797677451e-08
5.779357881152691334e-09
7.917227762277434522e-09
2.019067801839469212e-09
0.000000000000000000e+00
8.686790664569343789e-08
5.754405947300256230e-07
3.364894382684724405e-06
6.583278810978754336e-09
0.000000000000000000e+00
6.102801819451997289e-08
0.000000000000000000e+00
1.166642515926241686e-08
0.000000000000000000e+00
0.000000000000000000e+00
0.000000000000000000e+00
3.284384604285150999e-07
0.000000000000000000e+00
1.945270923897624016e-06
0.000000000000000000e+00
0.000000000000000000e+00
0.000000000000000000e+00
0.000000000000000000e+00
0.000000000000000000e+00
2.646431163100260164e-08
2.941674665635218844e-06
0.000000000000000000e+00
4.348136517506873133e-09
9.732317494126618840e-07
1.896210299889844464e-08
0.000000000000000000e+00
0.000000000000000000e+00
1.071492420123831835e-06
4.922321661382511593e-09
2.087613282242273272e-08
1.252443704302663718e-09
1.799153714898693579e-08
6.912468393238668796e-07
2.220359895943602169e-08
1.478681639355272637e-07
1.251706027716181779e-08
2.072885330051121855e-08
3.518088931286911247e-07
1.990058962064722436e-07
3.554695426899456834e-09
1.341740698990179226e-06
6.017812381742260186e-08
1.043619732854494941e-07
3.400563457489624852e-07
4.113486511414521374e-07
4.551605741198727628e-07
1.664617599317352870e-08
1.836756098327896325e-07
4.183226565146469511e-07
9.269717224924534094e-07
8.301773490870800742e-09
2.558093958882068364e-09
9.168792303171358071e-08
3.543262350191866972e-10
1.558665729817221290e-08
2.570123115219757892e-06
2.064841098103897821e-08
2.141350847750800312e-07
1.342547495397639068e-08
8.809475501511676576e-13
1.241381220040693734e-09
3.964377981446887134e-08
3.664735714892231044e-08
1.469369550477495068e-07
3.869844476867001504e-06
2.602887461122804780e-09
3.329249977923609549e-07
2.178467639168957248e-06
1.498650249232014176e-06
1.690541324705918669e-07
6.204144753496620979e-09
1.669006088889091188e-08
4.946965614927023580e-10
4.752200766233727336e-07
4.919517238022308447e-08
3.471925538178766146e-06
2.887738936863115669e-08
5.832774263581086416e-07
2.265281828783827223e-08
2.872404358811309066e-08
4.732135494123212993e-06
1.515251994987920625e-07
2.261451072627096437e-06
7.775564370149368187e-08
4.862357627644087188e-07
3.243485924286915179e-09
7.926423961635009618e-08
1.290236806283928672e-08
6.447814371313143056e-07
4.491512495263805249e-09
5.533114855182930114e-09
1.867848595793475397e-07
1.688830622015302652e-07
7.685658331979539071e-09
1.015516648550374157e-08
1.837452134889616673e-10
9.852694660139604821e-08
9.294909730783729174e-09
0.000000000000000000e+00
7.637135013283113949e-08
1.585157427541616926e-08
0.000000000000000000e+00
0.000000000000000000e+00
6.791397666461307381e-09
1.001712846004920721e-07
2.990448422224289970e-08
5.182846507523208857e-08
3.802670889285764133e-08
1.826224433898460120e-06
1.071216956916032359e-06
4.326505731455654313e-08
9.767036601715517463e-08
0.000000000000000000e+00
6.692332021884794813e-09
8.080947822008965886e-08
1.046743136612349190e-06
0.000000000000000000e+00
5.916964251895251437e-09
7.889031508057087194e-07
0.000000000000000000e+00
0.000000000000000000e+00
1.683831823973136466e-10
3.965101025293904513e-10
8.603947065921602189e-08
3.986699326219422801e-08
2.213485998936448595e-07
4.441234047192210710e-09
4.157129183113283943e-07
3.578456697628240590e-10
4.275463039160598555e-10
1.604010591016447052e-09
6.556982867778060609e-08
1.140153472078964114e-06
1.629580026474286569e-08
2.639758855949025929e-09
8.281745955684982619e-09
0.000000000000000000e+00
1.930535287186785354e-09
7.220346986969161662e-09
1.142116401453563412e-09
2.585901711427140981e-06
3.079747123990728142e-09
0.000000000000000000e+00
0.000000000000000000e+00
6.284827325231390205e-09
6.537108987458850606e-08
0.000000000000000000e+00
0.000000000000000000e+00
9.166374326241566450e-09
5.289780915518349502e-07
0.000000000000000000e+00
1.915647374062245945e-08
6.475284752838206259e-09
0.000000000000000000e+00
0.000000000000000000e+00
1.507625881913554622e-07
3.980954943472170271e-08
6.583594114317747881e-09
0.000000000000000000e+00
3.228126210785831063e-09
1.846742064826045748e-10
3.616283050789093068e-09
0.000000000000000000e+00
0.000000000000000000e+00
3.411924298646340503e-09
2.602807525065031768e-09
1.480242062257275393e-08
2.050409193543600850e-06
0.000000000000000000e+00
1.088498947865446098e-06
0.000000000000000000e+00
0.000000000000000000e+00
8.180247590416911407e-09
1.036023977718514288e-08
1.804361815516131173e-08
3.059654432036040816e-07
2.153909690605360083e-07
7.678995217474948731e-09
4.562173749889097962e-09
6.271611674435462191e-09
2.096385731675809438e-09
2.497854723060299875e-08
1.490399803572017845e-08
1.246253411579800741e-08
4.857871438446181855e-09
8.471550216881951201e-08
1.260173077000104058e-09
3.384413929663487863e-11
8.316316524314970593e-09
4.690137416218931321e-07
4.323471785028232262e-06
4.877491743826567472e-09
5.747693521129804139e-08
1.994901666080295399e-08
1.092311219252906085e-08
9.366655895348685590e-09
1.637963364942152111e-08
9.921889443376130657e-08
9.919880028519401094e-09
7.179453120897960616e-08
1.228231667482759804e-07
6.730349468853091821e-07
6.151202880388950689e-10
0.000000000000000000e+00
2.023488399061079690e-08
5.169527028670017899e-09
5.700558631360763684e-06
1.247975660589872859e-07
2.226095148216700181e-07
8.773458262112399098e-07
5.812221370860015668e-09
5.031743626204843167e-07
4.516397922316173208e-09
1.459706595596799161e-07
1.391152970597886451e-09
1.233776103504169441e-08
5.744706868426874280e-06
3.988757102391105036e-10
5.741557629335147794e-07
9.579390614078420185e-10
6.778405614582538874e-10
1.557984603550721658e-07
7.588636208311072551e-08
7.242680055696837371e-08
4.088733973617308948e-08
0.000000000000000000e+00
7.380792226285848301e-07
2.403078553925297456e-07
8.611959756432696622e-11
1.794946484778847662e-07
3.687401601837336784e-07
5.937026159585911955e-08
2.457601233629702620e-08
1.726240384414268192e-06
2.297742582868522732e-07
4.487808951125771273e-07
7.476392056560143828e-07
2.737087778648117364e-10
2.254282760461023827e-09
9.905748221683552401e-09
3.311498408820057193e-09
6.727914296789094806e-07
3.057339936773928457e-09
1.063202006434948999e-07
7.439630280714482069e-07
2.808566819112456869e-07
8.159719122602382413e-09
2.952333034045295790e-06
1.008024901238968596e-05
5.451482906586313515e-13
4.600327230264156242e-08
5.538845826436045172e-08
9.696138114634322847e-09
0.000000000000000000e+00
1.106589252231060527e-06
7.123782119755617259e-11
6.020968168485296701e-09
3.658546576801313677e-09
1.281805452890694141e-07
1.151099127127963584e-08
1.493804013819044485e-08
7.527169287868673564e-08
6.602699720303917275e-09
7.172354932194480170e-10
1.932084714439952222e-08
7.709965998969892098e-09
6.294655463534581941e-08
0.000000000000000000e+00
8.662921935354006564e-09
0.000000000000000000e+00
8.462738065873054438e-09
3.830272987670468865e-09
4.775667084011558927e-10
8.384580141296282818e-09
3.198089615352728288e-08
3.606433551794907544e-07
5.396817107788942636e-12
6.869080237947855494e-08
1.036266961129683750e-09
1.715005221170073924e-11
1.130577373942287522e-07
1.184401625664577296e-07
0.000000000000000000e+00
2.957554423588248937e-09
0.000000000000000000e+00
4.049433357522502774e-07
0.000000000000000000e+00
1.262696400772256311e-06
0.000000000000000000e+00
0.000000000000000000e+00
0.000000000000000000e+00
8.127721606854265701e-09
0.000000000000000000e+00
2.741991078636374368e-10
3.727259922925441060e-08
1.550784611836775184e-09
1.536889193687329680e-08
1.443077768392697635e-09
0.000000000000000000e+00
5.145243342496996775e-09
8.462131440012399253e-09
2.097301745607182966e-07
0.000000000000000000e+00
5.010218462331295086e-09
9.062315897701012091e-10
1.220695480697031599e-06
2.344525018571630426e-09
0.000000000000000000e+00
6.241288819097690066e-09
9.369014897231409122e-09
0.000000000000000000e+00
7.720089456597634126e-09
1.370882927176353405e-07
2.545537199694081210e-06
1.390294279701720370e-08
0.000000000000000000e+00
2.617221817047266086e-08
8.952972763154321001e-08
8.120357719576531963e-09
0.000000000000000000e+00
7.335886120785062303e-09
3.625486399982946750e-08
0.000000000000000000e+00
0.000000000000000000e+00
0.000000000000000000e+00
7.084676845181547833e-09
0.000000000000000000e+00
5.917371037611474094e-09
8.745758006689641206e-10
0.000000000000000000e+00
8.485385727396987932e-10
1.823349151663933299e-07
1.684579302718702820e-07
2.491808148707974624e-10
1.923805836856473661e-10
0.000000000000000000e+00
8.742609907130827196e-07
5.057318119838782877e-08
2.563634460273078730e-08
0.000000000000000000e+00
1.850670173553226050e-06
6.663822826880050343e-09
0.000000000000000000e+00
1.418224968574577360e-07
2.871087545486261661e-08
4.026435185267018824e-09
2.301237644886100497e-09
0.000000000000000000e+00
0.000000000000000000e+00
0.000000000000000000e+00
0.000000000000000000e+00
6.990370060577788536e-09
0.000000000000000000e+00
9.381384558082572767e-11
0.000000000000000000e+00
3.051354156013985630e-07
2.567717558576987358e-07
0.000000000000000000e+00
0.000000000000000000e+00
0.000000000000000000e+00
4.497988825846732652e-08
0.000000000000000000e+00
0.000000000000000000e+00
0.000000000000000000e+00
0.000000000000000000e+00
0.000000000000000000e+00
3.597974584934604536e-09
0.000000000000000000e+00
1.946769998539821245e-06
2.939514445188251557e-07
0.000000000000000000e+00
1.100982593982280378e-08
0.000000000000000000e+00
1.261829130072555927e-08
3.007385673825524464e-09
8.838464182758798415e-09
1.129753446349468504e-08
2.355839745504795246e-09
2.259179288088830617e-09
0.000000000000000000e+00
7.457169992619583354e-09
3.312849912617821246e-06
2.055586367788464486e-09
2.929040343602196117e-09
5.579642303743526099e-10
7.753777175878440175e-09
5.319927609548358305e-09
4.856540726905222982e-06
2.418101075818412937e-06
3.580986174256395316e-08
4.621941940285978490e-09
1.717153708113983157e-08
1.307741968048503622e-07
8.465324299322674051e-07
9.257365540804585180e-09
2.258441327285254374e-06
4.870626071351580322e-07
3.878158167935907841e-06
1.855097821135132108e-06
1.720174780395211656e-09
4.452070697880117223e-06
1.239677871467392833e-08
8.217729430270992452e-08
2.247407593358730082e-09
8.197813485821825452e-07
0.000000000000000000e+00
1.228237465511483606e-06
4.468201950658112764e-07
3.680866313970909687e-07
5.969748144707409665e-07
1.989812119518319378e-07
3.865069597708270521e-09
1.437506913504194017e-08
6.922987072499608985e-09
1.073796056516584940e-07
3.315869605557963951e-07
1.531997445569643901e-10
2.152115818887523346e-08
1.122401394049177270e-09
0.000000000000000000e+00
5.692872377949242946e-07
8.220075287113104423e-09
9.493489869782933965e-07
2.522872364352224395e-07
0.000000000000000000e+00
1.412105721243506196e-08
1.605964250472879939e-09
3.500594658589761821e-08
4.113485019274776278e-08
5.995929086566320620e-08
4.393021697524090996e-07
2.736406479186825891e-08
9.026723368776856660e-09
9.565147252033057157e-08
6.112537143110330362e-09
1.680870909126497281e-08
2.350057002331595868e-07
1.542324323811072873e-10
3.983895169312745566e-08
1.563946749882916265e-09
1.489812717636596062e-07
3.026143957640670124e-08
0.000000000000000000e+00
1.629729418084480130e-08
3.392664211787632667e-07
2.594038406300569477e-08
1.032471530493239698e-08
3.444404512720211642e-07
2.418298894468762228e-09
3.422142356157564791e-07
2.487711867615871597e-07
0.000000000000000000e+00
5.513192569139846455e-09
2.919330555073429423e-08
1.669729385866958182e-07
2.315548783826670842e-07
8.260006438831624109e-07
1.860745726389723131e-07
3.654826719046155858e-10
1.273475902507925639e-07
3.175663039201026550e-07
4.880694071118796273e-09
8.598195933018359938e-09
0.000000000000000000e+00
0.000000000000000000e+00
0.000000000000000000e+00
2.375991670078292373e-08
2.958418043874644354e-08
1.319401235377881676e-06
2.952027289282455058e-09
0.000000000000000000e+00
5.659448465422656227e-10
0.000000000000000000e+00
0.000000000000000000e+00
5.060240226839596289e-09
0.000000000000000000e+00
5.389087842644357806e-09
2.940903076620315915e-10
2.680695443402214551e-09
2.336394411273090554e-10
5.613069333776365966e-07
0.000000000000000000e+00
0.000000000000000000e+00
6.297769861163260430e-09
1.839118340285494924e-06
0.000000000000000000e+00
0.000000000000000000e+00
1.195620047411694031e-08
7.707438243187425542e-09
0.000000000000000000e+00
2.074916904959422936e-09
5.737976316311232949e-09
3.818677374312073880e-09
1.047154807309880198e-09
3.114260493930487428e-08
4.872906078645655725e-09
0.000000000000000000e+00
9.342657758537598056e-10
0.000000000000000000e+00
5.782360901207539428e-08
9.505209277449466754e-07
0.000000000000000000e+00
3.736531084541638847e-09
0.000000000000000000e+00
2.153851852426669211e-08
2.285570066540287826e-10
0.000000000000000000e+00
8.311586725540109910e-07
8.003245710597184370e-08
0.000000000000000000e+00
1.452389426503941650e-07
5.331307839639976009e-09
0.000000000000000000e+00
1.094829560344123820e-09
1.789735470936193451e-08
3.485838062644575075e-09
0.000000000000000000e+00
0.000000000000000000e+00
2.034462340816389769e-06
2.434240897741801746e-08
0.000000000000000000e+00
1.832057838768719193e-10
0.000000000000000000e+00
0.000000000000000000e+00
8.035048182364334934e-09
6.231761062736040913e-07
1.473152488884466038e-09
0.000000000000000000e+00
1.560003931588838100e-10
0.000000000000000000e+00
8.647056688459997531e-07
5.490611520997390471e-09
2.523843113666490723e-11
7.611336449997452291e-09
0.000000000000000000e+00
5.652351919849252226e-09
1.423994699933928132e-09
1.819329753516285564e-07
7.821606686775339767e-07
3.629904987700882657e-10
1.493659596008001245e-08
1.943047607255721232e-07
7.076978114639587147e-09
7.655854261656713788e-08
9.060785899350776162e-09
0.000000000000000000e+00
1.762938808269609581e-07
1.549043532333982398e-11
1.018912398897953153e-09
9.303146697448028135e-09
5.403495428879523388e-09
1.877828448293428210e-11
2.848062585769639554e-08
9.873016324490890838e-07
6.773520766500951140e-08
2.938250476258730259e-10
1.222573928316705860e-06
4.868520253609176507e-09
5.102851918792339347e-09
6.858852596991482642e-09
1.323607268233217837e-08
5.017063031687030161e-08
7.322998207826003636e-09
1.469423693833959987e-07
3.113646673824632671e-09
9.112176257985993288e-08
1.650530911945224943e-08
1.971287844071412110e-08
0.000000000000000000e+00
1.695532887424633373e-06
1.160962028734502383e-06
2.269792132025827414e-09
8.681860776960093062e-07
2.227361477480371832e-07
2.099020321111311205e-06
1.221232182047060633e-08
4.741004744346355437e-08
7.736211671272030799e-09
4.627917160604511082e-09
1.751458853505027946e-07
5.243765599516336806e-07
1.001915439502454319e-08
1.002443013931042515e-06
1.314677007258069352e-07
3.633063627717092459e-08
2.392462647549109533e-06
1.369933784189925063e-07
3.148758587201427872e-09
1.135929096562904306e-06
5.435492944627640099e-09
1.060070431435633509e-08
0.000000000000000000e+00
7.327786821775816861e-09
2.068275106736905400e-09
6.535173469046640093e-08
1.301086616223301462e-08
6.807010208831343334e-07
1.902714393509086221e-05
2.964703185170947108e-07
2.561910406040368571e-10
8.252436956013298186e-09
1.372947866506990522e-09
2.170824631164691709e-09
1.121122639169414015e-10
9.883622453799034702e-08
6.457066774601116776e-07
9.342846496451784333e-09
1.061762566756385695e-09
3.069888121487451826e-09
1.380002084827580688e-10
1.573239273966464680e-06
1.358814172291999967e-09
5.986940436741861049e-07
8.948638274830500450e-09
1.992686264884468983e-07
4.246413887187827640e-09
1.819234896061061590e-08
2.633683152453158982e-06
1.153620399207966329e-08
1.710307095947882772e-08
5.180106654734117910e-08
3.199749146198804794e-11
2.583052216564851733e-09
1.789721082445794309e-08
3.212646106476313435e-06
1.308832793256442528e-07
4.578224732654234685e-08
2.901921813958097118e-09
1.353755436639403342e-07
5.411840930946709705e-08
2.838344892452937529e-09
4.350523941099027070e-09
9.110767678066622466e-06
1.488770634550107275e-10
1.091017276522165957e-09
1.162355900419242971e-08
1.057545273575044575e-09
2.053271774826725959e-09
0.000000000000000000e+00
0.000000000000000000e+00
2.988934113545838045e-07
2.574968904767160893e-09
1.767513069239612378e-08
1.039245915990250069e-07
5.670657969858439174e-07
0.000000000000000000e+00
1.171103036767817684e-07
0.000000000000000000e+00
0.000000000000000000e+00
2.380969732485027635e-08
0.000000000000000000e+00
1.659800474840267270e-08
1.804132132576796721e-08
0.000000000000000000e+00
7.520591926990505272e-10
0.000000000000000000e+00
2.957042388729291815e-09
2.257189777310486534e-07
4.909829343091587361e-08
1.006537857506373257e-07
1.042363750869412797e-09
2.521553881251747953e-07
1.186616693793496324e-09
2.333050133529468440e-06
9.361811237340589287e-08
9.707348702647777827e-09
3.788099695034574665e-11
2.971568164866766892e-07
5.802148734801448882e-07
3.099930978578413487e-08
8.314981592150161305e-09
8.533545781119755702e-08
0.000000000000000000e+00
2.625668127365088367e-09
9.836815806352205982e-09
4.056325053625187138e-08
0.000000000000000000e+00
2.024588052762510415e-09
7.734482387888874655e-09
0.000000000000000000e+00
4.537918485425507242e-08
3.241821699973002069e-09
7.157189063633495607e-09
2.786403996424269280e-08
2.387511166546119057e-08
3.055222741465968284e-09
1.848029107520687830e-08
0.000000000000000000e+00
0.000000000000000000e+00
1.336410491603601258e-06
8.352575378012261353e-07
1.145335996183272087e-11
2.010550872455496574e-07
4.165513711740231884e-09
0.000000000000000000e+00
6.576240707545366604e-08
2.119908276698723171e-10
0.000000000000000000e+00
0.000000000000000000e+00
2.432593460000020968e-09
3.856551700209820410e-08
8.969671116965116653e-10
2.484887628995124942e-09
3.784002956308540888e-06
4.658830210502173941e-09
0.000000000000000000e+00
5.020936910682394227e-08
0.000000000000000000e+00
8.906504831429629121e-07
4.503162017499562353e-06
4.574814624902501237e-07
0.000000000000000000e+00
1.488794088011502481e-10
3.291248731329687871e-07
5.644652745218081691e-09
1.227922439284157008e-07
1.534024296478975202e-10
0.000000000000000000e+00
5.080371234811309478e-09
5.817853490630575664e-11
0.000000000000000000e+00
0.000000000000000000e+00
8.018623098848820518e-09
1.669648668212175835e-07
2.572958379687406705e-08
6.505181886495847721e-07
7.499445509040469915e-09
9.210867624176444224e-09
2.504242146983415296e-09
2.229152279431545480e-10
1.100958456845546607e-06
2.816937296756805154e-07
1.113858161261305213e-06
1.082894414139445871e-07
0.000000000000000000e+00
7.211954198282910511e-07
4.659200314449662983e-08
1.573071450877705502e-08
1.565514139656443149e-06
1.173550678856827290e-08
1.635447333114825597e-08
1.408782690504040147e-08
1.109034997170965653e-07
3.534781078950999245e-10
3.630322931158502797e-09
7.792904099801489792e-10
2.016260793880064739e-07
2.561529210964863523e-09
3.176758767153842200e-08
1.005155070288310526e-08
2.072254545737450826e-07
2.581648894661725535e-09
5.994225915628703660e-08
1.105660146771825225e-10
2.308337769818535889e-07
8.004517937365562830e-09
4.193212532754841959e-08
8.173661747434834979e-10
1.126915538662842664e-08
1.011035521969461115e-07
0.000000000000000000e+00
1.985120867686873680e-08
4.351968563298669324e-09
1.412553540802718999e-08
1.566783858208964375e-08
5.525235735603928333e-08
2.573059765254015474e-09
9.774581144483818207e-11
7.226790330605581403e-07
5.308343133947346359e-07
0.000000000000000000e+00
3.155451011593868316e-09
1.948095359693979844e-06
9.860102778702639625e-08
4.807132469863972801e-10
1.490924184111008799e-08
1.286409911926966743e-07
4.835385425394633785e-08
1.771997659716362250e-09
8.664299571137235034e-07
3.300025808172790676e-10
1.028921445822561509e-07
4.983068624397901658e-09
6.511989614210733635e-09
1.921668854265590198e-06
0.000000000000000000e+00
6.985064970876919688e-09
1.887646362774830777e-06
1.080983480505892658e-08
0.000000000000000000e+00
6.078797021302762005e-09
0.000000000000000000e+00
0.000000000000000000e+00
8.125510042589212389e-09
1.365112467510698480e-07
6.457724910369222471e-10
1.360356538526730219e-08
1.118171653047284053e-07
1.809874383695841971e-08
6.174948052883877381e-11
1.437584415953097050e-07
0.000000000000000000e+00
5.113678071211325005e-06
1.090641355006027879e-09
1.992488307678286219e-08
0.000000000000000000e+00
1.685990191901964863e-08
2.651078245818894175e-09
2.361381756799119103e-09
2.588909531198169134e-09
0.000000000000000000e+00
0.000000000000000000e+00
0.000000000000000000e+00
0.000000000000000000e+00
2.570637889220961370e-07
0.000000000000000000e+00
1.270684335530347653e-09
2.079033611934733017e-09
2.453910685762394905e-10
4.754660554162626340e-11
0.000000000000000000e+00
4.284833607925975230e-07
5.060105578991169750e-08
4.318915216572349891e-07
1.951108572484372417e-07
8.366315973340476830e-11
9.673302957258211876e-12
3.377369694135268219e-06
6.696497507618914824e-07
0.000000000000000000e+00
0.000000000000000000e+00
5.364713828726053180e-08
2.152745992134441622e-06
2.060553283556032511e-09
7.714421030868834350e-07
3.390720759721688182e-10
4.806973379345436115e-07
5.910619105264913742e-09
3.620070174292777665e-06
1.181419477802592155e-07
2.297646014420839933e-12
1.034271349453774747e-06
1.495160518061311450e-06
2.410713184630708383e-09
3.235552270552943810e-08
4.670549724750117093e-09
1.589363273524213582e-05
1.012001926703476329e-09
6.470290525584232455e-09
0.000000000000000000e+00
4.731725411488696409e-08
0.000000000000000000e+00
1.350133004528186742e-12
9.030394210185477277e-08
1.572288410578437379e-09
9.272692058637233004e-10
1.530579218922412110e-09
5.933329703111667186e-07
4.557422883522121992e-09
4.601503622581049058e-09
0.000000000000000000e+00
0.000000000000000000e+00
0.000000000000000000e+00
2.843383306583291414e-09
0.000000000000000000e+00
0.000000000000000000e+00
0.000000000000000000e+00
0.000000000000000000e+00
1.870507837509194360e-08
0.000000000000000000e+00
0.000000000000000000e+00
3.020745964477100642e-07
1.584782438612819533e-07
6.921408157722908072e-07
1.459795484493042750e-08
0.000000000000000000e+00
8.184651534293152508e-08
6.202462827786803246e-07
1.377507885536033427e-09
5.805453895391110564e-08
1.261692306187001122e-09
5.259058744044864397e-10
0.000000000000000000e+00
0.000000000000000000e+00
0.000000000000000000e+00
0.000000000000000000e+00
0.000000000000000000e+00
0.000000000000000000e+00
0.000000000000000000e+00
0.000000000000000000e+00
7.352976005847722263e-09
4.669104214372055139e-09
9.724024252477647678e-09
5.047716626904730219e-07
3.772042123095786792e-10
2.767778783940855192e-10
6.117331707855555578e-08
5.826487026183713169e-08
1.065912358377829605e-09
5.220667631533615349e-08
5.631636312841692416e-08
3.609727627917891368e-09
4.018185784104844060e-09
0.000000000000000000e+00
1.745652184581558686e-06
5.599281482915330344e-09
6.319599066273440258e-09
2.212995156014585518e-07
4.253311480795218813e-09
2.424727085781341884e-08
1.709603125732428452e-08
7.133298822736833245e-07
2.427858802889204526e-08
3.538519033341458453e-09
6.051930068196043067e-09
5.901698614252381958e-07
1.577013541975702537e-08
2.448078006977993937e-08
2.439129076492463355e-08
7.917951849734095049e-10
2.896603490398774738e-08
1.093763390969115790e-08
4.156774036090382651e-09
1.392023136759235058e-06
6.139030972462933278e-08
1.093607249202932508e-08
2.824212508301116031e-08
2.791281161762526608e-08
1.939532012329436839e-06
7.510978505820276041e-09
1.199710109034413108e-08
7.998051110291726218e-09
3.284115024371203617e-08
1.453729282729909755e-06
7.239486308208142873e-07
2.710070168276956792e-09
3.735161513418461254e-08
1.256053252518540830e-07
9.739879125447714614e-09
9.429954594963874115e-09
3.428854089548849515e-09
1.501271662540659690e-09
7.794392353765999815e-10
1.001862710836576298e-05
5.167825611884779846e-10
7.304883919978522044e-10
2.479623439910483285e-08
1.219034629684756510e-06
1.180437347869656151e-08
4.725748681266850326e-08
3.420314031998827886e-11
0.000000000000000000e+00
2.938717935663248682e-09
3.894167477369592234e-08
4.490992466799070826e-08
2.850635638651510817e-08
1.358825215902470518e-06
1.726458975781497429e-09
1.435078722522575845e-08
9.997828342989123485e-09
4.987489887753326911e-08
5.805609770703767936e-09
4.105082140881677333e-08
6.318727763243714435e-10
3.515848501223217681e-09
3.063473457132204203e-07
9.707045478535292204e-08
1.666776654474233510e-07
2.637389115989208221e-07
8.263933537477896607e-09
3.439328963850130094e-07
5.463279535433684941e-07
5.111996159712361987e-09
1.407707657108403509e-07
2.762232327313540736e-07
1.869300035650667269e-06
2.433818963254452683e-06
0.000000000000000000e+00
8.250443528368123225e-08
1.090743495524293394e-07
1.373183433628355488e-08
1.473888372460763208e-10
0.000000000000000000e+00
5.205069086855473870e-08
0.000000000000000000e+00
1.010521710753664593e-08
2.307612767538103071e-08
3.270497117568993417e-08
4.099290351611273309e-11
2.311969105051048246e-08
0.000000000000000000e+00
3.298377682092734631e-10
0.000000000000000000e+00
3.125736336428985851e-10
0.000000000000000000e+00
0.000000000000000000e+00
2.069458382436550892e-08
1.525230430843294016e-08
5.370380140590214069e-09
9.248708465747768059e-09
0.000000000000000000e+00
3.761217470810152008e-08
2.772143261609016918e-07
3.010610214460029965e-07
0.000000000000000000e+00
0.000000000000000000e+00
5.310362780619470868e-07
1.026837992412765743e-07
0.000000000000000000e+00
0.000000000000000000e+00
1.405536381726690820e-10
0.000000000000000000e+00
0.000000000000000000e+00
0.000000000000000000e+00
1.048261033531616704e-09
5.858194526808802038e-06
0.000000000000000000e+00
1.661997828250605380e-08
0.000000000000000000e+00
0.000000000000000000e+00
4.949142762278313512e-10
1.892886913879010535e-08
7.320408599298389163e-07
6.941466956789099640e-09
2.794434239561383038e-09
9.887137331077155977e-09
2.001414287633451750e-07
0.000000000000000000e+00
7.334087968047242612e-07
2.606689974982145941e-09
9.369537679049244616e-08
2.094794098184138420e-07
1.714724717771787255e-08
3.378360924344292471e-09
8.165043254848569632e-07
1.079580940199775796e-07
1.700819218797278154e-08
0.000000000000000000e+00
7.399168833188696226e-09
2.036131618865510973e-08
0.000000000000000000e+00
1.496276809120899998e-07
0.000000000000000000e+00
3.607084053669495916e-08
5.824927207243035809e-09
1.835514780168523430e-07
5.878274950132933441e-11
1.192203512800915632e-06
1.338890598390207742e-07
0.000000000000000000e+00
8.161315889765319298e-08
1.173322274894417205e-07
3.294391959229869826e-08
4.146808052496453456e-08
1.972417784656954609e-09
0.000000000000000000e+00
0.000000000000000000e+00
1.629556223292638606e-08
8.784008187490144337e-09
7.678800373334127016e-10
0.000000000000000000e+00
3.704711426522067086e-09
1.525709869554248144e-08
0.000000000000000000e+00
3.199509279738776968e-08
0.000000000000000000e+00
4.891357434644305613e-07
1.737961663472731288e-09
0.000000000000000000e+00
7.481006036869075615e-09
7.270440249840248725e-09
1.188566489673803517e-08
7.421315562083918849e-09
4.721218083147959987e-09
1.172545505134792165e-09
9.473005713189763810e-10
0.000000000000000000e+00
8.958248365331655805e-09
3.566643203001262918e-09
6.044272721217325284e-11
0.000000000000000000e+00
5.538151526707224548e-06
2.931067388800556728e-09
1.069555555233137056e-08
6.309331723741706810e-09
7.244652100446558052e-10
0.000000000000000000e+00
1.828888152033414372e-08
8.775496098678559065e-07
9.729140826308935175e-10
7.089914592917079261e-13
1.031239954540907888e-10
7.682786673512964626e-08
2.894130934905092545e-09
2.291407952270674286e-08
5.849685735803689113e-10
1.639485134319329518e-07
1.848589477049245033e-07
3.547388871538714739e-08
7.535661694646478281e-08
7.512820587862734101e-09
7.463780704597411386e-09
1.051773512728004789e-08
2.736663873292854987e-07
5.708875505661126226e-07
6.663787388561104308e-08
0.000000000000000000e+00
9.693193305793101899e-07
1.503510816291964147e-06
3.476414711656161671e-09
0.000000000000000000e+00
1.092227421395364217e-06
6.082665890971838962e-07
5.329304109125132527e-09
6.100798533026363657e-09
8.618237643531756476e-07
2.921313807746628299e-06
7.871363294498223695e-08
8.560027353610166756e-09
4.257352159697802563e-08
3.809898316831095144e-06
4.747570826052482929e-12
1.801299390535859857e-06
6.856100753793725744e-08
6.972626920287439134e-07
0.000000000000000000e+00
1.032674501466601669e-09
3.453810677456203848e-06
6.591959200719088585e-10
1.475568733866339244e-08
8.892637182178475541e-10
1.331221022304873713e-09
4.748233362050768847e-09
1.141999161902162996e-09
3.303136208998580514e-09
1.110134295601028498e-08
1.125346305030916483e-08
2.794139052075816920e-12
1.565230377309489995e-06
2.197130655190449033e-08
1.465045613713300554e-07
5.707208143579389770e-12
5.626477417308706208e-08
4.030578537594919908e-08
1.648275649301922385e-08
1.257618123418069445e-06
5.542414305281795350e-10
6.755566772653764929e-08
0.000000000000000000e+00
0.000000000000000000e+00
2.543702635193767492e-07
0.000000000000000000e+00
3.711942087036845805e-09
9.368275755150534678e-07
5.306745265443169046e-09
1.035565659890380630e-07
0.000000000000000000e+00
9.279962576158595766e-09
2.719749772950308397e-06
1.506269171613894287e-07
1.741159572077322082e-08
1.226060086789715342e-10
3.653418048088497017e-07
0.000000000000000000e+00
5.044588391456272802e-08
1.175507009065768216e-06
4.429318245513513830e-09
0.000000000000000000e+00
8.594714699938776903e-07
2.255377751225751126e-08
1.193292149537228397e-07
9.255802346785912960e-09
1.744658284508204815e-08
0.000000000000000000e+00
8.382190941347289481e-09
6.009347998769953847e-06
1.542729819448140915e-06
1.094167672022194893e-07
2.368102824945594875e-09
0.000000000000000000e+00
1.077637762136873789e-06
0.000000000000000000e+00
0.000000000000000000e+00
3.577552420974683400e-10
6.223225934576248619e-09
9.897636488176431158e-09
1.882413336318222719e-08
1.049523561391652038e-07
3.100301526615112380e-08
2.915854224738723133e-07
8.965920414993888699e-07
0.000000000000000000e+00
0.000000000000000000e+00
2.400941667701772531e-09
0.000000000000000000e+00
0.000000000000000000e+00
2.260846371227032137e-10
0.000000000000000000e+00
1.036843499946371594e-08
0.000000000000000000e+00
6.184703860157014788e-09
1.725203446767409332e-07
5.370460076647987080e-09
0.000000000000000000e+00
4.736947900596533145e-08
4.572293654803161189e-09
1.815772918689617654e-07
0.000000000000000000e+00
0.000000000000000000e+00
0.000000000000000000e+00
0.000000000000000000e+00
1.253006018941960065e-07
0.000000000000000000e+00
7.508604937811469426e-08
0.000000000000000000e+00
1.805727301018578146e-08
6.165319064166396856e-06
8.768423487293119933e-12
0.000000000000000000e+00
9.135233653978502844e-07
7.697698833908361848e-07
8.442943566500105135e-11
5.717704087970787441e-09
1.288238308916334063e-06
2.123049826219247649e-11
3.743907406317248387e-10
0.000000000000000000e+00
0.000000000000000000e+00
0.000000000000000000e+00
0.000000000000000000e+00
4.586226953762206904e-09
3.055007358199191003e-10
2.355480255289421621e-08
0.000000000000000000e+00
4.257204366808764462e-08
1.549031791725496987e-09
6.828143384041140962e-09
1.109252956155160064e-08
1.306207497719924504e-08
1.015497819167876514e-08
2.261084430799087386e-09
7.411890212694061120e-09
3.707375517691957612e-09
2.999375325885011989e-08
1.860309595258513582e-08
1.639008040399403399e-08
2.406144403721555136e-07
0.000000000000000000e+00
3.699925628097844310e-06
1.708082231210994451e-09
6.267849433916339308e-11
5.962393689884493142e-09
1.099420998684763617e-08
3.944747653528146714e-11
1.224883817485533655e-06
1.210199940260281437e-07
2.078665906068977165e-09
5.527010515926633616e-10
1.781649605625545973e-09
2.824018352498569584e-08
1.207676714187755351e-08
5.091673305201993571e-09
3.624017058667661217e-11
1.751707046082628949e-08
1.377818414916021084e-09
1.310493900064102490e-07
4.362845501537648829e-11
5.094434527563862503e-07
4.948881304756014288e-10
2.508463992079157379e-10
1.003430611490330193e-06
2.504123131075175479e-06
3.116752367304798099e-08
4.651051455084598274e-08
2.010319732903553813e-08
2.268809851102560060e-07
5.843320991516520735e-07
3.324406305793559113e-09
3.530332435275340686e-07
5.125544362272194121e-07
1.044058062227293249e-09
1.047028089229407044e-10
1.059705567740820698e-08
3.675264963476365665e-07
0.000000000000000000e+00
9.072466333748252509e-09
1.651558363846561406e-06
4.758086191714028246e-08
3.318404750984882412e-08
0.000000000000000000e+00
4.533172795473383587e-11
0.000000000000000000e+00
2.774284708212393369e-12
0.000000000000000000e+00
5.693750892987736734e-08
9.327762882094248198e-07
1.640220546050841222e-07
1.099075390698089905e-07
3.647588342481355994e-10
0.000000000000000000e+00
0.000000000000000000e+00
7.717056327294358198e-09
1.087821601686300710e-07
1.650118264251432265e-07
1.051772180460375239e-08
5.165117222816206777e-09
1.515631083748303354e-06
5.930650637253620516e-09
1.239271369968264480e-07
6.145091901998966932e-08
5.438842265448329272e-08
5.933606530561519321e-07
8.590125681086357989e-13
1.001059768412915219e-08
5.174455850465164986e-07
4.255889862747608277e-08
0.000000000000000000e+00
2.152230171859059737e-09
6.773355654132728887e-09
2.779150687359788208e-09
1.459206799836465507e-08
5.754630365117918700e-06
1.406782867974243345e-08
6.463220181274209608e-09
6.849754097260074559e-09
1.484661993345071096e-07
5.611225706303457628e-09
3.524582847802548713e-09
0.000000000000000000e+00
1.357137291435606130e-09
0.000000000000000000e+00
9.213758289661200251e-08
8.252813188391883159e-08
1.607459689445187023e-13
5.403422846939065494e-07
0.000000000000000000e+00
1.235158379131462425e-06
9.341698969933531771e-09
0.000000000000000000e+00
3.473447973689758328e-09
2.503907836626240169e-08
0.000000000000000000e+00
2.216730976556391397e-08
4.181758413324132562e-06
9.054887506465547631e-09
3.515978264090335870e-08
6.911088235028728377e-08
4.918160545486216506e-09
1.157370999038676018e-08
6.021821374879721134e-10
1.218191414409375284e-06
2.946993760133409523e-09
5.013110992990732484e-08
4.430266986599207257e-10
1.310943194277047752e-11
3.978301066354106297e-08
0.000000000000000000e+00
0.000000000000000000e+00
1.662108530808836804e-07
7.666779993087402545e-07
2.941715315785131679e-09
1.860687603993937955e-07
1.584013807587325573e-05
3.378470125880994601e-08
0.000000000000000000e+00
1.134208904574052212e-08
1.935536886321642669e-07
2.212032867987545615e-08
1.244542580103313867e-09
0.000000000000000000e+00
0.000000000000000000e+00
1.896869550321866882e-09
9.811444989793471905e-09
0.000000000000000000e+00
3.490060507260750455e-08
0.000000000000000000e+00
1.322547671378515588e-08
2.690148104278478058e-10
3.903358969381542920e-09
3.112521881121210754e-06
1.579456920808297582e-06
9.718394089475168585e-09
9.412659020269220633e-12
7.201984786320281273e-09
1.478356494999388815e-07
2.251546149523164786e-08
0.000000000000000000e+00
8.512328619758591230e-09
1.630905188676479156e-09
1.813672545480926601e-09
0.000000000000000000e+00
0.000000000000000000e+00
0.000000000000000000e+00
1.735693366811119631e-08
2.206976112972824922e-08
1.719158482238469787e-09
1.612251304683454123e-10
2.118180075783016036e-09
5.300831062982069852e-08
0.000000000000000000e+00
0.000000000000000000e+00
4.926966923335385218e-08
5.397328450840177538e-08
2.262879293668529357e-11
2.004770349728346446e-09
9.234095692950416989e-13
6.483603876006327482e-09
4.742940404867113102e-07
6.291178689110665800e-09
3.168825557509080681e-08
1.254497838942825183e-09
4.299014619846275309e-07
1.060497041294183873e-07
3.895544153920127428e-08
5.235411038029269548e-08
1.273757419539833791e-07
3.992988240497652441e-06
3.088739930490191909e-08
9.622053376290296001e-09
2.921005659572983859e-07
1.139777509706618730e-06
8.819550423311284248e-09
2.350604120238131145e-07
1.244267423317069188e-06
1.151745010474769515e-08
9.783535759311234870e-09
2.433554016079142457e-07
9.755283691958993586e-09
1.117215919776981536e-08
2.799504841277666856e-07
1.495029877673914598e-08
4.540414408893411746e-07
4.004942582014336949e-07
8.852666155689803418e-07
3.661488889861175267e-09
2.426629862384288572e-06
1.585986098007197143e-08
2.690986093512037769e-06
2.236316376524882799e-08
6.840918587158739683e-08
2.521612074701806705e-08
1.594377185831774568e-09
0.000000000000000000e+00
6.861397423563175835e-07
9.243913190459807083e-09
5.432344210021256004e-07
1.039936847746503190e-08
2.594807035904977965e-09
2.118876629708665860e-08
2.441480830839282135e-07
1.158642959353528568e-09
3.042006202491620570e-09
1.034997687554550794e-08
5.851961049074816401e-08
3.381932789370267756e-10
4.016734322931370116e-08
1.164308258694290998e-07
0.000000000000000000e+00
4.887318709734245203e-07
1.305000864704197738e-06
2.062923698531449190e-08
0.000000000000000000e+00
7.580589489464273356e-09
7.900721499254359514e-08
2.050900093308882788e-06
2.949205679669830715e-07
0.000000000000000000e+00
6.481698289206860863e-09
8.696866338198105950e-09
4.023231969796370322e-09
7.848086625017458573e-08
8.543025731277964496e-10
2.072122669005693751e-07
2.490825767864635054e-09
7.825912695658132634e-10
1.023650656861718744e-05
6.185275225334407878e-08
4.417631149777889732e-09
1.505024016523748287e-07
1.099237394441843207e-07
0.000000000000000000e+00
2.612075178376471740e-08
1.413511419023905091e-09
2.905213705162168480e-07
3.939454984447365860e-08
1.228997348334814887e-09
3.435119744210624049e-09
2.237585192688129609e-07
2.371280061197467148e-07
1.217101797124087170e-08
0.000000000000000000e+00
5.754387075285194442e-06
2.118571131859425805e-07
1.172028873952513095e-07
5.141743386616326461e-08
2.095992499562271405e-07
2.073053053663898027e-07
2.311013602707134851e-08
0.000000000000000000e+00
2.561329779382504057e-07
0.000000000000000000e+00
8.109443001558247488e-07
0.000000000000000000e+00
0.000000000000000000e+00
2.135784257784045792e-11
3.601831011224021495e-08
5.914989174016227480e-07
0.000000000000000000e+00
0.000000000000000000e+00
0.000000000000000000e+00
0.000000000000000000e+00
1.068340194088079897e-09
1.607331910236098338e-06
1.678017724771052599e-07
0.000000000000000000e+00
4.302311840120864872e-09
3.089689357693714555e-07
1.078636646667519017e-08
0.000000000000000000e+00
2.570281196767609799e-07
0.000000000000000000e+00
0.000000000000000000e+00
0.000000000000000000e+00
0.000000000000000000e+00
2.396333513843273977e-07
0.000000000000000000e+00
1.550956056917129899e-07
7.246269806415739367e-09
2.825723509347621842e-11
8.501598927068698686e-07
5.536989089449662060e-09
8.312540877852825361e-09
5.149950865757091378e-08
1.681542585174611304e-07
6.853269951534457505e-09
4.077566018167999573e-08
5.752475829012837494e-08
1.171940695599005267e-07
6.352491510597246815e-08
0.000000000000000000e+00
6.903329108354228083e-07
9.828570455283625051e-07
6.745464631308095704e-09
0.000000000000000000e+00
9.402131156965864989e-11
2.201874309548657038e-07
0.000000000000000000e+00
3.574090134961238618e-09
1.458391629682864732e-08
7.387876088671418984e-09
1.327679743923226852e-08
0.000000000000000000e+00
5.544141590263507169e-09
2.935961918026919193e-09
0.000000000000000000e+00
4.307910916878654461e-09
7.852407057917787370e-10
0.000000000000000000e+00
0.000000000000000000e+00
4.175089163283018934e-09
2.460145420712933628e-09
4.409976828156914053e-10
1.034176855263524430e-09
3.358245903584133885e-10
7.808607094261788006e-09
1.660595772001727255e-09
0.000000000000000000e+00
9.498023201270910931e-11
3.762199440870972467e-09
0.000000000000000000e+00
1.790704970972001320e-07
8.844288856835191837e-09
2.418302891271650878e-09
9.693488234319147523e-10
3.327706110667350003e-07
1.606217665539588779e-07
1.206439503853573569e-09
3.318075258995634158e-10
0.000000000000000000e+00
5.847982542661611660e-09
3.509388613043284977e-11
8.993053057793076732e-08
6.216745163101222715e-08
1.663423532249908021e-08
4.688757826443179511e-08
2.704111778939477517e-08
2.820622491128688125e-08
2.066228965702521236e-08
3.930643899252572737e-08
9.717889604132778913e-09
1.190570397824330939e-08
2.342397237953264266e-06
3.026329054023335630e-08
1.419150752468567589e-08
1.694698381626835726e-09
1.873952015785107506e-08
6.599447210930975416e-09
5.228374178045669396e-08
1.553932804654323263e-08
1.021733879724706640e-07
4.508168505168441698e-09
2.833349697084486252e-07
2.805161258834232285e-08
1.656795145521527957e-09
2.714741487164218370e-10
1.341600963655764644e-08
1.206848132540017104e-08
7.528095480324736855e-09
5.061645680370929767e-08
5.086381861474364996e-06
0.000000000000000000e+00
2.430110725981649011e-07
4.543180831539928022e-10
9.213636076310649514e-08
3.955458183213522716e-09
6.951885681699687680e-12
4.684318488656913360e-10
3.289133871930971509e-07
1.243618470425644773e-07
6.547070796614207211e-08
3.317332129881833680e-06
2.202852478205841180e-08
1.359741872875019908e-06
4.381486746751761530e-07
3.738244913620292209e-08
1.434068752637074340e-09
8.236340498513072816e-09
5.947025538688421875e-09
9.760901065192228998e-08
9.862252126069392943e-10
4.379732843062811298e-08
6.593125601028759775e-09
2.770725359368952923e-06
8.965355124956886357e-10
1.357181478311986211e-08
3.665682015707716346e-07
3.597268316557489243e-11
1.371087137158610858e-07
3.163074779877206311e-07
5.939508085361921985e-08
7.037783134045128008e-10
7.043758909475172914e-09
3.179934440766807313e-11
1.972224605850669832e-09
4.443942813736612152e-08
3.300002215933517391e-10
2.496481243952075602e-08
9.449286686447067041e-09
1.362174088803680405e-11
2.498346987067634473e-07
5.917719931858300697e-07
1.136452265626530789e-08
5.908993443881627172e-06
6.512850632134359330e-07
1.284525069422670640e-06
4.538632083495031111e-07
6.604395363929427276e-10
1.956576909378782148e-07
6.357698256742594367e-10
4.371142949821660295e-07
6.848614564347599298e-09
0.000000000000000000e+00
4.141373111110624450e-08
4.910286222070681106e-08
4.852571322544463328e-08
1.486379908044455078e-08
1.064129229177979141e-08
6.064265107852406800e-07
1.562871254634501383e-08
5.841780392756845686e-09
6.506560290553409232e-10
4.710378931349623599e-08
3.889248478827767030e-09
2.788145492260696301e-09
1.468170921725686640e-06
2.587188596692158171e-08
0.000000000000000000e+00
0.000000000000000000e+00
5.136287395401950562e-09
1.991890385966144095e-08
4.629636229935840674e-09
2.527563765397644602e-06
4.438932990069588413e-07
1.338508383991188211e-11
1.295581003590839941e-11
0.000000000000000000e+00
4.794725505519181752e-09
0.000000000000000000e+00
2.874723392665146093e-08
0.000000000000000000e+00
1.231090429598680203e-08
0.000000000000000000e+00
0.000000000000000000e+00
0.000000000000000000e+00
5.556807458617640805e-09
5.423922769254296838e-11
0.000000000000000000e+00
2.680063460047676926e-08
2.793480824436755938e-08
1.101091751110061523e-08
1.378743874624888122e-08
1.553725610392575618e-07
2.893428018069243990e-06
2.683974571482394822e-07
5.649704704069336003e-09
6.821995190975371770e-10
1.267937044246991718e-08
5.078618081633123893e-10
6.465153301604686931e-09
9.201078121634509444e-09
9.135190381925895053e-09
9.041080772931309184e-09
1.900288815193107439e-09
1.717679554147366616e-09
0.000000000000000000e+00
4.656867669261544052e-10
9.137215428722811339e-09
9.485001228881628776e-09
1.487854195403315316e-08
2.489217898471451917e-08
4.712573442589018669e-09
5.266710401130580976e-10
0.000000000000000000e+00
0.000000000000000000e+00
0.000000000000000000e+00
0.000000000000000000e+00
3.132928805271717465e-09
4.883433575741946697e-06
0.000000000000000000e+00
2.935039056239929778e-08
4.130919772915575550e-10
4.733276000479236245e-06
1.034447194570020656e-08
4.828966740366702481e-11
1.338999311428779038e-07
8.891456104720418807e-08
6.313475964248027594e-09
2.312687152894454812e-09
1.033253482773943688e-08
4.373618356368069726e-09
8.968145337462374300e-09
1.898682100431869912e-09
6.314455625044956832e-09
1.332154564437360023e-08
5.366762820813164581e-07
1.185533982095421379e-08
1.631696999737641818e-09
0.000000000000000000e+00
7.552604763816361810e-09
0.000000000000000000e+00
2.635356821656387183e-08
1.931400817056783126e-09
0.000000000000000000e+00
0.000000000000000000e+00
7.034923896753753070e-07
7.220577469269073845e-09
3.408082260847322686e-09
9.355591856774481130e-09
2.698757328722933835e-10
9.119207788899075240e-08
3.721889463292882283e-09
1.441976205107664555e-09
2.272767218869375938e-08
2.442427415871861740e-08
6.897530965943587944e-06
1.943017968741855839e-09
2.634158668968211714e-09
8.830606246235106482e-10
1.227973833728412956e-09
1.702195184805077588e-08
4.819472820827286341e-09
3.887521859979869987e-09
1.035312990893544338e-08
3.079885013690386586e-09
2.117771652487832057e-10
9.243337650843841402e-09
4.879335158136655082e-09
3.960820293968936312e-08
1.584607289828454668e-08
9.240528342502329906e-09
2.380099033416627208e-07
3.178108798351786390e-08
1.349934848349221284e-07
1.813384685467323010e-11
0.000000000000000000e+00
1.384404590965004900e-09
1.591974836401277571e-07
1.096150192836375936e-08
4.997317404331624857e-08
5.532664104634932301e-09
3.754941246825183043e-08
4.180734833880705992e-07
0.000000000000000000e+00
2.021694278653285437e-08
4.002394859980995534e-09
1.807895499972289599e-09
2.087227990443807357e-08
8.933693784740626143e-10
3.982842713412537705e-07
1.611539801160688512e-06
9.939026685001906003e-11
3.768552137017877612e-09
2.285127038703649305e-07
3.910357904146621877e-08
4.405865468015690567e-07
5.489439569572596156e-09
4.202374839223921299e-06
8.381837801607616711e-08
1.170291852758964524e-06
3.656750680036680023e-09
0.000000000000000000e+00
4.543981635407590147e-09
0.000000000000000000e+00
8.663230133265642507e-10
2.526877906916524807e-08
0.000000000000000000e+00
8.202712109550702735e-08
1.798700566268962575e-07
4.725651869819103013e-09
7.164778548229833177e-09
5.089382284495513886e-07
4.416878252033740182e-10
4.660954346036305651e-06
1.098796786891398369e-08
1.137691697294940241e-06
3.031696564903541002e-07
1.380618536162003807e-10
6.951191622306396312e-09
2.937004950354094035e-08
8.593361400244248216e-08
8.021043385042503360e-08
1.101560883398633450e-06
9.936796274701009679e-09
8.275792140466364799e-08
4.277862899471074343e-07
0.000000000000000000e+00
3.480179699977270502e-09
2.463649934725253843e-06
3.818484417550394028e-11
1.346820099890067013e-09
5.918696088791364218e-12
2.670008880656382644e-09
7.445194238897556716e-09
1.144112715678602399e-08
1.094946355806314386e-08
1.061547849623423190e-09
1.115083470004663013e-09
1.940230049513047561e-06
1.528475235268444976e-09
2.104990670659390162e-07
2.488938264377793530e-07
8.705198888125931234e-12
2.923576971625152510e-07
3.452413022131395337e-09
3.663881642523847404e-08
8.940434170767730393e-09
2.642427388011014955e-09
2.682990496438719674e-09
6.362037563434341791e-09
1.298602967381157214e-07
6.828978627027026960e-08
2.199249848899853532e-08
5.665389153364230879e-07
9.043761295401964162e-10
1.173224739581257836e-09
1.682082029219600372e-09
1.143255001778697988e-08
7.973960123308643233e-07
0.000000000000000000e+00
0.000000000000000000e+00
0.000000000000000000e+00
1.077597033827260020e-07
7.336096619070531233e-09
1.969316043570756847e-09
6.556914655675427639e-08
6.455812967542939873e-11
2.910959437940618955e-06
0.000000000000000000e+00
9.997033423303491873e-09
0.000000000000000000e+00
4.579327708142955089e-07
5.400375702180326698e-09
6.210203185030849227e-11
2.090687445388539345e-08
1.468864613274334374e-10
3.275856954587652581e-07
2.746754157456621215e-09
4.748172841573250480e-07
6.828437193462377763e-08
0.000000000000000000e+00
0.000000000000000000e+00
0.000000000000000000e+00
1.258475634813294164e-08
3.375138390993015491e-08
3.536831172823440284e-06
1.291674607273307629e-06
1.613231548347471289e-09
0.000000000000000000e+00
2.757707022738031810e-07
2.278884814188586461e-08
1.005933185638241412e-07
2.682904920447981567e-08
3.519679214747384322e-09
0.000000000000000000e+00
0.000000000000000000e+00
1.082955169984245458e-09
1.944853877944296983e-08
8.109553827073678889e-12
2.507126737327780575e-07
7.858865558318939293e-08
6.870937846459312937e-11
2.201094417841886752e-08
2.218124173225533013e-08
4.986819845953505137e-10
6.738936075834089934e-09
6.820761200287961401e-08
0.000000000000000000e+00
1.137064131739862205e-08
1.117067327527365705e-09
4.683283538753357789e-09
1.511057945435823058e-07
9.708451642609361443e-08
1.325585641254178881e-09
9.129431433052559441e-09
9.253147581489429285e-09
1.179240172177742352e-08
4.215405624563572928e-08
6.634296223495539380e-09
1.570174106291233329e-07
6.480386893770173629e-09
1.956339730213585426e-07
4.503425687918394260e-10
0.000000000000000000e+00
0.000000000000000000e+00
0.000000000000000000e+00
2.298951429224871390e-08
1.659998815739527345e-06
2.215606170752337789e-12
3.344710464148192841e-08
3.743954835044860374e-08
2.159388259315164760e-06
7.813767410880245734e-08
0.000000000000000000e+00
7.131293244810876786e-08
0.000000000000000000e+00
3.714640683938341681e-08
0.000000000000000000e+00
0.000000000000000000e+00
0.000000000000000000e+00
7.711965395174047444e-07
4.134158793078768213e-09
1.325814569241856589e-09
1.176567732130706645e-09
4.475091586186863424e-08
5.741834525202493822e-12
4.913548536933376454e-07
2.866927806266517109e-09
1.761918277942697841e-09
1.759362966424760089e-08
6.085157711055444452e-09
6.481759129428610322e-08
1.804518063863724819e-07
5.394972468764080986e-09
2.832570373811904574e-07
8.646857452276890399e-09
3.505396861669396458e-08
5.086294052603079763e-09
7.589309625188889186e-09
6.470819435833163880e-09
2.917182762018910580e-08
1.577165420485471259e-08
4.032159210964891827e-07
2.086419093050295714e-10
3.889254196476343850e-10
4.009822589523537317e-07
4.238426640768011566e-07
1.247377579005615189e-08
1.353174550189351066e-08
5.571070005316869356e-08
2.283087923160564969e-07
1.036276930932444884e-08
4.271658582410964300e-08
6.392446572078824829e-09
7.355894382499172934e-08
1.338183341914600533e-09
2.355870343251353916e-08
2.366500240214008954e-07
6.140792834230524022e-07
3.291881212064140527e-10
1.044047248655033400e-08
4.786111063026510237e-09
8.589099564915159135e-08
1.987617253007556428e-07
1.699190299575548124e-08
6.232290843399823643e-07
2.486534089740644049e-09
5.516030796570703387e-07
7.745705410400205437e-09
7.071915275602691509e-11
0.000000000000000000e+00
5.118081247701411485e-08
1.744463951069974428e-08
1.497409130024607293e-06
6.718929856930344613e-09
2.107740293411097809e-08
7.682218416960040486e-09
0.000000000000000000e+00
1.905921642730845633e-08
1.513540404118884908e-09
1.775254054869890297e-09
4.282579993741819635e-06
4.779388884657009839e-09
1.733715180307626724e-07
1.773089763901225524e-08
5.203147690480136589e-09
4.322220092944917269e-08
1.230105652894053492e-07
2.071410376558446842e-09
2.894149133680912200e-07
1.294652776095972513e-07
7.855395445233170904e-09
1.810371799138010829e-07
9.660240607445302885e-09
2.208041749440781132e-08
2.018525862013120786e-07
1.428837270722738140e-09
1.367710528166199424e-10
4.427965905051678419e-08
4.165980060921725681e-10
6.546031841025978792e-07
4.085031868328314886e-09
1.532747546661994420e-06
9.254721788920505787e-08
0.000000000000000000e+00
2.518403929840928868e-09
2.519233266440323860e-09
0.000000000000000000e+00
4.201096692746375538e-10
2.521900022145473486e-09
4.938538822329974209e-08
2.642649121753493091e-07
5.323418150737779797e-08
5.746568998432621811e-09
3.958071204124280484e-09
1.906546032159894821e-08
1.127036686199289761e-08
1.568560281661746103e-09
2.087214706625317717e-10
1.261225435200685752e-08
1.582414022038847179e-08
2.913172370000438605e-09
8.316514140460640192e-06
1.855543843021223438e-07
6.048332323871363769e-08
8.797246486835774704e-09
5.275540893023844546e-09
0.000000000000000000e+00
2.714450053620254266e-10
4.683946119854454082e-09
2.844888513209298253e-06
6.576073019459727220e-09
7.676556634805820067e-08
1.038954366983091404e-09
2.864129156066042015e-09
0.000000000000000000e+00
1.147545525270743383e-08
9.752855412159533444e-09
2.341242634429363534e-06
0.000000000000000000e+00
3.144438665003690403e-08
0.000000000000000000e+00
0.000000000000000000e+00
0.000000000000000000e+00
6.387518118600166162e-12
7.161547443956806092e-08
3.477687693376196876e-09
0.000000000000000000e+00
0.000000000000000000e+00
0.000000000000000000e+00
5.501942723640240729e-07
1.309589547915379626e-09
2.372755991686403831e-09
3.147583527152164606e-08
6.653576889448231668e-08
4.290167865406147030e-08
0.000000000000000000e+00
0.000000000000000000e+00
9.062516070912352006e-09
3.296029893462559812e-09
4.677226073113160965e-08
1.130880944444356828e-09
3.820775251739405576e-09
7.884906239041811205e-08
2.305037298810930224e-07
6.675390409327519592e-07
0.000000000000000000e+00
7.547122038431552937e-09
8.770371984212488314e-09
5.490297994015236327e-09
1.576060100205722847e-07
1.001737473416142166e-06
6.109969419298977300e-09
5.659903656862752541e-09
2.799571241496323637e-09
5.939090885753728344e-10
1.519976644548393097e-10
7.116081612856817173e-10
1.113710652589361416e-07
1.983510244940589473e-08
1.295017284519417444e-07
5.168892016627069097e-07
1.136877045837536571e-07
8.960529207513445726e-09
1.188520393213821080e-08
0.000000000000000000e+00
3.502263590249299341e-09
4.565285482982517351e-09
8.368544079928597057e-09
3.415739691092767316e-09
5.261040492143820302e-10
0.000000000000000000e+00
0.000000000000000000e+00
0.000000000000000000e+00
9.924684718498610891e-07
0.000000000000000000e+00
1.964375542229390703e-07
0.000000000000000000e+00
0.000000000000000000e+00
4.597583647125702555e-09
1.323315415580061938e-11
6.032150423607163248e-08
1.173112522678820824e-07
1.934899172511390063e-15
4.354815466567352189e-11
2.805331522637288799e-09
2.596821779832225729e-08
0.000000000000000000e+00
0.000000000000000000e+00
0.000000000000000000e+00
7.016692560313231297e-09
1.060906740235623147e-08
2.037078061789543426e-08
9.204361717252140807e-10
2.355041601731500123e-07
1.215879220223259338e-11
4.227700856063165702e-08
3.927050240548624060e-09
1.059399443170683242e-10
4.853254687020580604e-09
0.000000000000000000e+00
0.000000000000000000e+00
3.594796238459707638e-09
1.024637228397295985e-07
3.312731422511205892e-08
4.782955143056710767e-10
9.021685798416001489e-08
1.105676328272409137e-09
2.096287659014706151e-07
1.696824192265466991e-08
3.913377781827875879e-07
3.050525947401183657e-07
2.985834912649920625e-09
6.222737880534623400e-08
1.136850301008962560e-06
1.722776801216241438e-07
6.098306926105578896e-08
1.326057201822550269e-07
7.953281766504005645e-08
1.739411104040300415e-08
7.051760064769041492e-09
6.780384609328393708e-08
1.864190608102944680e-06
3.391636255400953814e-06
3.290847416792530566e-07
2.342896152640605578e-07
5.374300258154107723e-07
1.213274369860073421e-08
6.052994772076658592e-10
2.022495806386359618e-07
3.904148559996656331e-09
1.668924625164436293e-07
7.013761571528220884e-09
6.937760588243691018e-09
5.279325240858945278e-11
4.676485900745319668e-07
3.041156730887450976e-07
9.977057402466016356e-09
1.577206347747051041e-07
9.795154909397751908e-08
8.503545956273228512e-08
7.551005154482481885e-08
2.040978444028951344e-07
2.372366623148991494e-07
1.412522543375871464e-08
6.351026371476109489e-08
6.224288284784051939e-08
6.650598152191378176e-07
1.964558578038122505e-07
1.511248228780459613e-07
7.402613846352323890e-06
6.698888199707653257e-08
2.237230631862985319e-07
1.112098360067648173e-07
7.291112158469559290e-10
2.206724047937314026e-08
1.818826262933725957e-07
3.199084108729266518e-09
3.362595979439220173e-09
2.344064284898195183e-07
1.384238998980436008e-07
3.442434948208727974e-10
1.469116295282901774e-08
1.710763086748556816e-07
2.747414029613537423e-08
1.783567142865649657e-07
2.113435357387061231e-06
5.588412024803979250e-11
2.642138241526481579e-08
2.475805729318381054e-07
1.149125978372467216e-06
7.810894153692515829e-10
4.757553725975860459e-11
4.215678472974104807e-06
6.442508748705222388e-09
4.320803270729811629e-08
6.898780924302627682e-08
2.086826640379513265e-07
1.897394525940399035e-07
2.286370062165588024e-07
9.698630787369211248e-12
1.295912266385812472e-08
2.905595319901976836e-09
7.332227625056475517e-08
2.404420484936053981e-08
4.689255561629579461e-08
1.452034894100506790e-06
6.242725589800102171e-07
9.900892605774203048e-12
9.345872964416912509e-10
7.372668875404997380e-08
8.139007690033395193e-09
1.020152808450802695e-06
5.867627095312855090e-08
0.000000000000000000e+00
2.184682296180184835e-10
1.784264291870840680e-08
2.478375543798951725e-14
1.052430365078294017e-09
0.000000000000000000e+00
4.215293447629164802e-09
0.000000000000000000e+00
0.000000000000000000e+00
0.000000000000000000e+00
2.216818728584257769e-08
4.328989007262862287e-07
2.907409868413424192e-09
2.839348383076867322e-07
1.586201747727500333e-08
3.341437349035913940e-09
2.871159665573941311e-08
1.708658814436603279e-08
4.857548141501411010e-09
6.624620141337800305e-08
6.893241977223851791e-09
1.378790415174080408e-09
0.000000000000000000e+00
7.554665226727763638e-10
1.190710179344023345e-07
4.041545196287188446e-07
1.971188545724089636e-08
4.406574873883073451e-07
6.330513002694715397e-09
3.788904745505305982e-09
0.000000000000000000e+00
4.791350534105731640e-07
1.345761688753555063e-07
5.514265155603936819e-10
1.481990352658613119e-08
1.579357672198966611e-06
5.247977242106571794e-06
0.000000000000000000e+00
8.376637339324588538e-08
0.000000000000000000e+00
6.241927508199296426e-08
0.000000000000000000e+00
6.426591880881460384e-07
1.733308891971319099e-07
0.000000000000000000e+00
0.000000000000000000e+00
0.000000000000000000e+00
0.000000000000000000e+00
0.000000000000000000e+00
5.507448719299645745e-09
2.722627900908491938e-09
6.700469623588389823e-10
8.468025586294558593e-11
9.311537496614619158e-08
5.522719675354892388e-06
0.000000000000000000e+00
0.000000000000000000e+00
4.212588056162758221e-09
9.404278571156776678e-12
1.469014865307372020e-08
7.088324593951256247e-09
0.000000000000000000e+00
0.000000000000000000e+00
1.445195266569498926e-06
1.492406087599817965e-09
6.580932421229590545e-08
2.871398976367345313e-07
4.399189776904677274e-07
2.128775236087676603e-07
1.120641741181316320e-06
3.579317464641462720e-08
3.471949639788363129e-06
8.318965569742431398e-07
5.925777486481820233e-07
1.561348312861809973e-06
5.602724968412076123e-07
2.526772391320264433e-07
1.218898205479490571e-06
2.386075948379584588e-06
1.656902099966828246e-06
5.643163945023843553e-07
2.978754082505474798e-06
3.033864288681797916e-07
2.429331516395905055e-06
1.055272946359764319e-06
2.014398660321603529e-06
3.804787866101833060e-06
6.241763912839815021e-06
8.810485269350465387e-06
1.429934968655288685e-06
2.829729737641173415e-06
1.551120249132509343e-06
7.723059525233111344e-08
1.059181613527471200e-07
2.632147584336053114e-07
3.589972834561194759e-07
1.013304768093803432e-06
1.718829594210546929e-07
1.891695660560799297e-06
1.122809408116154373e-06
3.660830527607572549e-09
4.577478307510318700e-07
4.697160704836278455e-07
1.155295876742457040e-06
6.646039878432929981e-07
1.025917117658536881e-05
9.154842928182915784e-07
2.299610514455707744e-06
1.451776711292041000e-06
9.505102980256197043e-07
1.957836275323643349e-06
1.911441586344153620e-06
3.209759597666561604e-06
1.033364540603542991e-07
3.855372767702647252e-07
1.009328684631327633e-06
3.566895259154989617e-07
3.837335782463924261e-07
5.314801455824635923e-06
2.283728690599673428e-06
2.707739440666045994e-06
2.379003262831247412e-06
4.783283657161518931e-06
4.695691131928469986e-06
8.354940064236870967e-07
3.080821215917239897e-07
4.898922725260490552e-07
1.691684815341432113e-06
1.709318667053594254e-06
7.859221682338102255e-07
7.333445637414115481e-07
2.976097732698690379e-07
1.393145652173188864e-07
3.342144339057995239e-07
1.161158138529572170e-06
1.813177618714689743e-06
1.326088522546342574e-06
9.871538253491962678e-08
2.629802793308044784e-06
2.615936978145327885e-07
1.307905904468498193e-06
2.096473508572671562e-06
5.776845668492569530e-08
3.567483020106010372e-07
6.475898430835513864e-07
5.711603989766445011e-08
6.851385023765033111e-07
2.917215269349071605e-08
6.961993221921147779e-07
4.573973626520455582e-07
2.097645506182743702e-07
1.058497559824900236e-06
6.789734356971166562e-07
5.641684310830896720e-07
2.484144374648167286e-07
5.071901227893249597e-07
5.739973119034402771e-08
3.308223767817253247e-06
9.142233352577022742e-07
8.071427828326704912e-07
4.123352539409097517e-07
1.995474150362497312e-07
3.196689931428409182e-06
1.493927129558869638e-06
4.984730406221160592e-09
2.364490825357279391e-09
6.216701535777247045e-07
1.552578154928596632e-08
1.524451320733533066e-08
2.820390534452599240e-07
4.486313684992637718e-07
7.593185102905408712e-08
2.723088812217611121e-07
1.348673634993247106e-07
1.572888308487563336e-08
1.680714376561809331e-06
9.657214832259342074e-07
2.135341787834477145e-07
2.669859213710878976e-07
5.233910655988438521e-07
1.106384161175810732e-06
8.311981218867003918e-07
6.359020972013240680e-07
1.762708848218608182e-06
1.116985799853864592e-06
7.192097655206453055e-07
1.896214939733908977e-06
5.038988547312328592e-06
1.037591118802083656e-06
1.931055351178656565e-07
2.019596195168560371e-06
2.192974307035910897e-06
1.532044052510173060e-06
7.963743655636790209e-07
6.394633373929536901e-07
2.152411582301283488e-07
5.178288802198949270e-07
7.549199949608009774e-07
3.687763978632574435e-07
1.380945377604803070e-06
6.534872909469413571e-07
1.128448161580308806e-06
3.782687372222426347e-07
1.314980977440427523e-07
5.241312805992492940e-07
3.160224082421336789e-07
3.405644974918686785e-07
1.279532739317801315e-06
2.053708385574282147e-07
6.345697443066455889e-07
6.675668373645748943e-08
2.704881012505211402e-07
2.926948106107829517e-08
1.563409568916540593e-06
6.828222609556178213e-08
7.839587965463579167e-07
5.193904684119843296e-08
1.284112443045160035e-07
3.424148644626257010e-07
7.669232218177057803e-07
4.313902195463015232e-07
7.899262044475108269e-08
4.162700690812926041e-07
5.598124630523670930e-07
2.424898639219463803e-06
0.000000000000000000e+00
1.248905956430235165e-08
1.010307060234083565e-09
9.224490327142120805e-07
1.115946535179546117e-08
1.123225175092557038e-07
1.577649300088523887e-06
5.900373025724547915e-07
4.524144515016814694e-06
2.615373887238092721e-06
1.232720933330710977e-06
1.298357801715610549e-06
3.952224574277352076e-07
7.389947995761758648e-07
1.291433591177337803e-06
4.753376572352863150e-07
6.488895110123849008e-07
3.389183689250785392e-07
6.126473977019486483e-07
8.688913908372342121e-07
3.227203933420241810e-06
1.291966782446252182e-06
1.032342333928681910e-05
2.632245923450682312e-07
3.214104538074025186e-07
4.381596738767257193e-07
3.616920025706349406e-07
5.766202093582251109e-07
1.533977979306655470e-06
1.215298084389360156e-07
2.772173104403918842e-07
7.995738826593878912e-08
4.379540996524156071e-07
6.692526994811487384e-07
2.129309848442062503e-07
5.911612674935895484e-07
1.735812560355043388e-07
2.970152479520038469e-07
1.429921212547924370e-07
5.068722774836942335e-09
3.178335248321673134e-07
7.339403964579105377e-07
1.383651948572151014e-07
4.356526872584254306e-08
8.441853793783593574e-08
2.417474149751797086e-07
4.174545722435141215e-07
2.922437545294087613e-07
0.000000000000000000e+00
2.130800282884592889e-07
5.048554996278653562e-08
9.428835312519368017e-08
1.458291265521438618e-09
2.057923254028537485e-08
1.212045731335820165e-06
3.818348091044754256e-07
2.693151941457472276e-07
1.821913713229150744e-07
3.729524422624308500e-08
1.413826453244837467e-06
2.098964735353092692e-08
1.175411625808919780e-06
1.711272716420353390e-06
3.470532661253855622e-08
1.644932467570470180e-06
1.329261635873990599e-06
5.435148295873659663e-07
4.484708426844008500e-07
9.091969559449353255e-07
2.763147222140105441e-06
8.265869269052927848e-07
7.595292004225484561e-07
4.062444531882647425e-06
1.939446434562341892e-07
3.975292202085256577e-06
1.212575057252252009e-06
3.170949867126182653e-06
1.362196144327754155e-06
1.016231863104621880e-06
1.962074748007580638e-06
1.788626832421869040e-06
4.584614089253591374e-06
1.325191419709881302e-06
7.484910469202077365e-08
5.100833959659212269e-07
3.537964516908687074e-07
1.104761437886736530e-07
9.044782700584619306e-07
1.399513280375686008e-06
1.154117967416823376e-06
2.744212110883381683e-07
2.566194325481774285e-06
5.163701644050888717e-07
3.874654908031516243e-07
3.526716056967416080e-07
1.960223926289472729e-06
2.774261531612864928e-07
7.061258315843588207e-07
4.578507457608793629e-07
8.652868643821420847e-08
4.424353505783074070e-07
2.469425375295486447e-08
1.757323275342059787e-06
4.911719031497341348e-09
4.207893198326928541e-07
2.815154971358424518e-07
3.634545464592520148e-07
2.844728612672042800e-07
4.099028316773001279e-08
2.363699422858189791e-06
4.381653795348938729e-08
1.088600583898369223e-06
1.842635469984088559e-06
8.908737072488293052e-07
2.218973577328142710e-06
1.433063630429387558e-06
2.094683395625906996e-07
1.398695985699305311e-06
1.137215033253369256e-08
5.207800413131735695e-08
2.335985271884055692e-08
4.753981954763730755e-07
4.266871300728780625e-10
1.688320239168206172e-08
1.713138786385570711e-08
3.936718684371953714e-08
1.260773174749374448e-08
2.937507481703960366e-08
9.700523051492382365e-09
5.767942568013495475e-08
4.220235272356376299e-10
7.723507451373734511e-07
2.458020276208117139e-07
1.067285097633430269e-06
5.678616616933140904e-07
3.430596734688151628e-06
4.644026674327506043e-08
8.728793545742519200e-07
1.374124963149370160e-06
2.712520426939590834e-06
7.718402343925845344e-07
2.922779003711184487e-06
3.527877424858161248e-06
9.870499297903734259e-07
7.376507937806309201e-07
4.580665972753195092e-06
1.823018038749069092e-07
8.164537348420708440e-07
1.370666041111689992e-06
1.657670964050339535e-06
1.378968931931012776e-06
1.613658014321117662e-06
5.739589141739998013e-06
1.426455014552630018e-06
4.130463366891490296e-07
2.734100917223258875e-06
5.482379492605105042e-07
3.987134533645075862e-08
1.847452750780576025e-07
1.017033264361089095e-05
5.151865707375691272e-07
2.644765118020586669e-06
2.932043514647375559e-07
2.195224851675448008e-06
3.684710350171371829e-07
2.553484179657061759e-08
1.395388977698530653e-07
5.023508151680289302e-07
4.483782049646833912e-06
9.759928616404067725e-07
1.645699512664577924e-06
5.712613315722592233e-08
4.296982297091744840e-06
7.810185138623637613e-07
5.212318114899971988e-07
1.080065771930094343e-06
4.433311005413997918e-06
4.378800440463237464e-06
5.122022912473767065e-07
5.318026978784473613e-07
2.303575911355437711e-06
1.150777166003535967e-06
1.830475326869418495e-08
1.242629252828919562e-07
1.828839657491698745e-07
3.869651710175503467e-09
4.322663116340663692e-08
1.346324438600277063e-06
4.255856111967659672e-08
2.371741913975711213e-07
3.782820385822560638e-07
3.199105833573412383e-07
1.230803974294758518e-07
1.660826143279336975e-07
8.727683962206356227e-07
1.058929086639182060e-07
1.240524625245598145e-06
4.514214197115506977e-06
1.381984304771322059e-07
1.344463157693098765e-06
5.016176487515622284e-07
3.377148459549061954e-06
5.094328230370592792e-07
8.772234139087231597e-08
5.643381655318080448e-07
5.786806411833822494e-08
3.523345242228970164e-07
0.000000000000000000e+00
0.000000000000000000e+00
5.591395506598928478e-07
1.644172357373463456e-06
0.000000000000000000e+00
8.035805763029202353e-07
4.998502390662906691e-06
1.009032757792738266e-06
7.468250462494552266e-10
1.434412297385279089e-06
1.886752102109312546e-06
1.298650090575392824e-06
1.627978235774207860e-06
2.153694822482066229e-06
1.491891453042626381e-06
5.338698088053206448e-07
1.597375785422627814e-06
6.614516223635291681e-07
1.743359575812064577e-06
2.497180275895516388e-06
2.315757910764659755e-06
1.158795839728554711e-06
8.848180073073308449e-07
7.125813681341242045e-07
4.029753597478702432e-07
2.875303550808894215e-07
1.436030743207084015e-06
3.040702551970753120e-07
1.049462412083812524e-06
1.506722128397086635e-06
3.184265153777232626e-07
4.119109178191138199e-07
1.278854028896603268e-06
6.292686975939432159e-06
1.755955736371106468e-07
9.036578774157533189e-08
3.035845708154738531e-08
3.259294089730246924e-06
2.840050115082703996e-07
7.355579896284325514e-07
1.323969156530324653e-09
3.469589771043501969e-08
2.797141185340024094e-08
1.467203425420393614e-08
3.720897154835256515e-07
5.169245582692383323e-07
1.613532162991759833e-06
1.595287244526844006e-07
2.604505425551906228e-06
7.046992323012091219e-07
4.360514083145972108e-08
2.893113526525326051e-09
7.090642517582068649e-10
0.000000000000000000e+00
1.319078933192940895e-06
2.209205263170588296e-08
4.422788535407562449e-08
3.285184675405616872e-07
2.385689201744867205e-09
2.513281970095704310e-06
2.653138153618783690e-07
2.303658419577914174e-08
0.000000000000000000e+00
2.718748646657331847e-06
3.121292365904082544e-06
1.300244889534951653e-06
2.499099991837283596e-06
5.840004178025992587e-07
5.961935016784991603e-07
2.403491635050158948e-06
6.579833211617369670e-07
2.328444452359690331e-06
1.682338279351824895e-06
6.072077241014994797e-08
3.982291673310101032e-06
1.206174260914849583e-06
2.982463911394006573e-07
9.798068276722915471e-07
1.821210560137842549e-07
1.745818622111983132e-06
8.518452054850911281e-10
8.884350677362817805e-07
8.178267307812348008e-07
6.476316229964140803e-07
9.088574159932250041e-08
7.979582505868165754e-08
2.289202569727422087e-07
1.268418031941109803e-06
7.750771146675106138e-06
6.393512990143790375e-07
3.253745717302081175e-07
4.649909968179599673e-08
1.076554525525352801e-07
9.863991863312548958e-07
1.525486368336714804e-06
8.871327850101806689e-08
7.288926099136006087e-06
1.684747417129983660e-06
2.897987769756582566e-06
1.138335960604308639e-06
0.000000000000000000e+00
2.497038167348364368e-07
2.833747885233606212e-07
3.298487261105265134e-09
8.634964387965737842e-08
7.234841198355823622e-11
0.000000000000000000e+00
0.000000000000000000e+00
0.000000000000000000e+00
0.000000000000000000e+00
0.000000000000000000e+00
0.000000000000000000e+00
1.009238914662091702e-08
0.000000000000000000e+00
2.933996938736527227e-07
0.000000000000000000e+00
0.000000000000000000e+00
3.653887006294098683e-06
5.037645678385160863e-06
3.060369408558472060e-06
2.183483502449234948e-06
1.242254597855207976e-06
1.191948172163392883e-06
3.872640263580251485e-06
1.313569555350113660e-06
1.251814978786569554e-06
1.215548081745509990e-06
4.918526883557206020e-07
1.244044938175647985e-06
8.788307468421407975e-07
2.905051815105252899e-06
1.095340849133208394e-06
2.023370598180918023e-06
1.205242256219207775e-06
2.407422925898572430e-06
1.848542865445779171e-07
1.004854198072280269e-06
2.203054236815660261e-07
1.988316284950997215e-07
1.311426672145898920e-06
9.057886529717507074e-08
5.259559543446812313e-07
9.473750992583518382e-07
3.964692325553187402e-07
3.810562702710740268e-06
9.385941552864096593e-07
0.000000000000000000e+00
4.469386567507172003e-07
3.719377730249107117e-07
1.465109136233877507e-07
1.440665073459967971e-06
5.650849743688013405e-07
2.585611582617275417e-06
1.792532913214017753e-07
2.414070877421181649e-06
1.906875546353603568e-08
1.306885621943365550e-07
1.420752795411317493e-07
6.102135898800042924e-07
1.578071533003821969e-06
2.226900086554906011e-08
9.626996444467295078e-08
1.636793172110628802e-07
3.937081146432319656e-06
1.664878794827018282e-07
1.697136582379243919e-07
5.704629302272223867e-07
1.835358034441014752e-07
9.521268395928927930e-08
1.410356844644411467e-07
0.000000000000000000e+00
1.599116444594983477e-06
1.211614062412991188e-06
0.000000000000000000e+00
9.831280678440634802e-09
9.109065217671741266e-07
5.093287995805440005e-07
1.902639290563001850e-08
1.591848608484269789e-08
1.266474036754061672e-08
1.930996177179622464e-06
5.274949921307836576e-10
8.636087045488238800e-07
4.107916083739837632e-06
2.028103153861593455e-06
2.470030494805541821e-06
3.596025521801493596e-07
9.863354080152930692e-07
1.466679009354265872e-06
1.351349965261761099e-06
4.691811170687287813e-07
6.241801884243614040e-07
7.125379397621145472e-07
1.423229321062535746e-07
6.469582558565889485e-07
1.214190092468925286e-06
3.942360308428760618e-06
5.015521651330345776e-07
1.116604153139633127e-06
1.584910592100641225e-06
2.101923428199370392e-06
1.023666072796913795e-06
2.880068223021226004e-06
1.291740829856280470e-07
3.019790710823144764e-07
1.725724807499773306e-08
4.260170385350647848e-07
3.869502336328878300e-07
7.500655669900879730e-07
6.180817422318796162e-07
2.706309487621183507e-07
2.219467489794624271e-07
1.827540700105600990e-06
1.335256229140213691e-06
0.000000000000000000e+00
9.754094207892194390e-07
1.708690092527831439e-06
8.052086286625126377e-08
1.872501002253557090e-06
4.591167055423284182e-07
5.258053761281189509e-07
2.923038167068625626e-08
3.087789764322224073e-06
1.301317951174496557e-07
6.737682269886136055e-07
6.658353299826558214e-07
5.091266302770236507e-06
3.277147868629981531e-07
4.271199998129304731e-07
9.879722284722447512e-08
2.317457301614922471e-06
1.392722197124385275e-06
2.262796897412044927e-06
5.805794899060856551e-06
1.252193555956182536e-06
2.132546569555415772e-06
3.583116949812392704e-07
3.728230012711719610e-06
5.075319791103538591e-07
4.838112204197386745e-07
3.267405759288521949e-07
6.274916586335166357e-07
1.017617591969610658e-06
3.995422446223528823e-07
2.898064792589138960e-07
1.075279897122527473e-06
2.994514147758309264e-07
7.854981731725274585e-07
5.226350481279951055e-07
1.296401563877225271e-07
2.804741143336286768e-06
1.202474209094361868e-06
9.916645922203315422e-07
4.688062631430511829e-07
1.916387873279745691e-06
1.893133685371140018e-07
0.000000000000000000e+00
2.666381533344974741e-07
6.560352261431035004e-08
1.892231615840955783e-08
1.051437038768199272e-06
9.149620616710762988e-09
6.224897042272914405e-09
0.000000000000000000e+00
0.000000000000000000e+00
6.446887024225134155e-09
1.531564564061227429e-08
0.000000000000000000e+00
0.000000000000000000e+00
0.000000000000000000e+00
0.000000000000000000e+00
0.000000000000000000e+00
0.000000000000000000e+00
0.000000000000000000e+00
1.247572462004242766e-10
0.000000000000000000e+00
0.000000000000000000e+00
1.071758447324100416e-06
4.934824460178788286e-07
8.158054676243864378e-09
0.000000000000000000e+00
9.389950719196349382e-07
6.044923793524503708e-06
8.429968829659628682e-07
7.516289883824356366e-07
1.056903897733718622e-06
2.758016989901079796e-06
1.803961367841111496e-06
1.541135361549095251e-06
6.350068701976852026e-07
2.093993998641963117e-06
1.182867663374054246e-06
1.079725166164280381e-06
1.006791308100218885e-06
7.317747758861514740e-07
6.596789603463548701e-07
4.226381406624568626e-06
3.018093138962285593e-06
1.192514446302084252e-06
6.361256623677036259e-07
4.379013489597127773e-07
1.541932419968361501e-06
1.769591762013078551e-07
1.264478669327218086e-06
1.003551574285665993e-06
4.554739462037105113e-06
2.812952004660473904e-07
4.080723670085717458e-07
4.792867969172220910e-08
1.802247240334509115e-09
0.000000000000000000e+00
1.023788982479345577e-07
2.234915967846973217e-07
2.077838701097789453e-07
2.270819095429033041e-06
1.971882213069875434e-09
5.444704243018350098e-07
1.538677025791912456e-07
4.391868060338310897e-06
2.461695380873152317e-08
1.346626987697163713e-08
9.303457559894923179e-09
8.694003739151412447e-09
0.000000000000000000e+00
3.261730885384395151e-09
3.738587679436022881e-07
0.000000000000000000e+00
0.000000000000000000e+00
4.092654535270412453e-07
3.850464963761623949e-06
1.684391918388428167e-06
1.872618668130598962e-06
2.077845465464633889e-06
4.195250767224933952e-06
1.764105149959505070e-06
4.536806500254897401e-06
1.649643536438816227e-06
1.900476149785390589e-06
5.077291689303820021e-07
1.574406724103027955e-06
5.958708584330452140e-07
3.205725818133942084e-07
2.161402107958565466e-06
2.882323997255298309e-07
6.553683306265156716e-06
9.010267945086525287e-07
2.428055445591326134e-08
4.601669388648588210e-06
3.050830912343371892e-07
0.000000000000000000e+00
2.193769006453294423e-07
0.000000000000000000e+00
9.340024753612397035e-09
4.156071611305378610e-07
8.742946988604671787e-07
1.920990939652256202e-07
2.868847559511777945e-06
0.000000000000000000e+00
0.000000000000000000e+00
0.000000000000000000e+00
0.000000000000000000e+00
2.475348708230740158e-07
2.607341684779385105e-07
3.544211679695763451e-08
0.000000000000000000e+00
0.000000000000000000e+00
0.000000000000000000e+00
0.000000000000000000e+00
0.000000000000000000e+00
0.000000000000000000e+00
6.579790010619035456e-07
1.961924908755463548e-06
4.974981493433006108e-07
1.200125734612811357e-05
2.118923930538585410e-06
1.733770773171272594e-06
4.902369255432859063e-06
1.158821487479144707e-05
4.776677087647840381e-06
8.199643986017690622e-08
0.000000000000000000e+00
0.000000000000000000e+00
0.000000000000000000e+00
3.767922294173331466e-07
8.755819180805701762e-07
