1.842425081122200936e-05
1.225881440802822908e-08
4.114468993066111580e-06
1.472305143579433206e-06
1.159276337148185121e-07
1.377135916413863015e-08
5.357181365184260358e-08
1.481602307507046135e-08
1.157360804415752398e-10
1.181473180622560903e-05
4.408094866903411457e-07
4.136688403377775103e-06
3.699559329106705263e-06
4.489278580876998603e-06
2.922202293120790273e-05
3.949657184421084821e-06
1.773026383489195723e-06
7.874572247601463459e-07
2.071211838483577594e-06
1.129729480453534052e-05
6.515225777548039332e-06
4.655586963053792715e-06
1.547424588466128625e-08
1.990660712181124836e-05
5.484087068907683715e-06
7.957324669405352324e-06
4.650746632250957191e-06
1.163253364211414009e-05
3.725806664078845643e-06
8.120698566926876083e-07
7.380048373306635767e-06
3.798485522565897554e-06
2.365653244851273485e-06
7.273684786923695356e-06
2.534310112878301879e-07
5.656588200508849695e-06
1.637276000110432506e-05
3.291050234111025929e-05
3.576220706236199476e-07
9.354122994409408420e-06
3.842753812932642177e-06
2.367911292822100222e-05
2.986317895192769356e-06
0.000000000000000000e+00
3.439791498749400489e-06
1.421675460733240470e-05
2.268175421704654582e-06
2.006680915656033903e-06
4.207937998046418215e-09
4.093504202273834380e-09
2.490266524546314031e-06
1.715495727694360539e-06
1.925753167597576976e-06
2.519067675166297704e-05
2.140298192898626439e-06
3.015475840584258549e-06
2.875870222851517610e-06
6.514072083518840373e-06
1.821750174713088199e-06
2.085514324789983220e-06
2.246967051178216934e-05
4.349159326011431403e-07
2.018358600253122859e-06
1.677437637681578053e-07
3.031239657502737828e-06
2.849561724360683002e-06
3.688174047056236304e-06
1.030433395499130711e-06
2.698742537177167833e-05
3.579209305826225318e-06
1.454003722756169736e-06
1.381434776703827083e-05
3.946433366763812955e-07
8.033049198274966329e-06
4.888624062004964799e-06
9.158875400316901505e-06
3.882204055116744712e-06
8.116214758047135547e-07
6.644927907473174855e-06
2.262384441564790905e-06
3.266405883550760336e-06
5.161603439773898572e-06
3.114019364147679880e-06
5.831950147694442421e-06
1.240263827639864758e-06
2.936401870101690292e-06
2.365607724641449749e-05
2.069504716928349808e-06
3.369859041413292289e-05
4.648855338018620387e-06
1.064696334651671350e-05
2.538685657782480121e-05
4.650793471228098497e-06
3.881235898006707430e-06
7.267814453371101990e-06
1.369186520605580881e-05
3.597923523557255976e-06
1.219229397975141183e-05
9.321526022176840343e-07
8.861603419063612819e-06
6.788140467506309506e-07
1.136367882281774655e-05
9.331466571893543005e-06
9.663456239650258794e-07
9.823273785514174961e-07
1.358157987851882353e-06
1.950687692442443222e-05
2.092356044158805162e-05
1.123062133956409525e-06
1.246400097443256527e-05
2.948947894765296951e-06
4.379113306640647352e-06
1.584379333507968113e-06
2.857076106010936201e-05
1.726398295431863517e-06
2.944034349638968706e-06
8.619004887577830232e-08
2.627291735279868590e-07
5.646093654831929598e-07
1.330051077275129501e-06
1.254536186934274156e-06
9.240348845196422189e-06
2.362651629894685357e-09
1.629318404638979700e-07
6.508039973596169148e-07
2.021794898610096425e-06
1.575245505591738038e-06
3.743855447879695930e-09
2.146283861748088384e-08
9.136936540699025500e-09
1.038626109561846533e-07
1.987530851010888000e-08
2.231814960396150127e-06
1.967884782061446458e-05
9.059294114877047832e-08
1.174489572264292292e-08
1.410726326867006719e-05
1.796363335415662732e-06
2.096003072438179515e-06
1.860089241745299660e-06
8.441011232207529247e-06
2.401384335826151073e-07
4.541375801636604592e-06
4.727313012153899763e-07
8.243197235913157783e-09
4.049906237924005836e-06
4.257206455804407597e-06
5.924333468243503376e-09
2.358410284841738758e-07
4.943606199958594516e-07
3.807182125115105009e-08
1.853757908065745141e-06
1.528423787533483846e-08
1.913691676236339845e-07
2.059531922782298352e-08
2.344508516216592398e-07
2.194357875850982964e-06
6.366445290950650815e-07
4.731624812848167494e-06
2.467889316903892905e-06
1.004164218443293066e-07
3.036300881831266452e-07
2.227154482170590200e-06
1.281420480836459319e-08
2.172266704292269424e-06
1.672852647516265279e-07
6.596974966299740117e-09
4.220446783165243687e-07
1.023749085504732648e-09
7.535471979736030335e-08
2.422044564909242581e-09
1.068465493858639093e-08
2.782841420412296429e-06
1.727447518362623669e-08
4.783001941177644767e-07
5.545105068449629471e-06
2.963553180634903583e-09
3.226106628062552772e-06
5.061078240942151751e-07
7.051784905343083665e-06
1.857667086824221769e-08
2.402022225567179703e-08
2.360204234719276428e-05
9.135915206570643932e-07
2.128653932231827639e-06
5.468054496304830536e-06
3.524129624565830454e-06
8.484273166686762124e-06
8.023202440199384000e-07
0.000000000000000000e+00
3.723555437318282202e-06
6.835708887820146629e-08
4.461417972834169632e-07
0.000000000000000000e+00
7.955037290230393410e-06
2.788749897675302236e-09
3.814242290900438093e-07
3.593068598206627939e-08
3.032750726106314687e-07
2.108372001430325327e-07
6.514992634265581728e-08
2.003305468178950832e-07
1.602056727278977633e-07
7.345958010773756541e-07
2.813325863826321438e-06
6.553098614858754445e-07
8.320925104499110603e-08
5.466545882626405728e-09
3.105435908423714864e-08
3.544751692174941127e-08
1.122460790980994716e-09
2.578263718078233069e-07
4.449158552688459167e-08
2.529516507365769939e-08
1.248933223507719958e-08
8.749729545343143400e-07
6.103273335611447692e-07
2.350551312702009454e-06
5.953068011876894161e-07
7.368103069893550128e-06
9.276042760575364809e-07
2.257237383673782460e-06
5.278633086192030532e-09
2.861206212401157245e-06
1.276733883059932850e-07
2.531199072564049857e-07
6.479693226424387831e-09
3.154384131676124525e-08
3.502975687297293916e-06
3.941476734325988218e-06
8.675382900946715381e-07
1.557222049086703919e-06
1.934768761202576570e-06
1.210691266351204831e-06
1.778397063390002586e-06
9.745315310283331200e-07
1.621592815581607283e-08
1.608745208159234608e-07
0.000000000000000000e+00
6.478805403276055586e-08
8.782743421420491359e-09
2.286615199409425259e-06
0.000000000000000000e+00
2.509261207706003916e-07
3.769687673127464222e-09
2.322019270195596619e-07
5.522804258362157270e-08
9.872142072708811611e-07
1.303791805185028352e-06
2.772454932298273889e-09
1.256606338984056492e-07
1.066826257556385826e-06
1.612762957847735379e-06
1.700661833581307292e-08
1.356968981625072956e-09
3.525840508444844090e-09
3.302918605285753983e-09
9.103118259190523531e-08
2.922259767501600436e-08
1.845047108872677200e-06
6.898002538946457207e-06
1.467914785280299839e-06
9.373444527227547951e-07
1.780434331521973945e-06
4.503422912360832697e-10
6.079930781055509215e-09
5.398237590270582587e-07
2.524836517636686040e-08
6.741588176595314508e-09
9.991637028861077852e-08
1.143086159061112994e-08
5.304307038045408262e-08
3.505727930175339679e-09
2.605914062314695911e-07
1.970302264453493990e-06
1.221847696797340177e-06
3.412560829474386992e-07
9.755622976115319034e-09
1.058315547197707929e-06
7.507580335186503362e-09
2.228763396061594904e-09
1.251154060355474940e-07
6.240722427719447296e-08
0.000000000000000000e+00
1.609693356385832885e-07
3.573029800918448018e-07
7.176640792749822140e-06
6.637423553002008703e-07
1.257813551092112903e-06
4.646788909212773433e-08
2.169822892028605565e-06
7.079671604515169747e-07
2.206350124822620273e-08
0.000000000000000000e+00
1.536657521228335099e-07
1.071557775844667049e-08
2.159061523343552835e-06
5.610815634327082080e-08
8.939063604884722736e-07
9.534004448141786270e-07
1.563246598834666656e-07
8.484429159238970897e-09
0.000000000000000000e+00
0.000000000000000000e+00
0.000000000000000000e+00
1.605784746061544865e-06
1.137972844844625797e-06
8.003739537798537640e-08
1.350897917973270523e-07
4.296473719023197191e-07
2.607507440188783221e-06
6.838220087956869975e-07
5.378024781066415017e-08
1.013544164152335725e-07
3.118157110293395817e-06
2.076750888591050170e-06
2.635005557749536820e-06
1.540120808662948093e-09
1.376046583345669205e-07
6.459860060203936882e-07
6.276879958022618666e-07
1.662395554546947096e-08
9.616127893963266615e-10
6.157059573297374300e-08
1.110448579311196227e-06
1.571828889268545026e-08
4.274604847864793555e-08
6.027828476362628862e-07
3.664125927116401726e-07
2.083019801091268164e-08
3.946758653228243929e-08
5.017861440137494355e-06
4.014476871816441417e-06
3.294326802461000625e-07
1.110247126234753523e-06
3.685150886667543091e-07
2.182617109269813227e-08
8.588091304773115553e-08
4.054718505397403305e-10
1.421165546355851461e-10
1.244422151103208307e-06
1.156745383923407644e-07
1.815787840087068616e-07
1.646699047341826372e-06
8.715614967513829470e-07
6.905356713104993105e-07
5.346411171558429487e-07
0.000000000000000000e+00
9.848159265857248101e-08
2.454428624787396984e-07
1.070564735528023448e-06
1.506626290392887313e-06
4.924644372295006178e-07
2.489445023456937633e-07
3.059314622078090906e-06
0.000000000000000000e+00
1.650426497690204997e-06
5.138662686476891395e-07
3.777295987106299435e-08
7.300435754586942494e-06
3.569442242223885842e-06
0.000000000000000000e+00
5.396249889599857852e-06
1.767155453080704319e-07
6.293213772323724697e-08
0.000000000000000000e+00
4.664335584436685167e-11
4.019802091193014348e-08
6.062403826945228502e-06
0.000000000000000000e+00
3.143273715977557003e-06
6.152746436782763340e-07
1.524760705251537729e-06
2.099716027714748634e-07
6.404867463061236776e-07
8.187554101368732518e-08
0.000000000000000000e+00
0.000000000000000000e+00
2.754680927807839907e-09
3.378273731868830509e-07
1.946063861169022857e-07
5.602209185440187866e-08
0.000000000000000000e+00
5.352358130039647222e-06
4.481307769310660660e-06
6.257313998503377661e-06
0.000000000000000000e+00
0.000000000000000000e+00
2.888160111069737468e-07
8.616260629423777573e-07
0.000000000000000000e+00
2.817099664653710533e-09
3.092974907303869259e-07
0.000000000000000000e+00
9.399996514503072831e-08
2.846501345743490674e-08
6.852186040795515964e-10
4.669580278005014407e-08
4.316945023674634285e-07
5.134668157324995263e-08
1.033244743098293839e-07
7.592856121618751786e-08
2.675741654911689693e-07
5.979805983713504247e-09
1.312459289692924358e-06
6.948692288233360159e-09
1.385255021801867770e-08
1.887085687712897197e-08
3.180277417413890362e-06
1.210558934872096870e-06
3.340751959512999747e-07
6.559680514328647405e-06
3.587494035173222073e-08
1.663991042732959613e-07
1.983542432526519406e-07
1.678602188803779427e-06
8.751013069741020445e-07
9.507434839406414540e-08
8.414762220354532474e-08
5.724897533809780725e-08
2.537553882575593889e-06
4.507651738094864413e-06
9.885056897473987192e-07
8.675113463141315151e-07
3.312413454636953247e-08
4.810729592463758308e-07
3.053499312954954803e-06
6.294965260167373344e-07
9.021350422244722722e-08
1.014915884667288992e-08
3.692381142172962427e-06
4.939176392326771747e-07
1.997700493916454434e-08
7.115241373867320362e-07
2.892614077154576080e-07
7.223879379125719424e-07
4.573197998070099857e-07
3.805406123547072639e-08
1.475735757594520692e-06
2.269443086788669461e-07
1.141635310591970764e-11
5.154800319928654062e-08
0.000000000000000000e+00
6.497410609540565929e-09
4.694304607255617157e-07
4.522980390220254776e-08
6.315907512544072233e-07
8.695768087818578351e-07
3.619501498519639426e-08
9.441276205279791611e-09
5.934452929068356752e-07
2.479924532394761627e-08
5.246115541979179397e-09
9.832849201529825223e-09
4.679705156718227954e-08
7.925025613531033741e-08
8.780872207125867135e-08
7.473701657545461785e-09
2.649636621221418409e-10
0.000000000000000000e+00
0.000000000000000000e+00
1.105225601349957287e-05
0.000000000000000000e+00
0.000000000000000000e+00
3.252889346772036561e-10
0.000000000000000000e+00
4.207340253969960031e-08
0.000000000000000000e+00
1.853316167199636766e-09
5.636571209777230251e-09
1.040245479089207947e-06
0.000000000000000000e+00
1.934426336447359063e-06
1.239938143271501758e-07
1.889489908535324503e-06
1.211063516137755869e-08
0.000000000000000000e+00
8.077187629851323436e-08
8.966701159351941897e-08
2.812359525705687702e-06
0.000000000000000000e+00
7.211420349761965554e-10
7.442851668315597635e-09
1.238098263911524555e-07
1.366249779977124490e-09
6.026160690453252755e-07
3.152859335386892781e-06
4.001047102519805776e-07
9.171097872240352444e-07
2.992451009209418089e-10
1.781563696567900479e-08
1.887564593516799505e-08
2.722136059674085118e-06
5.655903692058927845e-07
4.536768116736311640e-08
6.394650586827310690e-09
1.489797529785619190e-08
2.341330826993726077e-07
1.726583853667307267e-08
4.372641981831293378e-08
2.714690708671696484e-06
1.466853092324527097e-07
0.000000000000000000e+00
5.651099033165962737e-10
4.223190686047928466e-09
8.550372854188026395e-07
4.643043212126940489e-06
1.720388524972804589e-07
7.273626465575944167e-07
1.908335001132854813e-08
7.692084125210385537e-08
1.949706813775264891e-07
2.452459924029426475e-08
0.000000000000000000e+00
0.000000000000000000e+00
7.028302775324846152e-07
1.431651064365269121e-08
7.661743239850693499e-09
1.245796426019296632e-07
4.052571512147551402e-06
5.013648873841702880e-08
0.000000000000000000e+00
3.415310700916052156e-09
0.000000000000000000e+00
0.000000000000000000e+00
1.700152796324516657e-09
1.066197228283272125e-07
0.000000000000000000e+00
0.000000000000000000e+00
4.022457922303601663e-09
9.338337747522018617e-08
3.183994579103455180e-08
3.386736580068827607e-08
8.241494953153960523e-08
1.691582411922354368e-07
4.495859400321933208e-07
2.396292984485626221e-06
6.396020935106605521e-10
7.966340263010351919e-07
1.524115646134305280e-06
1.365002688658023544e-08
0.000000000000000000e+00
1.872650301493195002e-07
0.000000000000000000e+00
9.586329952071537264e-09
0.000000000000000000e+00
4.931674766339710914e-07
1.925660297885656291e-09
2.396166998153148597e-08
8.087843283988149778e-09
0.000000000000000000e+00
4.516286935540847480e-07
9.141535883827600628e-08
6.637530532316304743e-06
7.053419892599777086e-08
1.930343351830288157e-08
0.000000000000000000e+00
9.535044227959588170e-06
6.218952421477297321e-06
1.907694269220883143e-07
7.104339374564005993e-07
5.956296718068188056e-06
3.463150278548710048e-06
0.000000000000000000e+00
5.407544279023568379e-08
1.629491492849410861e-07
2.081841898871061858e-08
1.485519884880659447e-08
6.458985239987669047e-07
3.734996312232397031e-08
4.810570999325136654e-07
3.823876681963156443e-08
4.500917896166356513e-07
6.957171727606237255e-09
6.875682601048538345e-08
3.132259507765411399e-06
2.144364241729590503e-09
6.056855909264413640e-06
1.513862912361219060e-06
5.352728393859251810e-08
3.594784914184856461e-09
5.152995754542644136e-07
2.744548766031584819e-08
1.796960624744770030e-08
3.514603363896640076e-08
1.675740577411488630e-07
5.387973445181160059e-08
1.164793161478883121e-06
5.098251563140365761e-07
4.563041144933777105e-08
1.665400084505108680e-08
1.416285954292106908e-06
8.420379060680716066e-09
4.160381195106310770e-08
7.090259046549363120e-09
4.529266206532156502e-08
2.245278238888204214e-07
2.594933379285180308e-09
8.349489917236496694e-07
1.071417386810935568e-06
7.100575658114394173e-06
4.017673234102403512e-07
1.384138954563240986e-07
1.466923890802718233e-06
3.606769780617469223e-07
5.855176823388319463e-07
2.297536184414639138e-06
2.841792365870787762e-06
6.080576042677421356e-08
0.000000000000000000e+00
1.472100876753756893e-07
0.000000000000000000e+00
3.675813076142731006e-08
5.994890361904481324e-09
3.126894853267003782e-06
5.370781508418076555e-08
4.072252535181064559e-10
5.756246679311516345e-08
0.000000000000000000e+00
0.000000000000000000e+00
3.771288703546815668e-08
6.510741723531054959e-09
0.000000000000000000e+00
0.000000000000000000e+00
1.967052412510383874e-06
2.621228816224174807e-07
2.891604538035608130e-07
7.920128268779080827e-07
4.632563843642856227e-08
0.000000000000000000e+00
0.000000000000000000e+00
2.935525245106873626e-08
0.000000000000000000e+00
0.000000000000000000e+00
0.000000000000000000e+00
0.000000000000000000e+00
5.064138264287976199e-08
8.838393114274367690e-06
1.421557129788197926e-07
4.620457971782343520e-08
0.000000000000000000e+00
5.820581350235443097e-07
0.000000000000000000e+00
8.067653212151526532e-09
1.037457309394085314e-06
0.000000000000000000e+00
1.283301465093700244e-09
6.293594534412250141e-09
0.000000000000000000e+00
0.000000000000000000e+00
0.000000000000000000e+00
2.093015382342855446e-06
1.121309356477695474e-08
1.150865841736958828e-06
0.000000000000000000e+00
5.712933557333599310e-07
1.507624034502441646e-07
2.897967021908698371e-07
1.157696232212401810e-07
7.437918725372583140e-07
0.000000000000000000e+00
1.967887783393962309e-06
4.458832947307200811e-08
2.914980257173738210e-07
2.240551966181669741e-09
1.303283056586224120e-06
0.000000000000000000e+00
0.000000000000000000e+00
0.000000000000000000e+00
1.965940299442081596e-09
0.000000000000000000e+00
3.110504280812165234e-07
0.000000000000000000e+00
9.345922649117710534e-07
5.828124205464746410e-09
9.556647140307461541e-11
1.071201016777934001e-09
1.009348693514766637e-07
3.268420130098093068e-07
1.405733314641111065e-06
3.458024755431665653e-09
9.571487602499928471e-09
1.085711964776692184e-09
1.543913974444421910e-08
3.977408766786538763e-07
1.628876304948789766e-07
1.501167901096778223e-08
3.062416320531724523e-09
2.973307289266813314e-07
5.537963421176073098e-09
7.413454028437627130e-08
1.388617842934536384e-08
2.932737963590170693e-08
1.700667553450330161e-07
1.157977109755847778e-07
1.988034682653960772e-06
1.334072067038505338e-06
2.051688170467969030e-07
1.890938605697556341e-08
1.310434868173615541e-06
3.528474053382524289e-06
8.162507114661821106e-09
7.231634402415920704e-09
6.149238629404862877e-08
1.148110186477424577e-06
1.109061258830479346e-06
1.013899577628762927e-06
6.690945156151428819e-06
2.847772861969133373e-08
2.750385647232178599e-06
5.998538110674189738e-09
1.127820397073264758e-07
8.416768615404635057e-09
4.601009095495101064e-06
5.282613102508548764e-08
4.289866240014816867e-07
1.702375811873935163e-06
1.944579253176925704e-07
1.378061028844967950e-06
7.765218015265418217e-07
2.949657982753706165e-06
3.120314318039163481e-07
2.234370271025909460e-07
6.498812865629588487e-08
1.481067157804716317e-09
1.226891981787048280e-05
1.770696940184279811e-06
3.880627374996947765e-09
2.409701771455274866e-08
2.261897336097717925e-10
0.000000000000000000e+00
4.091268237971235067e-06
2.493144890536314051e-08
0.000000000000000000e+00
1.269426093131187372e-07
1.423855167104193242e-07
4.789327157084244391e-09
3.324817043903749436e-08
0.000000000000000000e+00
1.521091689937748015e-06
7.744374919127494650e-09
1.742289299500043853e-07
3.610929525166284293e-06
1.822277909013791941e-06
3.315450953778054100e-07
8.935701067969148426e-09
3.802379637818376068e-07
3.502709944314119639e-08
0.000000000000000000e+00
0.000000000000000000e+00
9.030475212057353929e-07
1.923366426126449369e-07
1.429745322134579055e-09
0.000000000000000000e+00
4.127012289245612919e-06
5.250750501062384501e-09
5.288684601367776850e-09
0.000000000000000000e+00
1.340185407094907077e-09
3.872076548283587272e-10
0.000000000000000000e+00
0.000000000000000000e+00
0.000000000000000000e+00
0.000000000000000000e+00
2.430654966190104460e-08
2.977672863835323369e-07
0.000000000000000000e+00
1.623415638030145658e-11
1.011102426673460286e-06
2.658424591572838835e-07
0.000000000000000000e+00
3.794339953344660898e-09
4.125589612158364616e-07
0.000000000000000000e+00
8.587791033853875433e-10
4.159184996410658641e-09
1.934672809511539526e-06
4.323122198002238292e-07
7.611443919586236007e-08
5.395262903107322927e-09
1.154352791132851053e-08
4.285088266442471649e-07
3.389435960343689658e-06
8.239179294378118357e-08
6.767297122678428423e-08
3.390631491129170172e-07
6.626729387448904163e-09
1.034563901214369253e-08
4.357518719189101830e-06
9.255420962972493726e-08
1.046575903274060693e-06
2.851829322025878355e-06
1.960133744205450057e-07
1.034781931252837239e-07
1.018148850562283769e-06
1.082900951132614864e-07
1.141984018460107109e-08
5.859588782186619937e-06
1.515611984359566122e-06
1.747839775134707452e-07
2.775549390321430110e-08
8.573580956294790667e-09
2.582378311188904263e-09
9.350453183287754655e-06
1.399636971655127127e-06
2.035755187534959987e-06
1.254624137914106541e-08
1.400085238856263459e-06
1.354784895379879117e-10
2.813984778526901209e-08
3.216938182504236465e-07
1.828511244639230426e-07
4.783623097637246246e-08
1.266459026538768740e-08
0.000000000000000000e+00
5.688274740123233641e-08
4.222388554353528889e-07
2.042736184648674680e-07
2.422607359164885565e-08
6.623153581131191459e-09
2.707221113951163716e-09
2.938128886853519361e-07
1.298619523026900424e-08
3.451411600963183446e-07
5.869557284654547402e-09
8.466451539845820662e-09
6.180564948721212204e-10
0.000000000000000000e+00
4.545149749901611358e-06
9.491959644947201014e-07
0.000000000000000000e+00
5.102182058180915192e-06
0.000000000000000000e+00
8.846039918353199027e-07
2.341566718300214234e-09
0.000000000000000000e+00
0.000000000000000000e+00
0.000000000000000000e+00
5.559360749529673740e-10
0.000000000000000000e+00
1.718868603006740159e-08
6.788015927128299154e-09
0.000000000000000000e+00
0.000000000000000000e+00
0.000000000000000000e+00
0.000000000000000000e+00
1.054916043408127280e-09
0.000000000000000000e+00
1.383583935421484057e-06
8.816268604050492286e-09
1.413019923290903535e-08
0.000000000000000000e+00
9.313166060564981308e-08
0.000000000000000000e+00
1.625280354744518263e-08
2.954846252123388695e-07
8.154548702954400596e-10
7.573136562299964680e-10
7.504652899115171749e-08
1.444301460651331581e-07
1.345713513956070528e-07
5.365156539482995868e-06
8.264650297462594608e-09
0.000000000000000000e+00
2.162677681383229356e-08
6.013404441063130434e-09
1.615131672849656752e-08
0.000000000000000000e+00
2.125493531179856177e-11
5.175556339054310229e-07
0.000000000000000000e+00
9.087778529703882668e-09
0.000000000000000000e+00
9.012418367149166443e-09
0.000000000000000000e+00
4.194030367443701834e-08
2.503919960261669075e-09
0.000000000000000000e+00
1.821195971807298974e-10
0.000000000000000000e+00
0.000000000000000000e+00
0.000000000000000000e+00
6.545830046889022924e-07
1.752365164975344669e-06
9.486296297100960118e-12
3.102856499026529491e-05
8.119475751300342381e-06
0.000000000000000000e+00
1.418242590034424211e-08
1.570666512407115079e-07
0.000000000000000000e+00
9.988646354486263590e-09
1.402676957695803139e-06
0.000000000000000000e+00
7.203052376780760824e-09
1.361812110189930536e-06
0.000000000000000000e+00
7.228749154819524847e-07
0.000000000000000000e+00
9.639716580522872391e-08
7.668033504160121083e-06
5.892377141769600257e-10
3.085452560114276821e-09
4.474266290799278067e-07
5.368352162804512773e-07
2.830707401813015167e-08
1.171304191416311369e-07
1.120172896662552375e-06
1.374301518808351830e-06
1.978095696131276782e-07
1.897725887545220758e-08
7.781382649341139768e-09
1.720000669669374815e-10
5.773581435164487630e-08
6.074887437534925994e-07
4.496969268075190485e-07
8.416076863193566737e-11
1.422538673523376929e-07
1.424633751412329730e-06
3.500322236504871398e-07
3.955996703552955296e-07
9.190866308017575648e-07
3.501834378027979255e-10
3.483617092570057139e-07
2.352312344910956199e-09
1.496862523708841763e-06
8.841107614898646716e-07
1.446268527161009843e-07
2.499307925063476432e-07
2.286099288539844565e-06
3.101529557625326561e-07
8.812772875899099745e-07
2.640252318997227121e-07
1.303672831909352681e-07
4.407202709444391076e-07
3.827070997886039549e-07
3.633827960758395648e-11
0.000000000000000000e+00
1.400391447248239274e-08
0.000000000000000000e+00
5.263100320007652044e-07
1.849096015194007236e-10
0.000000000000000000e+00
4.100138184526258556e-08
9.154535263178331661e-08
8.867515610688769812e-09
2.645900032405279489e-08
1.833311280563520995e-09
4.340884096620811761e-09
1.047246769303455949e-06
3.662743708332527603e-08
7.729077111662263633e-08
1.638554749661125243e-06
0.000000000000000000e+00
0.000000000000000000e+00
0.000000000000000000e+00
0.000000000000000000e+00
0.000000000000000000e+00
0.000000000000000000e+00
2.490301520552407055e-09
0.000000000000000000e+00
3.551046390271039854e-08
1.449506625839092067e-09
6.462234409809752833e-07
0.000000000000000000e+00
7.945183400082100889e-11
3.131714038318023086e-06
1.733148906168935355e-06
7.440119702550873626e-07
4.211000881326754097e-09
7.756165709693618737e-10
0.000000000000000000e+00
6.087208248573006131e-07
9.684626434136589523e-09
1.068325183634262487e-13
1.726794380374485627e-06
1.358644823312715744e-07
4.147210290739167249e-07
1.454827280866766159e-08
1.841927428358758334e-06
4.007041809472866589e-09
0.000000000000000000e+00
9.897175301532001868e-10
0.000000000000000000e+00
3.307501401650370099e-07
0.000000000000000000e+00
0.000000000000000000e+00
7.870935974096937571e-07
9.539717460427254991e-09
0.000000000000000000e+00
7.915921251822055638e-09
0.000000000000000000e+00
8.208996405301149935e-06
0.000000000000000000e+00
0.000000000000000000e+00
3.804116577299510027e-09
5.562525018376618391e-08
0.000000000000000000e+00
1.553084771899193584e-08
1.651702441485269901e-09
0.000000000000000000e+00
1.205369581924742306e-08
1.083156803360907361e-06
2.759632309334847378e-07
1.064585530841100081e-09
9.676966783445095643e-09
5.823606841204309603e-08
3.598434744622736048e-11
3.110321358690271154e-06
1.612048627919193677e-08
0.000000000000000000e+00
6.993046142156345013e-09
1.742519941672071582e-07
4.181006545422860654e-07
1.437513077462426736e-07
7.237732191356371914e-09
5.107540346216410398e-06
3.632752765270197415e-08
6.015450821905687917e-07
0.000000000000000000e+00
1.050317166573222494e-07
6.658749662769025690e-10
2.046882441320008184e-09
7.934799555187055375e-07
6.900291538158853655e-08
0.000000000000000000e+00
2.194085364781717118e-11
7.777512678330822382e-08
2.009934178204275668e-06
1.350728640048259876e-09
7.758657716294692364e-09
9.855926741408893577e-09
9.418234248048662494e-11
1.141052550224230799e-07
4.740089423194149276e-07
5.583052598012727685e-07
0.000000000000000000e+00
3.929157230686541880e-07
9.613227575089311472e-11
6.225035065199335804e-08
2.504002338810096262e-09
8.460448697178435395e-08
7.881798325115596526e-09
8.330922014465613756e-07
2.508243596821557730e-06
5.425332627595480517e-09
6.140575806057313457e-06
2.660372274476685561e-06
1.235143486155720893e-06
1.148830475194984047e-09
4.892574523296389089e-08
1.925781589307007380e-06
1.062242404259450268e-06
3.865861231133749243e-08
6.506098770842072554e-07
5.489442855832749046e-07
5.307071671012408842e-09
6.164361465721412969e-09
2.102307483653476083e-08
8.059958531703159679e-07
3.628596978444420529e-09
1.309605295318760909e-07
0.000000000000000000e+00
2.327833703574810897e-09
3.039707863194962556e-08
4.000559883365895075e-09
7.403405666295270748e-10
9.941720691131195053e-08
1.427634401807154063e-07
1.551999616822286043e-06
5.625914845097668149e-09
3.993126662660273496e-10
2.645567676040627703e-08
6.117072359757003142e-08
4.711368433163443115e-07
1.696604954304348212e-07
1.596569210171594477e-09
1.131189142355992772e-09
1.195688170696485031e-08
6.360296538332477212e-07
2.251703890010503528e-08
2.750733472112187883e-07
1.117368242375960108e-06
1.039124342128161516e-07
5.570404582044830022e-08
9.744474738226927002e-08
4.179239176949067769e-09
1.672214580139552709e-07
5.109292988692004656e-09
1.981089292613091857e-09
6.039361721832392504e-08
0.000000000000000000e+00
3.068133480610413244e-07
0.000000000000000000e+00
1.251368075827485882e-06
1.389176135235814513e-10
3.489138448650730417e-12
4.325805136318194855e-08
0.000000000000000000e+00
6.059052992668512161e-08
2.480167324847570853e-07
3.727273423237420502e-08
6.594486734456950217e-08
0.000000000000000000e+00
5.425557603189190559e-08
1.601210541934960929e-08
0.000000000000000000e+00
5.377220002600324733e-09
2.478151372997672297e-08
2.332764426071776143e-09
2.228019297945138533e-07
7.366384124907199293e-08
9.143120038856977772e-09
5.828637767990585417e-07
9.112029886182426708e-08
4.970608369347928601e-09
7.403047508347526673e-09
0.000000000000000000e+00
0.000000000000000000e+00
7.193219175860576797e-07
3.692888128625781974e-08
1.879788271708093816e-07
3.827035399694977968e-08
2.017087474825984827e-08
7.614234931452301680e-08
1.350397660360158625e-08
1.353266299020106089e-08
1.625644472369458526e-07
1.253043478754989337e-06
0.000000000000000000e+00
4.926558858642238192e-07
1.375748848175817329e-09
3.792660052681640082e-08
4.819739607420103766e-10
3.979629070727241924e-08
8.869012191325964523e-08
0.000000000000000000e+00
3.138836968119562698e-09
0.000000000000000000e+00
9.503414055700432073e-09
1.285081552282463235e-08
1.269015670324336043e-09
1.665782844995078449e-09
6.888805046401103027e-07
3.076862764572751985e-09
5.571327221787214512e-08
1.839907781686633825e-08
0.000000000000000000e+00
0.000000000000000000e+00
0.000000000000000000e+00
0.000000000000000000e+00
0.000000000000000000e+00
0.000000000000000000e+00
0.000000000000000000e+00
0.000000000000000000e+00
1.456567315472057089e-05
6.091457893653284827e-10
0.000000000000000000e+00
0.000000000000000000e+00
2.046728866389457835e-07
0.000000000000000000e+00
2.469751292366595408e-09
0.000000000000000000e+00
6.650409289932213142e-08
0.000000000000000000e+00
1.337413846336232837e-09
0.000000000000000000e+00
3.956693653273113398e-11
0.000000000000000000e+00
0.000000000000000000e+00
6.507750782702714787e-09
3.449213892281477456e-08
0.000000000000000000e+00
0.000000000000000000e+00
0.000000000000000000e+00
0.000000000000000000e+00
0.000000000000000000e+00
0.000000000000000000e+00
1.379302116966130143e-09
8.090539793670359359e-09
9.358669394998742064e-09
0.000000000000000000e+00
3.133554082879186353e-09
6.186842256283853203e-07
4.426107693689118605e-07
8.975240106678938901e-09
2.737650106610090006e-07
0.000000000000000000e+00
3.226639577746936993e-08
7.641813937198094209e-08
3.934658820980985183e-09
2.189531222995810822e-09
5.226332859820104204e-07
3.170207429903371121e-09
9.169425219113236381e-09
2.692879697008265794e-08
1.132965832262300410e-09
2.859451626591180684e-07
7.204316716524772346e-07
1.244500857922048453e-08
6.317258680610393640e-07
7.118541134332190268e-08
1.481980671513838388e-08
1.361823809276074826e-08
8.321441669068008196e-08
3.812619127074867720e-07
2.457726111515512457e-08
6.895947812779468222e-09
9.765918917992166826e-08
7.304802984720026870e-09
3.336596066105812497e-08
3.537586792390357004e-07
8.637701398583885748e-08
0.000000000000000000e+00
1.051080733560638691e-08
2.437100476981868269e-07
6.301816597442666534e-07
5.878977162865339778e-07
2.642272647790377960e-06
7.095866862982802559e-07
2.366962803534988780e-07
1.630231416527294641e-08
5.554487074732605834e-07
3.826974648291070480e-07
3.408083060207900417e-08
0.000000000000000000e+00
0.000000000000000000e+00
1.331940957527422142e-08
2.023175627030582291e-09
4.238152495616986926e-09
3.910737333967517770e-08
1.483973033344909709e-08
6.697670862365612265e-09
4.654244101232052344e-09
9.450930038568117197e-10
1.343437006084968743e-08
4.884732334176078439e-07
3.985633156844414771e-07
9.818037227660170174e-08
8.228475962823722512e-07
0.000000000000000000e+00
4.221976546148198395e-09
9.554999280680931406e-08
3.807223947660531849e-06
1.786035319639722729e-09
2.964053464893368073e-07
5.099245026229937139e-09
0.000000000000000000e+00
4.826695843007655640e-08
1.773120601455957512e-07
0.000000000000000000e+00
6.863181170047027990e-07
1.330530210452707252e-07
0.000000000000000000e+00
0.000000000000000000e+00
4.305192931042256532e-07
0.000000000000000000e+00
3.538653592372043022e-09
5.759788379577912565e-08
1.423947448842000085e-08
5.736080499474383032e-09
5.005799721402581781e-07
5.394831603666716546e-08
4.558749377991944129e-09
0.000000000000000000e+00
7.430800224028644152e-07
1.766935708857886311e-09
3.599958233735378599e-07
1.262128446199994869e-08
0.000000000000000000e+00
6.061590340777911479e-08
1.141883174682334356e-07
4.229231365115992958e-08
0.000000000000000000e+00
4.424041133432865536e-09
5.723090339415648486e-07
4.555479993229027968e-09
7.705378379796457011e-07
1.531392435083489545e-08
0.000000000000000000e+00
1.630470691793561855e-08
6.366869698126720323e-09
5.000070473215600941e-07
0.000000000000000000e+00
4.338607482168299612e-07
7.127009205021295202e-09
9.557083124889231840e-09
1.084528822303809648e-08
1.503202724961738568e-06
5.686129789239657839e-09
0.000000000000000000e+00
2.754241723579298196e-09
6.680841990736041680e-10
7.511179234143128269e-08
9.481456508808605577e-09
0.000000000000000000e+00
4.064327097097475416e-09
2.408474983894848265e-07
4.252368398738326505e-06
0.000000000000000000e+00
3.284053491370286793e-07
2.707506396859571396e-08
0.000000000000000000e+00
2.197610093901403161e-09
7.093655107759389011e-10
5.010318204767827410e-08
3.707716800249727385e-09
0.000000000000000000e+00
2.411663091450577667e-09
5.822901627539067704e-08
0.000000000000000000e+00
6.302477206787671093e-09
6.564723764590496558e-10
5.083473919587078171e-11
0.000000000000000000e+00
0.000000000000000000e+00
8.095424419707342167e-08
0.000000000000000000e+00
1.675045546711828592e-09
4.948801191062557336e-08
0.000000000000000000e+00
0.000000000000000000e+00
8.460495415363311622e-09
2.005522503623069497e-08
1.974550301042654610e-08
9.169393422325811116e-08
1.987197890684910817e-07
5.639718025918227795e-09
1.266199256555466945e-09
9.187155924905709981e-09
2.415792899057578325e-08
5.394306779038515742e-09
1.795680582006298209e-08
7.336065976915051579e-09
2.097653251098563487e-08
0.000000000000000000e+00
5.019060012045883923e-08
8.262418305093888193e-09
2.142048515452188440e-06
4.804564301963409889e-09
2.527328604173817439e-07
1.702260021829715697e-08
2.175215563227084203e-08
5.604912090007019287e-09
2.584303260277920344e-08
1.667317284237412878e-09
3.267195580747284112e-08
4.954714416527394860e-10
6.816956670263607521e-07
8.113015610433649272e-07
2.738384807798865950e-07
7.918959568087302614e-07
2.768448359447006624e-09
6.260335028152042014e-10
1.171552277412502008e-08
1.546145824704581173e-07
2.819012024701805785e-06
3.223963673804064456e-08
7.867425665608607233e-06
4.099037198557198280e-08
6.424886009881447535e-07
7.246590939757879823e-06
1.293210971198277548e-06
2.542180466136301220e-09
9.275040291356617672e-09
6.538646601939035463e-08
9.310117548011476174e-07
1.436909684571219259e-07
4.953084498993121088e-06
1.172413021777174436e-06
3.771976935240672901e-06
8.616111557557815104e-08
2.844136703927802046e-09
9.494418407030025264e-08
0.000000000000000000e+00
6.571055255477631363e-09
5.303251171540068754e-08
0.000000000000000000e+00
1.799966575788403134e-08
2.492129880238280748e-08
3.666255921075389779e-08
8.281245555963323568e-08
3.278201887724208063e-08
6.327631196789695878e-10
0.000000000000000000e+00
5.821020110374774958e-08
9.529609457104015746e-08
1.876391024779877625e-06
1.622707259230082855e-06
3.939935933061633477e-09
0.000000000000000000e+00
0.000000000000000000e+00
4.687905857281293720e-06
6.524002227337177828e-09
2.124724289842561120e-07
2.509123078198172152e-07
0.000000000000000000e+00
5.884085219065582351e-09
2.607822580102947541e-06
0.000000000000000000e+00
2.343886762901092879e-06
7.178752525760501157e-08
1.591437026604580751e-08
0.000000000000000000e+00
2.743260552051651757e-07
1.818321937463451832e-09
0.000000000000000000e+00
3.857674180096637429e-09
3.176364948842547165e-09
6.725287704512084019e-08
1.400886390001687687e-06
5.144198400586219577e-10
8.450890653932674468e-09
0.000000000000000000e+00
6.939173147202382097e-08
0.000000000000000000e+00
0.000000000000000000e+00
0.000000000000000000e+00
3.050860186704085208e-07
9.293580660596489906e-07
9.342718954030715395e-08
1.308030050495290197e-06
6.108108241420495688e-09
9.448117843646741676e-09
2.548849353800619610e-09
6.974001962589682080e-07
5.162947291914576908e-10
2.713215719804540349e-12
2.921946133938035928e-07
0.000000000000000000e+00
1.974942431814952215e-09
2.197556625560537213e-08
1.031556053021631669e-06
1.733434729089822213e-08
1.944411849308380624e-07
5.255037649476435035e-07
7.774408672389654384e-09
0.000000000000000000e+00
2.034747694779071026e-07
1.240355942400128697e-07
4.745739090594724985e-08
3.156906958068361746e-09
3.638906207470427034e-07
2.234908151876879856e-06
4.666108210926722677e-08
8.673487705834759254e-09
5.121294055498992748e-09
4.412734142533736303e-07
3.921288680430734530e-07
4.907357151751057245e-07
0.000000000000000000e+00
1.127284221524860186e-07
0.000000000000000000e+00
0.000000000000000000e+00
0.000000000000000000e+00
7.016289771399897290e-10
0.000000000000000000e+00
7.188316608619516046e-11
0.000000000000000000e+00
5.774468458952242145e-09
3.619670607690750330e-08
0.000000000000000000e+00
3.858759090036301131e-09
3.049297347956780868e-08
0.000000000000000000e+00
0.000000000000000000e+00
0.000000000000000000e+00
0.000000000000000000e+00
0.000000000000000000e+00
0.000000000000000000e+00
2.048944902632854337e-10
0.000000000000000000e+00
6.967162402560234113e-09
7.886464459261333104e-07
1.129347726447349487e-08
9.250953891815072438e-10
1.366821720694133546e-06
1.566055507495889287e-09
1.016923700802863095e-08
0.000000000000000000e+00
9.917828265315620229e-07
8.130652595639276115e-09
1.369723090505203800e-08
2.395555327439069515e-07
1.556364281896094326e-06
4.070297165981173748e-07
1.203030137730820570e-07
5.135830178915057331e-07
1.508678451500600204e-06
3.616969195263664005e-07
3.482487500150455162e-06
1.067051247360950583e-08
1.277138661492926985e-08
1.543121328495544731e-07
1.519533157079422381e-07
8.381858407346953754e-08
4.145597813476342708e-06
6.482223824377797428e-08
2.931408289441606030e-07
2.609794513830365759e-08
3.511785306997694533e-09
1.475204243206462706e-07
6.253393962651898619e-07
5.489355885401892010e-07
2.550312103721807944e-07
3.372963064407485945e-08
1.730343370809350745e-07
5.445745188126238645e-08
1.224538550559373107e-06
1.977316088641600800e-07
5.574603889613172214e-08
5.833680916111916304e-08
1.061535442881123004e-10
0.000000000000000000e+00
0.000000000000000000e+00
4.935275796924543101e-07
2.037035429225397820e-08
0.000000000000000000e+00
3.530816883312581922e-08
8.132554967232863419e-07
3.322141450823323794e-09
2.635365703440584184e-09
2.183312197701070545e-08
1.012160563695907456e-10
4.019431662505290603e-11
6.386108974965054585e-09
8.675469871377572417e-07
1.572555703432954033e-07
8.659679195943681407e-09
2.688918421256403235e-09
0.000000000000000000e+00
3.011741256386812893e-08
5.763567045846684778e-08
5.425653171187150292e-08
0.000000000000000000e+00
0.000000000000000000e+00
5.918854739661583153e-08
0.000000000000000000e+00
0.000000000000000000e+00
4.847842571820137891e-09
1.059159603755688295e-05
0.000000000000000000e+00
1.833112328597508167e-09
6.923421835836052196e-08
2.636812546086275688e-09
0.000000000000000000e+00
1.617366933714947663e-06
0.000000000000000000e+00
2.115976727168344951e-09
1.483811823410619013e-10
1.211989619775977189e-08
6.407004704556129582e-09
0.000000000000000000e+00
5.872209385415771976e-09
4.303316103460019804e-08
0.000000000000000000e+00
1.008659600287842295e-09
6.668785772490082309e-07
4.527803465492752366e-09
3.332017717294633030e-10
5.332201694074889531e-11
2.281680906435212819e-07
0.000000000000000000e+00
0.000000000000000000e+00
1.360969392738553552e-10
0.000000000000000000e+00
0.000000000000000000e+00
0.000000000000000000e+00
2.627965119822439632e-12
0.000000000000000000e+00
8.353777047886978835e-07
1.542897254402930685e-09
5.853055262683426463e-10
3.060014250877429731e-07
3.785263658073745319e-08
1.508603908462191612e-09
0.000000000000000000e+00
4.460757985214058863e-09
6.099112965785025153e-07
0.000000000000000000e+00
0.000000000000000000e+00
0.000000000000000000e+00
0.000000000000000000e+00
0.000000000000000000e+00
0.000000000000000000e+00
0.000000000000000000e+00
0.000000000000000000e+00
8.151472274953164288e-10
7.724721036439508026e-12
0.000000000000000000e+00
4.844232126544056882e-09
1.624728795945884485e-08
9.702629540697671473e-06
9.081859569937122956e-11
0.000000000000000000e+00
0.000000000000000000e+00
0.000000000000000000e+00
0.000000000000000000e+00
0.000000000000000000e+00
0.000000000000000000e+00
1.717892911257123956e-10
0.000000000000000000e+00
9.830473102212522463e-10
0.000000000000000000e+00
0.000000000000000000e+00
1.728542144974198891e-07
0.000000000000000000e+00
0.000000000000000000e+00
0.000000000000000000e+00
1.642322189354672446e-08
0.000000000000000000e+00
3.529945669100698069e-09
1.088158985140807999e-08
0.000000000000000000e+00
0.000000000000000000e+00
0.000000000000000000e+00
6.304972099968608745e-10
0.000000000000000000e+00
7.640282184695479373e-09
0.000000000000000000e+00
0.000000000000000000e+00
0.000000000000000000e+00
0.000000000000000000e+00
0.000000000000000000e+00
0.000000000000000000e+00
0.000000000000000000e+00
0.000000000000000000e+00
2.458037939856438925e-10
0.000000000000000000e+00
1.823685091828508575e-09
0.000000000000000000e+00
0.000000000000000000e+00
0.000000000000000000e+00
7.976806770670918922e-09
0.000000000000000000e+00
0.000000000000000000e+00
7.037386673403034365e-09
7.770962184849850019e-08
4.324010660639032722e-08
0.000000000000000000e+00
1.171048538139984885e-07
9.794482558334038913e-09
0.000000000000000000e+00
0.000000000000000000e+00
3.252133007336510673e-10
0.000000000000000000e+00
9.676788295109872706e-07
8.700368425706983544e-09
4.922776852822607907e-08
1.435767593704895262e-08
2.182251712667948595e-09
1.309254571424389724e-07
1.483082634479160333e-08
1.207441702177902698e-09
7.550692515678747441e-08
9.965201108741439384e-09
2.386812241184088634e-07
2.262098632854758762e-06
2.997046166797190381e-08
2.479520766485165950e-08
8.957029784539827233e-09
1.573640595609049342e-08
3.120289093772043998e-08
1.338148990726040211e-06
3.018725180936598917e-07
2.007148447447093531e-09
4.390900869566394249e-07
1.697065613370796200e-06
5.667007485499198083e-07
6.567800170387272374e-08
2.779960084353660932e-08
1.236447122465733628e-08
2.041535829278018355e-10
1.923956688187899999e-06
3.176023355422330496e-08
0.000000000000000000e+00
2.159595595685459557e-07
5.919858381275844295e-08
1.532343674170988379e-08
2.637083262868600286e-08
0.000000000000000000e+00
1.241405200858025637e-08
8.029013010002472583e-09
2.939695775694417534e-07
2.802663061629573349e-07
2.378073702402616618e-07
1.526399806550671201e-08
3.834059327800787287e-07
5.998286383146478329e-07
3.405626003427641990e-08
0.000000000000000000e+00
6.210998382272236995e-09
3.947009474813967245e-08
3.066112341798543639e-08
4.296894644539861474e-07
1.205683361149567645e-06
1.285624193769763224e-06
3.911466261996565663e-09
5.593183232122100890e-07
9.557759916845043335e-09
2.778083363352834567e-08
4.077723474438244011e-07
1.083018208447583675e-08
6.457388508351868950e-07
3.775245116521830369e-10
1.194240617508057767e-08
2.154183391667174874e-07
6.486390591309287856e-11
1.478673112842443516e-07
1.474449220495444024e-07
1.354067413750215110e-09
3.592124597773249661e-09
2.548300130911229644e-07
2.682768922568357084e-07
8.638721737952437252e-09
9.566748504497013528e-10
2.082870587116758543e-08
1.660889026311451744e-08
8.397612987209868152e-07
2.389767814747756347e-06
1.011887533763911051e-07
8.523679895233726711e-08
5.329231953510316089e-07
4.108529765289858915e-07
2.142324095899539316e-09
7.476949059892490368e-10
3.754787258003489114e-06
7.638962529199488927e-08
0.000000000000000000e+00
0.000000000000000000e+00
1.593372473962517688e-07
2.173319302301024436e-07
2.478094756952486932e-06
1.413275829698079633e-09
3.348689148197081522e-08
8.398475870308175217e-08
0.000000000000000000e+00
0.000000000000000000e+00
0.000000000000000000e+00
3.083259425551432287e-09
7.973408600037146243e-08
6.202613422878755500e-10
3.482991132841561921e-06
6.234931220205908176e-07
2.708629835979081690e-07
1.025913576313541853e-07
0.000000000000000000e+00
3.741981835503338516e-09
5.076311371254860205e-09
1.908644575721041292e-09
0.000000000000000000e+00
4.209245729747124187e-10
2.866167525539253802e-09
1.653694567949060001e-07
0.000000000000000000e+00
1.416547767973952432e-09
7.289139292154800387e-10
6.967168619809172014e-09
0.000000000000000000e+00
4.367900885426934110e-08
1.066227127921592910e-06
1.283573396904102992e-06
1.230438186894389219e-07
2.820714772866494968e-10
1.903296151795075275e-07
1.807665626074594911e-06
7.064780220389366150e-06
3.883318129282997688e-07
1.509303260149863490e-08
7.840842641826384352e-09
9.277288270936878689e-09
2.546187971574909170e-08
0.000000000000000000e+00
0.000000000000000000e+00
9.908188758345204405e-08
2.262427472032868536e-07
2.930063836004137556e-08
2.855716445537836989e-07
4.885408078081354688e-09
1.426377571611681105e-09
1.225631507395519293e-08
8.791392502871531178e-09
6.343294103317020927e-07
4.992564583972125547e-09
3.401987441975506954e-06
4.053567259632018249e-09
5.388391066674103058e-09
5.374461053975210234e-08
4.595764047099493155e-11
0.000000000000000000e+00
9.975751709134783596e-07
2.497044988558627665e-06
3.675404869341036829e-09
6.520670225995672808e-09
0.000000000000000000e+00
0.000000000000000000e+00
0.000000000000000000e+00
0.000000000000000000e+00
0.000000000000000000e+00
2.552931199772956461e-09
0.000000000000000000e+00
0.000000000000000000e+00
1.220367362719798621e-08
0.000000000000000000e+00
4.695258581932648667e-08
0.000000000000000000e+00
1.593477527705999819e-08
2.014910682746062776e-09
5.677876391274594425e-09
5.717591307075053919e-07
0.000000000000000000e+00
1.145538686131430950e-08
0.000000000000000000e+00
2.059202808268878471e-09
3.463614575593965128e-06
0.000000000000000000e+00
2.401306042898454507e-09
0.000000000000000000e+00
0.000000000000000000e+00
0.000000000000000000e+00
4.081878302031327621e-08
0.000000000000000000e+00
3.383329449935246203e-10
0.000000000000000000e+00
5.559360616302910785e-08
0.000000000000000000e+00
6.940550065337447450e-06
0.000000000000000000e+00
1.079684008864489897e-09
4.452664015275331622e-08
6.610802074646926485e-07
5.672830261094219395e-11
1.800777660321273288e-08
4.359973715395426552e-09
1.704186445294908481e-07
1.213782230280457952e-08
8.926683392473933054e-08
5.358947774425359967e-08
2.617369432300620247e-08
1.555966799848818027e-09
1.526782611449561955e-08
1.159332612132857321e-07
3.944893833818241546e-08
2.629915911711577792e-07
5.221766627983015496e-07
2.750239502802287461e-08
5.544998238349307940e-09
9.965874347983572079e-09
2.221353234688194789e-08
1.881391931135567575e-08
8.064155281317653134e-07
1.707767154357497930e-07
3.557998695669084555e-07
8.908645554583927151e-08
5.402032599022277282e-09
3.900016167790454347e-07
1.324850629202956043e-08
8.243196703006105963e-08
1.017973431771679316e-06
1.213189079862786457e-06
6.392387774667440681e-08
7.415730465254455339e-07
2.049372227475032560e-08
2.926127990576787852e-06
6.645964276685845107e-06
1.478769329210649630e-09
1.334617081738542765e-06
6.198866753237552985e-09
1.217073286596814796e-08
9.978632142804144678e-09
1.749099510561791249e-06
9.666158540255764819e-09
2.386553319411177654e-07
1.737651018629549071e-06
1.234228648172575049e-07
4.493485761258853017e-08
1.725996185086842161e-06
1.176477526509955851e-10
5.095138200239546222e-11
2.398254217439443892e-08
0.000000000000000000e+00
1.908977420583823914e-09
2.465867225964757381e-07
1.249376424539150321e-07
4.683487588863499695e-07
9.324794802978431107e-08
1.746648194966837764e-07
7.690269399063254241e-08
1.559525308891807072e-08
0.000000000000000000e+00
2.936428700195392594e-07
0.000000000000000000e+00
1.521158310424652882e-07
2.658934192822925979e-07
1.055199518873450870e-07
0.000000000000000000e+00
1.084017071661946829e-06
0.000000000000000000e+00
9.915551046901782684e-09
1.506322888644717750e-07
1.749139677542643767e-08
1.723524434282808215e-09
1.386245003232033923e-07
5.875807218558293243e-08
0.000000000000000000e+00
0.000000000000000000e+00
3.390765723754185501e-10
1.261684179354460866e-08
9.318255500545546965e-09
1.023955888967975625e-07
0.000000000000000000e+00
1.834393081878715748e-09
5.609139748230518308e-07
0.000000000000000000e+00
0.000000000000000000e+00
0.000000000000000000e+00
0.000000000000000000e+00
0.000000000000000000e+00
6.074646563547503320e-08
0.000000000000000000e+00
2.950937938450692855e-09
0.000000000000000000e+00
0.000000000000000000e+00
0.000000000000000000e+00
0.000000000000000000e+00
0.000000000000000000e+00
1.176345790554478299e-06
7.845240901360739372e-08
1.207833406624558847e-06
1.491125622976596787e-08
4.769538008986273780e-08
2.776163682938204147e-06
0.000000000000000000e+00
8.933735529126352048e-08
1.978956998271996781e-09
8.389244854356547876e-09
0.000000000000000000e+00
2.028558654387779825e-08
1.106157210273295277e-08
0.000000000000000000e+00
0.000000000000000000e+00
0.000000000000000000e+00
9.886140794890252437e-09
2.150951416979296482e-07
0.000000000000000000e+00
1.392039150616142251e-09
1.158060758399415136e-09
6.456900791818043217e-08
1.968447804756578989e-08
8.388538752512886276e-10
0.000000000000000000e+00
0.000000000000000000e+00
9.662836086832271576e-10
2.707962032388877560e-08
0.000000000000000000e+00
0.000000000000000000e+00
7.167739113356219605e-07
1.177391411033568147e-07
7.148400538170562868e-09
1.555719109092024155e-08
0.000000000000000000e+00
7.649342492754840350e-09
0.000000000000000000e+00
0.000000000000000000e+00
4.042942425286355501e-09
0.000000000000000000e+00
0.000000000000000000e+00
0.000000000000000000e+00
0.000000000000000000e+00
0.000000000000000000e+00
6.400217245072781225e-08
9.822120006219847710e-09
2.285224454112722015e-09
0.000000000000000000e+00
9.719580702949315310e-06
9.401825096233551449e-09
5.414973713868675986e-08
3.911610946261134814e-08
4.191791802554689639e-09
1.213978890746147954e-07
1.159019102914271571e-09
8.182238886433879088e-09
1.661942405917216092e-07
7.147996825551672373e-07
3.221309663459237527e-09
7.737285478981448250e-09
3.548049187784840797e-09
2.393578135695406672e-08
4.135904063673478959e-08
1.191459375604608795e-08
1.413066570421506185e-07
3.699139439206078350e-09
1.255682113843192838e-09
4.576396008815208916e-07
1.021410980683867820e-06
6.634843998654105235e-07
1.366394020152483790e-08
4.110277629365555185e-08
1.295336549134162851e-08
8.182540227608114947e-07
0.000000000000000000e+00
1.850476678555423860e-07
2.091232005341225886e-07
1.254256920546481524e-09
3.793397240769991186e-07
7.444607774687028723e-08
2.274313857242304948e-07
2.906704388294656383e-08
7.774611532340713893e-08
3.550366045601549558e-08
2.232382172451252700e-07
7.723416217686462915e-08
2.772125196059960217e-09
1.349923479665449122e-07
9.557877156396443752e-09
0.000000000000000000e+00
7.806129787013560417e-08
2.120621722667692666e-08
1.394924509234840571e-09
8.377091944566927850e-07
3.193661335387787403e-09
1.198057830720244965e-08
6.476987390868771399e-09
1.039457053764181182e-08
7.846771268305019476e-07
5.740535016229841858e-07
0.000000000000000000e+00
6.443810818268502771e-09
1.101733726471820773e-08
3.322893604718046845e-08
1.300250858093932038e-07
0.000000000000000000e+00
1.824938919980922947e-07
2.511676484573399648e-07
0.000000000000000000e+00
1.834604859141109046e-06
5.234918717178516090e-06
1.234222679613594664e-07
2.044065539053008251e-08
5.630816257706783290e-09
1.258350039279321209e-06
4.393152508441744430e-09
6.657858762082469184e-07
1.511507576879012049e-07
7.492485742943699734e-09
0.000000000000000000e+00
0.000000000000000000e+00
2.130276470779790543e-06
9.804911549338157783e-09
1.726520792999508558e-07
0.000000000000000000e+00
2.843391655460436596e-08
0.000000000000000000e+00
0.000000000000000000e+00
0.000000000000000000e+00
0.000000000000000000e+00
5.945536486251512542e-06
8.921430776354100090e-07
2.661173503781810723e-09
2.887193595313419792e-08
0.000000000000000000e+00
7.197155649230069230e-10
4.272550757633553076e-09
0.000000000000000000e+00
4.405395870321626717e-08
0.000000000000000000e+00
1.790829855963238515e-06
0.000000000000000000e+00
0.000000000000000000e+00
0.000000000000000000e+00
7.941859947457885482e-10
1.220048395644823813e-09
2.192063419670375879e-08
0.000000000000000000e+00
0.000000000000000000e+00
0.000000000000000000e+00
3.721373875720246360e-09
9.030995951064824112e-10
1.338864841216036439e-08
1.537283651487086900e-06
6.085953145884559490e-07
4.407299059039360145e-07
8.037479659606105997e-08
0.000000000000000000e+00
2.155530337555333631e-10
5.614106513007754984e-09
7.661846268547378713e-08
3.433321960066848533e-10
9.988901261692717526e-09
0.000000000000000000e+00
0.000000000000000000e+00
9.743219209212838905e-08
2.154498801587578782e-09
8.555192110293319274e-09
0.000000000000000000e+00
5.479949383158100318e-09
1.741448230063724623e-08
1.415401018611817108e-09
3.325757447214527929e-09
7.995333106691759895e-08
0.000000000000000000e+00
0.000000000000000000e+00
0.000000000000000000e+00
8.861303357754479748e-11
1.749678268936349923e-08
8.712496835094896142e-10
6.725973944465835075e-12
0.000000000000000000e+00
7.107036292808288636e-09
0.000000000000000000e+00
1.179300102016611618e-09
0.000000000000000000e+00
0.000000000000000000e+00
6.570172672581975348e-08
7.159457027228199877e-07
2.783542356610269053e-07
0.000000000000000000e+00
0.000000000000000000e+00
1.699817744338361081e-06
5.315771378633371569e-09
2.771864870965146110e-08
0.000000000000000000e+00
2.281339703813500819e-07
0.000000000000000000e+00
0.000000000000000000e+00
0.000000000000000000e+00
0.000000000000000000e+00
1.253360526476399173e-08
3.451398455922571884e-08
0.000000000000000000e+00
4.858728974710402326e-09
9.880603002443422156e-10
5.618623617920093238e-06
8.483013402837968897e-07
2.287065626660478301e-06
2.888891792451886431e-09
2.692796670089592226e-07
8.370105497590429877e-09
1.322597995567775797e-07
7.834539133000362199e-07
6.602954982781739091e-08
8.710167520575851086e-08
1.057001099979970604e-07
2.669629672880091675e-08
2.100778750957488228e-08
8.223969416576437652e-08
1.129845301761633891e-07
2.833775170074659400e-08
1.419790152112909709e-07
1.639873659087243141e-08
1.255888171236563267e-09
8.357192200492136180e-06
4.389089554024394602e-06
2.760445171057224201e-11
6.893493775805836776e-09
1.369313196164512192e-08
3.811186388702481054e-06
3.791444491696438490e-09
7.222185161026573041e-08
8.004986398191249464e-07
2.881329237425234169e-07
2.298118261023773812e-06
1.892640488776464736e-09
0.000000000000000000e+00
2.231573326128000190e-08
1.174219619315408636e-07
4.705608791510940137e-09
8.987866095822028001e-08
0.000000000000000000e+00
6.343320251289696898e-07
3.083503656853281427e-07
3.854960795024453546e-09
2.984121039162346278e-08
1.669958919592318125e-06
1.336896104930929141e-08
6.790487727670324603e-09
2.652950342962867580e-06
0.000000000000000000e+00
7.377142878794984426e-07
1.338847255283326376e-07
0.000000000000000000e+00
1.367368724913831102e-07
4.606338066537318809e-08
1.727889298308582511e-07
1.080163070099615652e-08
2.414471680367569206e-07
2.182409275519603398e-07
2.984955338458661345e-11
5.820937190037511755e-07
3.868443343435501447e-10
0.000000000000000000e+00
8.237540782829455566e-08
1.092151705961441621e-06
8.058490763573900040e-09
2.849313318620261271e-07
2.916290782195574138e-07
7.532749890515333391e-08
1.134333047048130538e-06
3.278108806625823490e-08
1.005894301187026940e-08
3.776917001374613392e-09
0.000000000000000000e+00
1.233179336423972927e-08
0.000000000000000000e+00
3.726871682374621741e-07
0.000000000000000000e+00
0.000000000000000000e+00
5.315376938597182743e-08
7.074443431065446930e-08
5.285075488359325391e-09
3.161130690543245692e-09
0.000000000000000000e+00
1.416555939215413673e-08
7.333449502766598016e-06
2.901916207331822761e-10
5.372740030651357301e-09
0.000000000000000000e+00
6.930000040483719204e-08
0.000000000000000000e+00
1.197867504743044265e-06
0.000000000000000000e+00
2.758041262040933361e-07
0.000000000000000000e+00
0.000000000000000000e+00
0.000000000000000000e+00
1.114917047573271702e-10
0.000000000000000000e+00
0.000000000000000000e+00
0.000000000000000000e+00
0.000000000000000000e+00
9.515497936263273004e-07
0.000000000000000000e+00
0.000000000000000000e+00
3.269353121559959163e-10
3.249556357332039624e-08
0.000000000000000000e+00
0.000000000000000000e+00
0.000000000000000000e+00
0.000000000000000000e+00
2.775596612991648726e-06
3.412806259817102728e-09
3.453332064751180042e-09
4.521795560208374809e-08
3.580910679090720805e-09
9.729683370096608996e-07
2.521564113067142898e-08
2.739622140257580440e-10
5.703365779652358469e-09
3.842070217530135778e-09
8.934940787241885118e-09
0.000000000000000000e+00
0.000000000000000000e+00
1.975968011436179950e-08
4.603347036891136668e-08
5.207739128820776386e-09
9.271047218817329849e-08
9.931919286998436291e-09
2.103399054931287537e-08
2.885725507439929061e-07
0.000000000000000000e+00
0.000000000000000000e+00
0.000000000000000000e+00
0.000000000000000000e+00
9.802096911926128087e-09
8.945670593174526175e-12
3.035291129549477773e-09
9.931058642109746870e-09
0.000000000000000000e+00
0.000000000000000000e+00
5.473256692312133964e-08
0.000000000000000000e+00
0.000000000000000000e+00
7.805215140876953228e-09
0.000000000000000000e+00
2.384160369128807133e-10
0.000000000000000000e+00
1.719791198340203664e-09
0.000000000000000000e+00
0.000000000000000000e+00
3.697983239070445904e-11
5.878718312146702374e-08
0.000000000000000000e+00
0.000000000000000000e+00
0.000000000000000000e+00
8.005072160699455708e-09
0.000000000000000000e+00
9.151785889116581529e-06
0.000000000000000000e+00
0.000000000000000000e+00
0.000000000000000000e+00
1.297746962336532306e-06
3.176096697643515654e-06
5.043324424747197554e-09
2.034077350998586553e-09
0.000000000000000000e+00
3.425367367526632734e-08
2.363912017244729213e-07
6.260052600737253670e-07
0.000000000000000000e+00
0.000000000000000000e+00
6.407521735418697517e-10
0.000000000000000000e+00
0.000000000000000000e+00
0.000000000000000000e+00
0.000000000000000000e+00
0.000000000000000000e+00
0.000000000000000000e+00
0.000000000000000000e+00
0.000000000000000000e+00
0.000000000000000000e+00
6.923018247562140459e-08
1.990017040043312591e-09
0.000000000000000000e+00
0.000000000000000000e+00
9.877628492915846437e-09
0.000000000000000000e+00
9.146254864589309364e-10
2.801539222829774189e-09
5.385007995073465281e-09
1.072884336927870663e-09
5.597560743808571715e-07
1.100031994383243727e-07
9.805655842853866488e-09
3.405321358229684847e-09
8.946490659411665547e-09
1.753838745344182826e-07
9.039498038987403561e-09
9.764264952139001252e-09
8.474044932427204913e-08
1.612806528328292188e-07
5.388768986591685461e-09
0.000000000000000000e+00
4.196889502594558508e-10
2.980949265207755161e-09
4.125859209835880392e-09
1.016481565585536373e-08
3.776949313305522082e-07
8.400929729646122723e-09
1.259182056401186856e-07
1.048097497680089418e-09
5.511030849447706714e-07
6.260934526380879106e-08
7.423448096233187243e-07
3.171447993111087271e-09
5.124423196889438259e-08
6.681320883217267692e-07
2.826405989253544249e-07
1.017286422211327590e-06
1.203964483664776708e-08
1.603554778739635367e-06
1.405975487943356139e-12
1.848694708428411104e-08
6.099913463231132482e-08
8.306036392013993463e-08
7.773445531711331569e-08
1.286152961910147496e-08
3.755024806650908431e-07
8.317693200865505787e-09
7.840477600495887600e-09
1.094329071804622799e-10
1.343691224064968992e-06
2.398868446107371710e-06
5.543168146715515832e-09
2.867064381462114397e-07
2.678315347282023140e-08
1.180838012260210235e-06
1.588361886462053008e-09
6.079327596886230367e-10
8.951622021413641050e-08
3.382679025776269555e-09
1.752183874338328340e-13
2.885164576582610607e-06
4.844834755601823417e-09
1.138220517837851276e-09
1.321371883022948168e-07
1.944623212457585737e-10
1.327051819544067257e-07
1.521173771834583022e-06
2.879058229154907167e-06
1.956655978574417531e-06
8.659271522049039049e-09
1.371293301133391651e-08
8.128790085493164952e-08
3.821857603725220542e-07
8.286543673463597770e-10
3.090514288928147835e-09
0.000000000000000000e+00
2.333703719159530010e-08
6.002449026709655300e-08
3.106318672507768497e-06
2.793942996959231095e-07
2.417776023833084764e-08
1.732166083456831984e-06
3.514690888550831005e-06
1.716551167874058592e-08
2.735729687231014395e-08
4.894154526091654134e-10
8.382053238165099174e-07
0.000000000000000000e+00
0.000000000000000000e+00
0.000000000000000000e+00
0.000000000000000000e+00
2.721217697398969904e-06
2.143724259440205060e-06
0.000000000000000000e+00
0.000000000000000000e+00
4.884242343905498274e-07
2.326399624053010484e-07
2.751913825704832561e-07
0.000000000000000000e+00
0.000000000000000000e+00
2.214688720414415002e-06
3.096191960594296688e-07
0.000000000000000000e+00
2.908873142359880148e-09
3.406999127264498384e-08
2.402065035767009249e-07
5.024517335527889372e-08
0.000000000000000000e+00
5.562913241163869316e-09
4.968320865827990929e-08
6.458076882154273335e-07
3.413083010661566163e-11
6.214300185547472211e-09
0.000000000000000000e+00
2.229545853493775098e-10
3.351155797304272710e-08
9.297548331232974306e-08
6.842667517048539594e-07
4.399366559937334387e-07
2.872985582769160828e-08
5.333098851423301312e-09
1.212800260219637494e-08
1.026819731464456709e-07
9.222798524888276006e-09
0.000000000000000000e+00
2.840588042563041427e-10
1.980570596415986984e-09
8.426907172065511986e-09
7.112031519262984602e-10
3.635373557742127559e-09
1.190723741828492166e-09
2.584251701520656752e-09
2.273715438150247792e-08
1.995143463773274561e-07
5.782536049991904292e-07
2.110015495659922635e-10
0.000000000000000000e+00
0.000000000000000000e+00
0.000000000000000000e+00
3.548960236798848200e-08
0.000000000000000000e+00
7.014971714625062305e-08
5.480912612654265104e-09
1.174060955122513406e-07
1.095821478003244920e-08
4.318964297311822520e-09
2.426030709656856743e-09
4.404894227150180086e-08
4.264278097299012416e-10
1.230508672733776621e-08
1.509943636790467281e-08
1.927692894199140028e-09
2.069570292917433108e-09
0.000000000000000000e+00
0.000000000000000000e+00
5.950766102102988953e-09
6.394606177906325684e-09
3.148055427448781529e-10
2.543737886995245390e-09
2.823282274633243105e-09
4.975947209828746054e-09
1.227601273967593443e-06
3.643839896483314078e-09
9.924767674363010883e-09
1.420254935879938785e-08
6.248123796126492380e-09
7.423087481583934277e-06
1.219939065322250826e-07
3.886622579329923610e-08
5.161821903243435372e-08
1.387164445532107493e-07
1.797502946487838926e-08
9.977640935687759338e-09
4.810710763081260666e-08
7.294934079027370899e-08
6.889391279685241898e-10
0.000000000000000000e+00
7.288291499207844026e-07
1.310016273237124551e-08
3.745611465433285048e-08
3.283742344706297445e-08
6.878700560264405794e-07
3.035012525742786238e-07
4.884819304606935475e-07
3.905959644612266857e-08
0.000000000000000000e+00
1.040633759719078455e-10
1.117763872571231332e-07
2.588238068312875839e-09
3.520962632563851002e-09
4.833595923514621973e-08
3.134731710319194065e-11
4.451252948456385639e-07
4.350647486717207357e-07
1.716040145538499928e-07
0.000000000000000000e+00
1.031293663800170179e-06
2.048156204637052724e-07
3.556907870461145649e-07
1.515957137598888949e-09
2.436110833059501601e-07
5.706727890242291323e-08
8.125172534789726342e-09
4.697494837557769642e-09
2.793752074126132356e-08
4.134437574521143688e-07
3.100261892541311681e-06
4.288276045372185763e-08
5.927850921239041782e-08
1.597908436679063016e-07
2.610952876125338662e-08
4.233119410557151241e-11
1.629617372600478120e-06
5.518512011803977657e-07
6.422409626338776434e-08
4.883050852555470556e-09
1.731869900822857744e-07
8.646462106298713479e-07
1.740096848834582488e-07
1.697183051874162629e-06
1.313230191257730439e-09
0.000000000000000000e+00
1.217552636489926954e-07
2.098292917196431517e-08
0.000000000000000000e+00
3.002433004439808428e-06
5.525661705974016513e-09
9.789369315171825292e-09
5.339814701521561346e-10
3.650033704616362229e-06
2.327734875962050864e-07
3.954640348524662841e-08
1.841584884587632587e-09
6.479258445324376225e-07
7.332306761753670798e-09
1.886990474986305344e-08
1.441798325174659112e-08
7.330360318746897974e-08
0.000000000000000000e+00
4.785100315984891495e-08
9.146030044426822769e-10
5.839215191372204572e-07
7.035852718217938673e-07
9.286666546870492311e-09
0.000000000000000000e+00
6.425333509696429246e-08
2.655720265920535894e-08
0.000000000000000000e+00
0.000000000000000000e+00
8.433796239160074037e-08
1.013850905451363360e-07
8.974118337334857642e-09
3.150624650061217835e-09
9.163660941169382568e-09
4.807158404673828045e-08
4.807935383155381714e-09
0.000000000000000000e+00
2.010530124607612379e-06
7.031237601040629670e-07
1.011637884573701740e-08
2.496450861144694500e-06
2.609248150875487227e-09
0.000000000000000000e+00
7.512512922858149977e-08
2.512302046397962840e-07
2.103063279079719905e-09
8.454947533209633548e-07
6.790916273757829913e-08
9.401436074085722794e-09
0.000000000000000000e+00
0.000000000000000000e+00
2.398433025518897921e-07
1.539559946195367957e-08
2.519282702451164369e-07
0.000000000000000000e+00
5.768972854980347620e-09
2.576902424777927081e-08
0.000000000000000000e+00
3.113261115572640847e-08
0.000000000000000000e+00
5.017315451993908937e-09
3.082529929088195786e-07
2.671224365258240141e-06
6.407494979043804051e-09
9.440149142392328940e-07
4.504892388013104210e-07
3.942231074915980571e-08
7.216585551361731632e-09
2.639107377078175887e-09
3.978314122576875889e-09
3.691205563427502057e-09
0.000000000000000000e+00
6.946707458155287895e-07
0.000000000000000000e+00
0.000000000000000000e+00
1.131319748992609675e-08
0.000000000000000000e+00
1.183720499398077663e-07
0.000000000000000000e+00
1.274915373272733632e-08
1.165659582746947365e-11
1.485034406556451358e-08
3.477438337284866066e-09
3.736269973964034818e-12
6.240786998290559495e-09
1.105299318737706926e-07
7.869898013268539216e-07
3.290048411486168334e-08
2.718299185744399438e-07
2.071167770623105753e-08
2.880464649024361279e-07
7.854830119669031774e-10
1.131722342506691348e-06
9.420527469217176986e-09
1.434819285606181438e-08
1.026229234923903277e-08
0.000000000000000000e+00
1.514440555183682591e-07
4.600342862204342964e-08
0.000000000000000000e+00
4.341402970453600574e-08
2.431585777173950191e-08
5.606257236223655127e-09
5.562235827483164030e-08
9.795385835786873940e-08
1.724904841182706150e-08
5.812236381075308600e-08
2.466734940753667615e-07
4.194874492213784833e-08
2.752944573691795682e-12
5.198260710770341575e-10
2.819480471316637704e-08
1.418072542946902104e-06
0.000000000000000000e+00
2.434574986054371948e-09
6.888494663570554621e-09
3.576289042683811203e-09
8.205163339880527928e-07
8.300128797600336839e-07
3.449764085505790945e-10
1.024478990530042211e-07
4.955784405069607601e-08
1.577730301960400539e-08
3.887848265549109783e-09
8.322206213051686063e-07
1.241397828977142126e-08
1.750946836409639218e-07
1.677462222460235353e-07
1.027757701166365223e-08
6.635271887489579967e-08
6.898697613166859810e-09
1.947975505345311831e-07
1.190273451356915757e-06
1.255721748805171956e-08
5.821982540510362014e-07
1.445346953232728993e-08
9.208574169861094560e-08
2.905547660247975728e-07
1.545680561321205460e-08
1.695912921206854662e-08
5.944191272533316805e-08
1.189642262033885345e-06
2.806302923374914826e-08
5.925379014115605969e-07
2.599925323920615483e-07
3.579739837888951115e-09
6.730117263487045420e-08
0.000000000000000000e+00
5.280164216969751578e-08
7.002915580756052805e-09
1.086118928128598782e-08
0.000000000000000000e+00
1.040270376506668981e-06
1.526936621587537957e-08
0.000000000000000000e+00
8.406173535036032263e-09
1.324271465819037985e-07
6.046229827916249633e-08
3.918082303044911896e-09
5.699408056614174711e-09
9.350255014695108002e-10
7.815347089490387589e-06
5.449015816338942386e-08
0.000000000000000000e+00
2.884950944803676975e-08
0.000000000000000000e+00
9.284862301228713477e-08
4.917628615430658101e-08
1.468063715037715156e-07
2.233360021364205750e-07
0.000000000000000000e+00
9.349837570837848943e-10
0.000000000000000000e+00
0.000000000000000000e+00
4.054561408839418846e-10
9.941474132801886299e-08
0.000000000000000000e+00
1.179845341425789229e-07
6.131044005819319409e-10
0.000000000000000000e+00
0.000000000000000000e+00
2.778782345558283851e-06
1.231833550718874903e-07
1.126278004193181914e-08
2.834659937889227876e-07
1.039683628079046684e-08
6.224547544064762405e-10
1.242946154889068566e-07
1.666603921535170230e-08
0.000000000000000000e+00
4.604371213190461276e-07
4.575195333700321498e-09
4.452107873476052191e-07
0.000000000000000000e+00
0.000000000000000000e+00
0.000000000000000000e+00
2.992656433775664482e-08
0.000000000000000000e+00
3.491198219407465331e-09
1.292276152753402130e-07
8.533450390757479909e-09
0.000000000000000000e+00
3.925919429548230255e-07
2.570359356468543410e-06
3.722577162079687696e-07
7.784092304063960910e-08
0.000000000000000000e+00
0.000000000000000000e+00
4.692563493335910607e-07
0.000000000000000000e+00
5.319339635434516822e-09
0.000000000000000000e+00
4.072543546840279305e-08
8.342227353352882346e-09
7.678308065806049854e-06
9.789985000452361419e-08
0.000000000000000000e+00
1.636007240790604556e-08
7.684158163101528771e-07
6.295310495119110783e-09
1.033166885378022926e-08
9.416874391376950371e-09
0.000000000000000000e+00
6.110728634212136967e-08
3.483036081775026105e-08
0.000000000000000000e+00
1.431355922676402770e-08
0.000000000000000000e+00
7.405970947615969635e-09
0.000000000000000000e+00
4.036803247231546266e-08
2.494672344255377539e-07
9.143801094069203828e-08
1.080391029972815886e-07
0.000000000000000000e+00
4.931759534088087094e-08
2.234480156459994760e-08
0.000000000000000000e+00
1.201337965738014102e-12
0.000000000000000000e+00
1.254781878401445283e-08
6.095613791501364176e-09
3.147991733953858784e-08
0.000000000000000000e+00
0.000000000000000000e+00
4.031893707789890868e-10
0.000000000000000000e+00
0.000000000000000000e+00
4.403145847931000390e-09
9.717225424310527160e-08
5.559288585033073105e-09
0.000000000000000000e+00
1.293968682203328058e-10
2.581075353447204179e-09
2.654448438832446300e-09
0.000000000000000000e+00
1.060873333624812176e-10
3.661459047066273342e-08
7.884359831678011687e-10
3.459040553988046440e-10
7.442726296380541839e-11
0.000000000000000000e+00
4.286280130827435642e-08
1.031422584674146492e-06
0.000000000000000000e+00
0.000000000000000000e+00
3.744603738198293286e-09
8.610503421380144573e-09
3.303806783705454109e-09
1.513167262601200491e-06
5.770126154658328232e-09
9.105242781970446231e-09
7.231949261665704398e-09
1.189235021570311801e-08
1.363993646918970626e-07
1.842887620284727745e-08
1.142193326586493640e-07
1.779566929371867445e-07
2.452222815918503329e-06
4.649191396310925484e-07
1.970000695905582688e-08
7.975966553885882604e-09
3.767582512637090986e-08
1.458148823907379210e-09
4.091824052920856047e-07
5.046911333295156510e-09
1.607817239346331917e-07
3.889313049398879230e-08
1.281925108287396142e-07
2.933910714375542739e-08
6.013575557517469861e-07
1.272979829991527367e-06
3.712710494596649369e-08
7.816180414010887034e-08
3.189764186117827194e-07
5.781695122664132214e-08
4.475051866847934434e-07
1.288825501433166210e-06
1.124827576859388500e-06
2.359320063760605990e-07
1.169353613938994840e-09
1.046566282525418501e-07
4.929450483359687496e-07
1.010199866868788376e-06
7.413287903546006419e-07
3.768400915760139469e-07
1.278946911043021828e-06
1.470114909807307413e-07
2.277422936458606273e-06
2.684014432929870964e-08
2.253415942732317490e-08
2.964835857710568234e-06
3.437532214434213529e-08
1.160214310402807314e-06
2.757333845693210606e-07
3.756207789251675422e-08
2.536906684724726802e-08
2.009265500646506553e-07
9.044217108566954266e-07
1.325355128756200429e-06
4.110035334292660991e-08
4.456356634818803286e-07
2.894773132311456720e-08
1.756119694107383111e-08
2.132411802691080993e-09
1.955542529685772024e-06
1.610295385034987703e-06
0.000000000000000000e+00
1.405834115786319671e-08
3.880944063894276042e-07
8.112366778334489936e-09
9.389088972966419533e-08
3.771745866743003717e-07
1.252007791663345415e-06
0.000000000000000000e+00
0.000000000000000000e+00
0.000000000000000000e+00
2.427882009214954451e-06
0.000000000000000000e+00
1.091035755962366238e-06
6.815711106611388459e-09
0.000000000000000000e+00
0.000000000000000000e+00
3.854120222968049347e-08
0.000000000000000000e+00
0.000000000000000000e+00
2.616268659494380699e-07
1.597031840105955780e-09
2.393856277649319964e-07
2.268019017037659069e-08
1.370102609143941663e-07
1.852697977255957085e-07
2.622192027956771199e-07
2.071402320780180162e-07
8.625467273759568343e-08
1.125463811035842809e-07
4.767687045159618719e-08
0.000000000000000000e+00
1.194445520269482586e-08
0.000000000000000000e+00
2.867447079779594787e-08
0.000000000000000000e+00
3.464381492790380435e-08
5.042565476287563797e-08
0.000000000000000000e+00
0.000000000000000000e+00
0.000000000000000000e+00
0.000000000000000000e+00
8.915744809101511237e-10
0.000000000000000000e+00
0.000000000000000000e+00
5.510065292924082314e-09
0.000000000000000000e+00
2.714620563892822247e-07
9.894135510890578189e-10
3.559718152246205136e-06
5.201645194574666675e-07
0.000000000000000000e+00
0.000000000000000000e+00
0.000000000000000000e+00
0.000000000000000000e+00
0.000000000000000000e+00
2.593692016716886428e-08
0.000000000000000000e+00
3.540250190781080164e-07
3.286738490260177059e-07
1.243218662239087280e-06
0.000000000000000000e+00
0.000000000000000000e+00
2.365596714071216411e-07
0.000000000000000000e+00
0.000000000000000000e+00
6.253795703514697379e-08
3.627359745905778254e-09
6.488560355677464031e-09
2.112970493017840568e-10
0.000000000000000000e+00
3.686690674964410164e-10
0.000000000000000000e+00
0.000000000000000000e+00
1.760034074038685503e-08
1.278764898415829521e-06
1.798306129785487428e-06
5.481284119923657272e-07
1.479807224313844927e-06
4.282601366867311299e-07
2.277671683259541169e-06
1.246571741830848623e-06
2.434514954074984416e-06
2.902581570651818765e-07
9.798798146221088246e-07
4.132939466217067093e-06
2.116346195180085488e-06
1.511617597316217143e-06
7.280063982761930674e-07
8.892795335668779444e-07
8.197252441277669277e-07
2.443205403324100189e-06
2.827499884006101638e-06
3.289974983999854885e-06
4.533308583631878719e-06
1.038655454976833425e-06
1.390128659295442048e-06
1.238317850038583856e-06
9.293574407820415217e-07
3.352476198870135704e-07
1.377502030663890764e-06
4.867290954280178994e-06
9.229001420862914529e-07
8.245055482802854385e-07
2.247958946099970490e-06
1.729410996631486341e-06
1.580469302098208573e-07
7.912345836302847601e-07
8.889046654303456307e-08
1.201152940666361246e-06
7.299793196580139920e-06
3.921817551599815488e-06
3.075219410675344989e-06
1.653658330269536236e-07
2.060866563624585979e-06
4.735122729471186176e-06
1.868196363830065820e-06
2.625852857818244956e-06
5.496009976013738196e-07
2.317554162800661288e-06
1.036292928802140523e-06
6.792145654799242038e-07
2.714821448535076343e-06
4.099907982890726998e-06
1.796464061953884084e-06
8.151309884851798415e-07
1.007714558909356128e-06
1.643800146666762885e-06
2.440121306790388189e-06
4.795982476935023442e-06
1.524175132772143115e-07
5.107831384520977736e-07
3.280003511463291943e-06
4.357538045951514505e-07
1.300116878155677114e-06
1.351116907244431786e-07
2.926132765423972160e-06
1.282812036151881330e-06
2.047880570898996666e-06
2.289150188516941853e-06
3.990495315520092845e-06
3.392227085896593053e-07
8.090249252745707054e-07
1.085219309970852919e-06
4.647939704227610491e-07
1.456137511013366748e-06
2.538400281082431320e-07
1.123893866861180868e-06
1.296024834118725266e-06
1.502565964983659796e-06
5.138849346053575573e-08
5.869569008609687444e-07
2.937334784292033873e-06
1.269118001800961792e-06
1.411997800460085273e-06
2.048788928732392378e-06
1.378417096020712052e-06
1.551588502479717135e-05
3.512307330311159603e-06
1.795918933567008935e-06
9.540079190628603101e-06
1.017353156385070179e-06
1.570590825394901913e-06
1.176276327896630391e-06
5.116611845323859598e-08
9.971506642614258453e-07
6.335502575893769972e-07
1.636517907854795340e-07
3.155126933052088134e-07
5.206583608696746523e-09
2.557172820161213167e-07
4.077187440998386592e-07
0.000000000000000000e+00
6.023989840286958497e-08
5.228105948162919958e-09
2.488050476756598073e-08
4.506598543230211362e-06
4.491808340389980003e-06
0.000000000000000000e+00
0.000000000000000000e+00
0.000000000000000000e+00
