1.482545997077977518e-07
6.940048479009419680e-06
2.114648623319226317e-06
1.533573367851204239e-06
4.934448938342939073e-08
2.698335947570740245e-06
8.152571808750508353e-07
7.591753728775074705e-06
1.584449364600004628e-06
3.410070121390162967e-06
2.376942939008586109e-05
3.865629878418985754e-07
4.384141618629655568e-07
3.804016841968405060e-06
5.136769686941988766e-06
1.935930777108296752e-05
6.010674951539840549e-06
4.254928171576466411e-06
7.946269761305302382e-06
1.238035451933683362e-06
1.960009967660880648e-06
9.354289431939832866e-07
1.524824074294883758e-05
6.485237918241182342e-06
6.680371370748616755e-06
5.296310973790241405e-06
2.180399860662873834e-06
1.879029241536045447e-06
1.059415808413177729e-06
6.363378361129434779e-06
9.709527404311302234e-08
7.206907412182772532e-06
1.238980644302500878e-06
1.242701387127453927e-06
1.578893460418839823e-08
2.051617457254906185e-06
1.581914489179325756e-06
1.193259959109127522e-05
1.207568232075573178e-07
2.509406613171449862e-06
2.151662556570954621e-05
1.120600791182368994e-05
1.523786431789631024e-05
1.815403493310441263e-06
1.111464371206238866e-05
5.203027831157669425e-05
2.071489916488644667e-06
3.018565848833532073e-06
7.320271038224746007e-07
6.684623258479405195e-06
1.447801605536369607e-05
6.725292678311234340e-06
3.047323161808890291e-06
1.257035251001070719e-06
3.241242666263133287e-05
3.652536406661965884e-06
2.678741282124974532e-07
5.148975560587132350e-06
1.858773771346022841e-06
9.984777307181502692e-07
7.806102985341567546e-06
2.053982143479515798e-06
2.854945023500476964e-06
2.417815721855731681e-06
2.237540456917486154e-06
5.262504146230639890e-06
9.834742797920625890e-09
6.305652277660556138e-06
8.016508218133822083e-06
1.015107045532204211e-05
2.954526280518621206e-06
8.457549483864568174e-06
9.732561011333018541e-06
8.783830708125606179e-06
3.336371037221397273e-06
1.522448997093306389e-06
1.872284428827697411e-06
1.399614757247036323e-05
2.722538192756474018e-05
4.983380222256528214e-06
1.588576765243487898e-06
9.085276360565330833e-06
3.659337608041823842e-06
1.341720872005680576e-05
3.903816377714974806e-06
1.517328314548649359e-06
1.893283524623257108e-06
3.881239535985514522e-06
5.391358172346372157e-06
9.540740393276792020e-06
5.759643499914091080e-06
3.234723635614500381e-06
1.263687408936675638e-06
1.121561808758997358e-06
1.302588862017728388e-05
2.660715654201339930e-05
5.611260576188215055e-07
1.500137477705720812e-05
5.155215603735996410e-06
2.817360154949710704e-06
3.000190872626262717e-06
4.946673925587674603e-06
3.171330945406225510e-06
4.175447429588530213e-06
2.324618799320887774e-05
9.412322469870559871e-06
7.107590590749168769e-06
3.052984538953751326e-06
1.955539664777461439e-05
1.095831612474285066e-05
1.215621068695327267e-05
2.114156814059242606e-06
7.158624157455051318e-06
9.383719770994503051e-06
1.308968535340682138e-06
3.160317419315106235e-06
8.544315051040030085e-07
4.178354174655396491e-06
4.925321718474151567e-06
1.585120116942562163e-05
4.050436643865396036e-07
2.206554017902817577e-05
3.205950406481861137e-06
2.855786533473292366e-06
1.031157171382801607e-05
3.122451744275167584e-06
1.919214810186531395e-05
3.230118818464688957e-05
3.802690116572193801e-05
