5.877825515199219808e-07
2.234874685314025555e-08
8.988825328515304136e-08
8.933919275477819610e-07
8.724860890652053058e-06
2.020392685153638013e-06
2.659260474047187017e-07
2.307072293206147151e-07
2.370444417465478182e-05
5.648395017487928271e-06
5.153735401108860970e-06
4.338496637501521036e-06
5.873983354831580073e-06
3.958472305498617061e-08
2.103057568092481233e-06
5.728646556235617027e-06
8.674961463839281350e-06
2.599729853614007880e-08
1.483847881900146604e-06
1.041460382111836225e-05
6.116361419117311016e-06
4.543833824754983652e-07
5.558187694987282157e-06
2.136216380677069537e-06
1.835241391745512374e-06
1.376530690322397277e-06
6.546341865032445639e-06
8.006757525436114520e-06
2.352581986997392960e-06
5.947565568931167945e-07
9.686748825288304943e-08
1.142611836257856339e-07
2.228427860018200590e-07
2.147432041965657845e-06
9.273567229683976620e-06
7.188930794654879719e-06
9.507359095550782513e-07
6.582277364941546693e-06
5.091982302474207245e-07
9.917215493260300718e-07
1.700853204056329560e-06
5.380553957934353093e-08
8.367958798771724105e-06
6.200327220540202688e-07
1.713532071789813926e-07
5.107818651595152915e-06
1.966592662938637659e-06
1.523187165730632842e-05
3.257981234128237702e-06
8.624839210824575275e-06
5.256164513411931694e-06
1.260827411897480488e-05
3.714916147146141157e-06
1.171291842183563858e-06
4.708301275968551636e-06
2.295872263857745565e-06
4.942634035387527547e-08
4.173691195319406688e-05
1.505189084127778187e-05
4.261548838258022442e-06
6.908686373208183795e-06
2.280097987750195898e-06
3.496169540539995069e-07
2.572001221778918989e-06
8.315081458931672387e-07
4.141597401030594483e-06
1.025003621180076152e-05
6.305142505880212411e-06
8.894407983461860567e-06
1.021237130771623924e-05
1.306880562879086938e-06
4.602906301442999393e-06
4.234263542457483709e-06
2.805137910399935208e-06
2.200423097065140610e-07
1.161976342700654641e-06
3.240254216052562697e-07
9.548056141284178011e-07
1.665268973738420755e-05
2.474804659868823364e-06
6.158524712418511626e-08
6.788030532334232703e-06
3.182864929840434343e-06
4.271002126188250259e-06
5.930369297857396305e-06
1.015007183013949543e-05
6.014611244609113783e-06
4.197670932626351714e-06
7.010233730397885665e-06
3.812167960859369487e-06
1.140023505286080763e-05
1.948557610376155935e-06
4.592505320033524185e-06
1.495626293035456911e-05
4.526279099081875756e-06
5.375241016736254096e-06
1.165206049336120486e-05
1.786228381206456106e-06
4.287938281777314842e-06
2.090624093398218974e-06
1.380968456032860558e-06
8.446887136415170971e-07
1.946189513546414673e-05
3.718722041412547696e-08
3.855204795399913564e-06
2.633056737977312878e-06
4.067575719091109931e-05
4.024168083560653031e-05
2.286064272993826307e-06
5.707757736672647297e-06
2.364119744413528679e-08
1.205089432687600492e-07
1.100985718949232250e-05
1.290235559281427413e-06
8.372011848223337438e-07
2.184791583204059862e-06
3.837519670923938975e-07
1.806845602914108895e-06
5.200959094509016722e-07
3.495877365367050515e-07
2.128790157485127565e-07
2.485645836713956669e-06
2.103594397340202704e-06
8.385391083720605820e-06
7.639309842488728464e-07
3.082868488490930758e-06
9.267529321732581593e-08
2.210881120845442638e-06
9.769494226929964498e-07
1.468679784011328593e-06
1.204529235110385343e-05
7.858519893488846719e-06
1.471432540256500943e-07
7.022109457466285676e-06
2.898700813602772541e-06
1.573931967868702486e-06
8.181283988051291090e-07
2.467855892973602749e-06
5.232383770703563641e-08
4.442223143996670842e-06
5.109609446662943810e-06
3.248921075282851234e-06
9.333041930403851438e-07
1.041428731696214527e-05
1.604899125595693476e-06
6.386245786416111514e-06
1.469497783546103165e-05
1.393959905726660509e-06
1.298932602367131040e-05
3.222522991563891992e-06
5.748801186200580560e-07
2.495999751772615127e-06
1.953784476427244954e-06
1.973863703597089625e-07
3.796244527620729059e-07
2.347912584355071886e-07
9.100939678319264203e-06
2.561573865023092367e-06
1.010835944725840818e-06
1.391774276271462440e-06
7.121242106222780421e-06
1.276295847674191464e-06
4.297628947824705392e-06
1.021363686959375627e-06
9.774969385034637526e-07
6.126045377641275991e-07
2.220925125584471971e-06
2.527696949528035475e-07
8.595790745857811999e-07
3.515030186918011168e-07
9.991184697355492972e-07
2.036879749311992782e-07
2.046549752776627429e-06
1.740754328238836024e-06
1.672164216870442033e-06
6.257002951315371320e-07
1.490074623688997235e-06
7.949302016641013324e-08
5.018443516746629030e-06
4.464565677153586876e-07
3.923864539956412045e-07
2.215322325582746998e-07
1.940129550348501652e-07
6.956630045351630542e-07
1.620552779968420509e-06
1.071311908162897453e-05
2.592630607978207991e-07
1.330091208728845231e-06
3.247670008477143710e-07
4.685203123244718881e-07
2.159864834538893774e-06
3.119269109674860374e-08
3.969651913848792901e-07
1.994864533116924576e-06
3.771051808598713251e-07
8.259328751591965556e-06
1.023311302361662456e-08
9.063818424692726694e-07
9.922207055979015422e-08
8.356464320513623534e-08
6.410693345060280990e-07
2.426038918201811612e-06
1.642578517646597902e-08
1.050716633699266822e-07
7.034900590952020139e-06
1.508579146047850372e-07
6.847054692116216756e-07
4.715754187145648757e-07
5.452387767945765518e-07
3.852412646665470675e-06
8.777032576290366706e-07
6.600324695682502352e-07
5.482497158482146915e-07
2.173130042137927376e-06
1.494728280704293866e-06
2.653319370438111946e-06
2.865084979930543341e-06
5.119647539686411619e-06
8.267223847724380903e-07
1.449825231247814372e-05
6.297648837971792091e-07
3.432861149121890776e-06
7.067850447128876112e-07
2.267777517772628926e-06
1.761142243594804313e-06
6.777309522476571146e-07
2.211529363194131292e-06
1.734640136419329792e-06
5.219015974944340996e-07
1.143512008638936095e-06
1.412762031804959406e-07
1.351486503153864760e-06
2.532973894631140865e-06
4.346408957189851208e-07
3.574889717583573656e-08
3.270685722256416739e-09
7.554166131740203127e-06
4.681199641254352173e-07
2.199470827690674923e-07
8.551610903850814793e-07
1.142682094723568298e-06
2.300676442246185616e-06
2.157837570848641917e-07
2.527567311005896045e-08
4.796043526766879950e-07
1.375517832968853327e-08
1.769640221027657390e-06
3.738167275724180172e-10
1.132702436734689400e-05
2.934111989816301502e-06
6.982248805798008107e-07
5.948273837930173613e-07
1.198852487505064346e-06
6.151500656415009871e-06
5.865552452632982749e-07
1.544536758046888281e-06
7.748025723230966832e-07
2.026212541750282981e-06
1.971621230723030749e-07
2.942577168596471893e-07
1.224186348736111540e-06
1.415918745806266088e-06
9.303115433567654691e-08
3.071581318181415554e-07
6.611533649447665084e-07
2.034639237535884604e-06
2.444051006023073569e-07
1.027914549922570586e-05
9.546363344270503148e-08
7.121910243768070359e-07
1.225090517920079947e-08
2.599707386252703145e-06
2.539072170293366071e-07
5.367542499357114139e-08
1.040157968645871733e-07
6.397020229087502230e-07
6.047332590242149308e-07
1.587229689903324470e-06
1.664062665440724231e-06
3.091894598128419602e-07
2.620942751718757791e-08
3.161175099464230698e-09
1.273841476745474210e-09
0.000000000000000000e+00
1.910951681338701746e-07
1.881980551843298599e-06
7.121943781385198236e-07
1.147973804904722783e-08
2.614212633034185274e-07
8.031130427355037682e-09
1.623428602215426508e-06
1.172026350104715675e-05
1.537133903184439987e-05
7.609350660686686751e-08
7.219425697257975116e-07
1.532349870103644207e-06
6.557701908604940400e-06
2.671381560404029187e-09
6.594922297153971158e-08
1.859333451648126356e-06
5.988354587316280231e-06
4.362133040558546782e-06
3.827027285296935588e-06
1.407356648996938020e-06
2.404892939011915587e-06
2.515811047487659380e-06
4.385800366435432807e-06
9.722182312543736771e-07
2.052762056337087415e-06
2.471489779054536484e-06
2.936719511126284488e-06
4.316293598094489425e-06
6.723219598825380672e-07
3.151664259348763153e-06
5.473280452861217782e-06
7.760129392408998683e-07
1.103657723433570936e-05
2.242906020910595544e-06
1.884889911707432475e-06
1.079284970728622284e-06
1.380289290864311624e-06
2.626928718996168755e-08
1.171890630757843610e-06
3.918385573342675343e-06
8.887025337855902762e-09
1.737423872327781282e-06
2.199001158942337497e-08
5.849112483247154159e-08
0.000000000000000000e+00
2.036794732873659086e-08
8.468299672603762929e-11
1.447056803272062098e-07
6.093840738685685210e-07
1.916179144245688803e-07
2.674502397326250502e-08
1.410415279679000378e-06
6.693376963795572010e-10
2.536767462757438807e-09
0.000000000000000000e+00
2.609831994959677104e-07
1.144745098713428888e-08
5.818624160269791901e-08
1.841139720681894687e-07
0.000000000000000000e+00
9.209503559759468772e-07
3.257685420976486057e-06
9.547727586323162541e-08
1.953787318598187994e-07
6.819400044655310467e-10
1.190259890648803776e-09
4.650279151974245906e-06
2.640134999509768932e-09
9.039410997502272949e-08
0.000000000000000000e+00
4.695074267146992497e-07
8.806709528297318457e-11
5.380331913329428062e-06
5.792551771577336694e-09
2.078270654237712733e-06
4.351988536654971540e-06
2.561439771397999721e-07
1.363978185509040486e-06
9.849168236542027444e-07
2.618519658881268697e-07
7.029680659798032138e-07
5.034779704260472499e-08
2.058698100881883875e-06
7.559070809293189086e-07
2.780268914648331702e-06
2.558032974775414914e-06
2.822001988533884287e-06
8.341335160366725177e-07
9.175283821605262347e-07
1.935396539920475334e-06
2.713851927182986401e-06
1.760650093274307437e-06
2.123625563399400562e-06
1.605995180398167577e-06
1.492217961640562862e-06
9.545990451442776248e-07
2.656899368957965635e-06
5.601083330475375988e-07
1.531141606392338872e-06
3.081709792240872048e-06
5.889770818612305447e-06
1.691932851599631249e-07
2.931943072326248512e-06
9.803206921787932515e-07
2.025836920438450761e-06
7.261748891096431180e-08
2.302231116857456072e-08
1.608967977517750114e-06
9.223474535247078165e-07
5.680384674633387476e-06
1.786314385299192509e-07
0.000000000000000000e+00
2.117476697094389237e-06
2.405845975772535894e-07
8.524827990186167881e-07
0.000000000000000000e+00
2.958827849397493992e-08
3.789610758531125612e-08
4.330401282004459063e-08
9.675067502712408896e-08
9.496350799054198433e-07
1.781778706799741485e-07
0.000000000000000000e+00
9.634287323478929466e-08
0.000000000000000000e+00
5.143782573213684373e-07
4.797942665391019545e-08
2.654163836268708110e-06
2.931958675844725803e-09
9.006676009448710829e-06
0.000000000000000000e+00
4.505376182351028547e-06
1.210830077980062924e-06
6.437323563091013057e-09
2.339642790616380807e-08
3.862444373226026073e-07
5.147918727743672207e-06
9.685215900390176103e-07
1.944367113537737168e-06
4.074140065313258674e-07
0.000000000000000000e+00
2.126939762092661113e-07
4.380168775242054835e-06
7.484021807613316923e-06
1.392573949487996288e-06
6.988996688050974626e-07
3.937349504212761531e-07
5.159266493137693033e-06
2.153939476556843147e-06
3.181877161750890082e-07
6.987341976127936505e-07
1.864669343376590405e-06
2.202073801527149044e-06
1.950587375176837668e-06
2.108421995217213407e-06
7.685835043957922608e-07
2.004672552402553265e-07
0.000000000000000000e+00
1.557391300366361975e-07
1.247755321287513652e-08
8.261487778327136766e-07
1.368715288663224783e-06
3.196360694346367382e-06
3.183975039178221778e-08
3.267156500896817306e-08
1.395739843701448990e-07
1.867496379759359115e-08
0.000000000000000000e+00
3.296515274087141734e-07
3.209716396668227389e-06
1.623088905944314320e-06
1.368249513689079322e-08
8.730145495405849942e-09
6.628816606735199457e-08
2.411986486094974680e-07
1.824960804697184358e-06
7.986477612575981766e-06
8.613473028162843548e-07
4.051927362525020726e-07
4.299169376054123859e-08
1.440717483092157636e-06
0.000000000000000000e+00
4.153370809945045039e-06
1.060102249539340846e-06
5.696325615645037033e-07
1.717951079172053142e-07
1.467688548473233823e-06
0.000000000000000000e+00
3.404116739602613961e-07
3.674592221614148002e-07
4.350269122710415104e-08
9.919369325928073522e-09
9.434118908302480122e-08
7.018267477593154169e-12
1.185190512842382304e-06
0.000000000000000000e+00
1.100733811654208694e-06
1.511171205947903218e-07
1.431170858268160373e-06
8.144826892930723261e-07
5.018240699428133667e-06
1.461303440919436980e-06
1.033525336424645502e-06
2.717028110055252910e-06
5.509368747880216688e-06
1.152339677901181858e-06
1.365590492241608445e-06
4.354929842520505190e-06
1.029211261993623339e-06
2.376345491938991472e-06
7.604975849062611815e-07
1.444583745069394354e-06
6.438235686800908297e-07
1.879909859781037085e-06
3.901595562183501897e-07
5.246097884992195759e-07
1.000993918864878651e-07
2.143284064004546963e-06
4.052195890835719183e-06
8.432060383256612113e-09
2.572284302004845813e-06
7.125561864995688666e-07
8.198090313271677587e-07
2.085232381432433613e-06
9.842483450483996421e-08
8.794636130460276036e-08
5.459436636101600016e-08
5.015414217268698849e-07
5.694730731420349912e-08
1.640342702557973098e-06
1.335245997324818745e-06
2.191003659390844405e-06
2.932430049895629054e-07
8.056122879906979506e-09
2.572238145148730837e-06
3.796092773455939096e-09
8.145019592120661400e-08
0.000000000000000000e+00
8.483294777761329897e-08
2.306454405243130168e-08
3.971549062953272369e-07
5.285442838953713363e-08
1.272158023368774593e-08
9.988285682993591763e-07
0.000000000000000000e+00
2.696548563108080998e-06
1.349959347862750292e-06
1.937877840418877895e-07
5.123872597323497757e-07
5.234832087808172219e-07
2.111286221406771801e-07
1.954694681671753642e-07
2.073125642709783278e-06
2.940549563845706871e-07
0.000000000000000000e+00
0.000000000000000000e+00
3.055031356780091301e-07
2.571237622817079682e-08
4.038873768763551197e-08
1.546172256894351449e-08
3.061197446641017450e-07
2.820129241243307661e-09
1.551512650621589273e-05
0.000000000000000000e+00
5.756775180998374708e-07
6.959533493500202894e-06
5.723784557432054498e-09
5.571821759531303542e-08
7.573995652876419626e-09
5.601770070029488124e-08
1.094772778742481023e-05
2.490757196937920526e-06
3.985398677741613938e-07
1.205522949021542445e-06
3.097895842074649408e-06
1.356330812996020541e-06
2.101175823554513045e-06
6.230454346223268658e-06
1.740283664730668534e-06
3.039662715309532359e-06
8.248033736890647560e-06
1.668161189627426211e-06
7.682482419113512151e-07
1.399338316332432441e-06
2.481774117768509313e-06
3.842897058348171413e-07
3.506878101688926108e-06
9.212780582856794354e-07
8.002271556506457273e-07
3.866924558337814233e-08
2.476914005455910228e-06
2.750693184339070285e-08
1.184053644465166144e-06
1.777848979145346675e-06
4.384727674278110499e-07
1.380392955496745344e-08
8.775614332989789546e-07
5.284558923790427798e-08
2.425650791337830015e-06
0.000000000000000000e+00
6.814811513322638348e-06
3.131025323455105536e-06
2.031425538007169962e-06
1.457447410757595208e-06
9.230575983565358911e-07
1.451306502531224396e-06
2.443365929138963111e-06
2.790199289393058280e-07
9.620564611623194651e-08
1.894457479778566267e-09
5.444063688742062368e-08
8.220716551932127913e-08
0.000000000000000000e+00
1.844184716048857808e-08
7.453398893630946986e-07
1.266044137082644738e-06
0.000000000000000000e+00
8.789063699055077450e-09
3.338069234359863913e-07
6.370303395897281007e-08
0.000000000000000000e+00
1.195938903464366376e-08
3.335535893711494282e-06
0.000000000000000000e+00
6.302305877170510939e-08
4.013704426597541897e-07
8.104189319624310883e-09
6.241499761472368846e-08
1.554935579406446777e-06
5.436934316094266251e-07
2.758196615104679950e-06
3.147838469885755330e-07
2.301598669873783365e-06
2.401094434389960952e-06
6.565617240994470194e-07
1.966898480532108806e-06
7.141083528949820902e-07
2.395881210759398527e-06
1.852165382842940744e-06
1.820395141294284258e-06
9.274256740354758222e-07
7.235785233206115663e-06
2.754179604380624369e-06
6.391071565303718671e-07
2.484880042175063863e-06
2.760491213393834187e-07
1.222330070049792994e-06
1.452708261240331922e-06
5.220397270022658631e-06
1.255954202861175872e-06
2.478687065377016552e-06
4.921871550322975963e-07
2.020531724156171549e-07
2.666486409452772932e-08
7.672630090382881463e-06
5.550829769163101446e-07
1.568949556940424372e-07
4.694635720170481363e-07
3.767537464227643795e-07
1.168399688111776413e-08
3.163705173392372672e-07
0.000000000000000000e+00
9.483602525506285019e-07
7.267087198670196813e-08
9.564908864945209643e-09
2.912252057285513729e-07
0.000000000000000000e+00
2.388566144873038866e-08
0.000000000000000000e+00
3.356547608746041078e-07
2.790650114548043348e-06
0.000000000000000000e+00
3.551772636001260253e-07
5.102155142822084599e-09
1.746537463986896910e-06
5.792250945546584262e-08
2.985767721952470310e-08
6.638936622671565146e-10
4.117260630209784722e-07
1.212318689880476086e-08
1.681618613247337635e-07
0.000000000000000000e+00
2.722960523726669635e-08
3.673265469572584152e-09
3.082258004383220396e-08
0.000000000000000000e+00
5.155027071879203504e-09
1.520496766715950798e-06
1.011586405752495921e-07
1.446621240575041156e-06
2.018295219841093058e-07
2.357995931845380255e-08
4.214173259242670611e-06
2.517600128371100254e-09
5.610099407249435899e-08
6.080539627362213650e-09
1.460982872458771453e-07
2.416347513189975871e-07
1.751676677486102562e-06
0.000000000000000000e+00
5.613469511445146054e-06
7.527113154992548516e-08
7.536980817235416907e-09
2.657850473042344674e-06
1.854940165912921657e-07
8.569021474613691680e-07
0.000000000000000000e+00
2.163054887205362320e-06
0.000000000000000000e+00
5.079763809590076562e-07
0.000000000000000000e+00
0.000000000000000000e+00
4.000120497948955745e-06
2.919090889008657541e-07
7.228497906908160076e-07
0.000000000000000000e+00
0.000000000000000000e+00
2.762492670171923237e-07
9.109512006943987217e-07
1.132643578927172712e-08
1.672055987000931054e-07
5.325189249560935423e-07
2.945764435935416259e-06
7.677414828322071116e-07
8.233269568336254451e-07
5.175140358915086836e-06
1.101423436011828016e-06
3.010001705661125015e-07
5.318943294696509838e-06
3.941220256820088252e-07
9.522765367364627309e-07
6.422752107937412802e-07
4.599136360639022314e-08
6.177540399221470580e-07
9.896127721731318161e-07
9.630412023398093879e-08
1.200174040150159271e-07
3.045597395612276159e-06
1.416878490090311971e-06
1.964553575817262754e-06
2.950233408682834124e-07
8.462020417709936737e-09
4.272664710924800602e-08
1.263244229221527348e-07
2.435293424696283182e-07
4.906300921092565659e-10
0.000000000000000000e+00
1.265789705939823762e-06
3.376215418349204356e-10
1.479254674308094764e-08
0.000000000000000000e+00
7.245652113851974718e-07
0.000000000000000000e+00
1.815220684875384904e-07
8.497198678014683537e-08
2.023203933276818134e-06
1.853845787991303951e-07
1.876872914863270125e-07
2.674158849913510494e-07
2.182556499974452890e-06
4.049527291272170260e-08
3.832000672332469549e-08
8.579913668427252560e-09
2.786732267168190447e-08
4.984437396160501521e-07
0.000000000000000000e+00
0.000000000000000000e+00
0.000000000000000000e+00
4.723984048382590117e-08
0.000000000000000000e+00
0.000000000000000000e+00
2.130533249822263997e-10
6.857348910926930330e-09
8.773599091682626749e-08
4.578460561788233463e-07
0.000000000000000000e+00
0.000000000000000000e+00
0.000000000000000000e+00
2.546075350551291194e-09
8.912348675949033350e-06
0.000000000000000000e+00
2.008873849490555585e-07
5.935717126703821123e-07
0.000000000000000000e+00
0.000000000000000000e+00
0.000000000000000000e+00
0.000000000000000000e+00
0.000000000000000000e+00
4.219460336685187940e-08
2.667578371529089054e-07
0.000000000000000000e+00
0.000000000000000000e+00
1.504886199654720258e-06
3.045033054149826057e-06
1.339840650871337857e-06
2.942010723927523941e-06
1.008946242109232116e-06
8.871280670064152218e-07
1.575976170897774864e-06
2.028232484008185565e-05
5.553819391934666783e-06
2.490470194516092306e-07
3.766800318771856837e-06
6.038871561031555757e-06
8.634451091893424746e-07
1.651854063311475329e-06
1.665036734266323037e-06
7.970547244440240320e-07
1.123939455283107236e-06
1.091154445020947605e-06
7.274106650356770842e-08
5.751582765611829018e-09
5.416311523731565103e-07
6.041012134971879277e-09
3.428486081702430965e-07
1.451128781582156080e-07
2.000380590061467956e-07
1.245043108610843774e-07
0.000000000000000000e+00
1.139213026135621476e-07
7.918628419645301619e-09
2.734423787842388265e-06
7.895662292867200449e-07
8.165785914115986088e-08
3.671111858949416273e-09
1.658029214013367891e-05
7.479814456701205927e-08
3.110842214937292738e-07
0.000000000000000000e+00
1.886043605736631434e-07
1.492455226070887875e-07
0.000000000000000000e+00
3.695333106179532479e-08
0.000000000000000000e+00
3.682210717670386657e-06
4.620967217761062784e-07
2.673149083420867100e-06
6.725833401333147776e-08
2.352193405386060476e-05
2.244415640006991453e-07
1.250568743671465199e-06
1.563448535080169677e-07
5.851507012266665697e-07
8.542679097445216030e-08
0.000000000000000000e+00
1.565480856058343306e-09
3.263057024582849408e-08
0.000000000000000000e+00
9.037340475970268017e-08
0.000000000000000000e+00
3.985782370818924392e-08
1.564254148433974478e-06
1.182086108997282281e-07
5.075580133961921092e-07
2.600782478268115483e-09
3.468809154583141208e-06
2.347479494346771389e-06
2.488845609605050413e-07
1.094084467467837385e-07
1.377764306198514532e-06
2.964386602855029196e-08
4.836062430513266008e-07
1.204699060508573893e-07
2.761423445463151438e-08
4.118028869015688542e-07
1.170215568890853319e-08
2.037859303527511656e-07
1.146780505223432556e-06
7.092426557164799306e-08
2.840275101334555075e-06
3.875529273500433192e-06
4.718432592198951170e-06
2.104553232129546814e-06
3.839041085029748501e-07
3.256877789681311697e-06
1.541205733701644931e-06
5.781432719231816009e-07
6.255287189560476691e-06
1.041391101352928672e-06
5.097064786241389811e-06
6.232387022464536130e-06
7.240403192554367706e-06
6.458992061197932344e-07
1.566709215694572777e-07
8.305035237299307482e-08
3.201247409378993325e-07
1.528602751932339743e-06
1.447879526494944002e-06
1.095666846140375128e-07
4.901110969512956217e-06
4.248938694217940792e-06
4.512878248874585552e-08
1.631728281381583656e-07
1.998525704038911499e-06
2.733182213887630496e-07
9.319375493532788823e-09
0.000000000000000000e+00
1.544501719763502479e-05
2.616504843899747357e-07
4.141508114230418869e-08
4.305352963029918101e-09
0.000000000000000000e+00
5.812426024931482971e-06
2.152350830897375999e-08
1.078960508493764792e-06
1.319160336521463250e-08
7.994461981297718012e-09
2.060422303884479334e-07
1.664190563133161049e-06
2.206662657044944353e-06
1.414391004317394618e-08
3.680438567243982106e-07
5.054670850768161472e-07
2.178219062898278935e-07
4.244814988396683475e-07
1.549071839690441266e-07
8.060647260776931944e-09
0.000000000000000000e+00
0.000000000000000000e+00
9.968196934551087907e-09
0.000000000000000000e+00
2.082946934933715966e-07
0.000000000000000000e+00
2.551873194533982314e-06
2.533098495405283757e-07
3.991291123384144157e-06
2.148922931155539118e-06
5.019123250349366572e-07
6.620119620492914692e-06
1.940253923748969100e-06
3.451496695561218075e-06
1.458367023587925360e-06
1.231161604664521292e-06
1.852741320362838451e-06
3.560967911653278861e-07
2.642582785483682528e-06
3.167771112089212693e-08
1.672768007665581536e-06
6.186135692587413359e-08
3.137621717996808002e-07
2.578678959253011271e-06
7.218327047198158652e-10
2.040897925326135010e-06
2.748041083577845711e-07
5.288875854603247717e-06
3.834001631730643567e-07
2.728676236074534245e-06
3.345690515743626747e-07
3.896105660317061847e-09
1.575797803354817006e-08
4.871030341746518388e-06
5.478803473124571610e-07
3.400696613198306295e-08
1.165328100682927470e-07
2.917823849202250130e-08
8.468302326036791783e-07
2.007345528909354471e-06
7.762403164690567792e-09
2.107954514940502122e-06
3.158271965730818920e-06
0.000000000000000000e+00
0.000000000000000000e+00
0.000000000000000000e+00
0.000000000000000000e+00
4.463797509401956631e-08
0.000000000000000000e+00
9.157501423828762199e-09
0.000000000000000000e+00
1.662972977101162542e-06
1.730339604932851216e-08
1.472038320571300574e-06
1.572162346974437241e-07
2.596704291590867797e-07
1.290626642003189772e-06
4.209836333757266402e-06
2.858617342837987962e-08
1.104425439990563973e-08
0.000000000000000000e+00
0.000000000000000000e+00
1.489894457806784089e-10
3.761676907743094489e-07
1.054135736922034994e-06
0.000000000000000000e+00
0.000000000000000000e+00
0.000000000000000000e+00
1.898308073233767601e-11
0.000000000000000000e+00
0.000000000000000000e+00
9.818023727348190732e-09
4.655533292208247076e-09
3.953665839162567863e-09
1.416895045736055181e-08
1.466920735992971458e-07
0.000000000000000000e+00
0.000000000000000000e+00
5.603035901913244743e-07
0.000000000000000000e+00
0.000000000000000000e+00
0.000000000000000000e+00
0.000000000000000000e+00
0.000000000000000000e+00
0.000000000000000000e+00
0.000000000000000000e+00
0.000000000000000000e+00
2.285366917931241915e-06
7.481119890240250925e-11
0.000000000000000000e+00
2.629543132570688613e-06
0.000000000000000000e+00
0.000000000000000000e+00
7.182649710557598155e-07
4.008796139487458277e-08
3.347856818436412141e-07
7.883577382017392665e-07
1.697864831839979161e-06
3.108399823759100400e-06
3.148054929624777287e-06
8.507254278811160475e-06
2.903910171880852431e-06
1.381835978975232138e-09
1.171076405626081396e-06
6.051693617337150499e-06
0.000000000000000000e+00
5.170281838218215853e-07
2.160055828426266089e-06
0.000000000000000000e+00
0.000000000000000000e+00
3.715117324887273753e-09
4.637332949641859159e-06
5.030907686887076125e-06
0.000000000000000000e+00
6.000688390628283742e-09
3.557935770004405640e-06
1.624919377718470059e-06
1.183095491796848364e-06
1.990781761662674398e-08
2.294149453518912196e-06
1.861565920080465730e-06
7.969977559696417302e-06
5.826365523375898192e-08
0.000000000000000000e+00
2.789231956512594479e-09
0.000000000000000000e+00
0.000000000000000000e+00
0.000000000000000000e+00
0.000000000000000000e+00
5.556427709052513819e-07
