2.666245791260735132e-06
1.878252788856116240e-07
7.057125912979245186e-06
6.509874310722807422e-06
7.767592251184396446e-06
6.942698291823035106e-07
2.458979724906384945e-05
1.176379555545281619e-05
2.848056055881897919e-06
8.901463843358214945e-06
6.808144462411291897e-06
3.154448677378240973e-06
3.578279120119987056e-06
8.577627340855542570e-06
3.197977093805093318e-06
3.660796664917143062e-06
2.132274494215380400e-05
2.694133945624344051e-05
1.605302145435416605e-06
3.748278004422900267e-06
1.214234224278243346e-08
3.375641199454548769e-06
1.338565652986289933e-06
1.926207687574787997e-06
6.543432391481474042e-07
2.784594107652083039e-05
1.187190628115786240e-05
1.079777575796470046e-05
3.555988570269619231e-08
4.761944637721171603e-06
2.802882136165862903e-06
5.818410954816499725e-06
2.055844788628746755e-06
1.302848545492452104e-06
8.752647772780619562e-06
7.153102160373236984e-06
7.374580491159576923e-06
1.968119977391324937e-05
5.658760073856683448e-06
2.304745430592447519e-05
4.726146471512038261e-06
3.788208050536923110e-05
9.422595212527085096e-06
1.771267648109642323e-06
3.558998287189751863e-05
2.327428774151485413e-06
4.542622718872735277e-06
8.047931260080076754e-06
5.771390988229541108e-06
5.435261755337705836e-06
9.199728992825839669e-06
1.769593495737353805e-06
7.048443876556120813e-06
4.328289378463523462e-06
5.979290563118411228e-06
2.729338575591100380e-06
6.357792699418496341e-06
2.684715127543313429e-06
6.160689281387021765e-06
1.719007059364230372e-06
1.176575005956692621e-05
4.547179923974908888e-05
4.463049208425218239e-06
4.224115855322452262e-06
5.065558525529922917e-06
1.274319674848811701e-05
1.307676370743138250e-06
4.513512976700440049e-06
1.712135144771309569e-06
8.867139513313304633e-06
1.281741606362629682e-05
3.919042683264706284e-06
3.101243055425584316e-05
4.970432200934737921e-06
1.235780109709594399e-05
2.047069528998690657e-06
1.234692717844154686e-05
9.142700037045869976e-06
3.949467554775765166e-06
7.084535695867089089e-07
2.376796601311070845e-06
5.715136808248644229e-08
2.206275439675664529e-06
7.143014499888522550e-06
6.674915766780031845e-07
2.356587174290325493e-06
7.424142495437990874e-06
5.545451585931004956e-06
2.975360303025809117e-06
6.465082606155192479e-06
5.223759217187762260e-06
3.170712489009019919e-06
5.631231942970771343e-06
7.059678864607121795e-06
1.402550515194889158e-05
1.371191501675639302e-05
1.530271583760622889e-05
4.764361801790073514e-05
