1.921550392580684274e-06
1.277760475204559043e-06
3.214217514369011042e-08
1.654365860304096714e-06
4.897069175058277324e-06
1.426598828402347863e-06
1.246380179509287700e-05
5.546730221794859972e-07
1.124260506912833080e-06
1.874801647261392645e-08
1.826439159913206822e-07
1.863105717347934842e-05
2.359971858822973445e-06
4.648630692827282473e-06
8.863387847668491304e-06
3.823138740699505433e-06
2.684721721379901282e-06
9.219671483151614666e-06
1.108672040572855622e-05
4.822460141440387815e-06
2.265710691062849946e-06
6.234361990209436044e-06
6.019984084559837356e-06
1.394559944856155198e-06
3.351033910803380422e-06
1.861014970927499235e-05
3.678990469779819250e-05
3.325128091091755778e-06
2.235871534139732830e-06
2.337457544854260050e-06
1.200355427499744110e-06
2.783140416795504279e-06
4.091026895025606791e-08
2.260564542666543275e-06
2.437261173326987773e-06
4.790340426552575082e-06
1.801703183446079493e-05
3.898483555531129241e-06
7.323279533011373132e-06
2.362572331549017690e-06
1.286109295506321359e-06
2.816651431203354150e-05
4.549984851109911688e-07
1.346112912870012224e-05
2.396161335127544589e-06
3.333369750180281699e-05
1.604519752618216444e-06
2.240359435745631345e-06
4.913668362860335037e-06
1.763346944017030182e-07
4.272739715815987438e-06
1.111740857595577836e-05
4.327095126654967316e-08
1.523010723758488894e-05
6.910127467563143000e-06
1.902758413052652031e-07
1.535335513835889287e-06
1.115311624744208530e-05
1.294726189371431246e-05
3.590374717532540672e-06
1.015331872622482479e-05
6.787709480704506859e-06
4.270656063454225659e-06
2.925380613305605948e-06
1.009197785606374964e-05
1.306421745539410040e-05
1.719756596685328986e-06
1.691058628239261452e-06
1.289785814151400700e-06
2.154288551992067369e-07
8.666652320243883878e-07
2.290102884217048995e-06
1.732560349410050549e-06
5.291055003908695653e-06
1.289379997615469620e-05
2.269073320348979905e-06
1.818602527237089816e-06
3.384253432159312069e-06
1.615158362255897373e-05
1.325224366155453026e-05
4.628335773304570466e-06
7.511449894082034007e-06
2.758571554295485839e-06
1.217613134940620512e-05
3.616068715928122401e-05
2.105727844536886550e-06
1.069010795617941767e-05
7.023604666756000370e-06
1.077286128747800831e-06
5.145726390765048563e-06
1.147866726114443736e-07
2.391205669027840486e-07
1.244452732862555422e-06
2.159304813176277094e-06
6.673547432001214474e-06
4.442318640940357000e-06
1.704826718196272850e-05
2.799433241307269782e-05
2.395888486717012711e-06
2.899587525462266058e-05
2.365115960856201127e-06
9.505199614068260416e-07
1.159435760200722143e-05
6.097719506215071306e-06
5.908770162932341918e-06
1.624836841074284166e-05
3.053871296287979931e-06
6.603776455449406058e-06
6.694386684102937579e-06
1.501912038293085061e-06
3.201624394932878204e-06
6.283684342633932829e-06
1.544725819258019328e-06
9.403015610587317497e-06
2.467586000420851633e-06
8.873527804098557681e-06
1.331998646492138505e-05
2.009371019084937871e-05
1.622848867555148900e-05
1.103249815059825778e-05
7.893000656622461975e-06
1.218531792801513802e-06
5.398993607741431333e-07
6.282724029915698338e-07
3.507512928990763612e-06
9.553377822157926857e-07
6.596130788238951936e-06
3.281945055277901702e-06
1.999451569645316340e-06
5.397027052822522819e-06
4.751581855089170858e-06
4.193214863335015252e-06
2.805149961204733700e-06
4.657001682062400505e-06
2.837170313796377741e-06
1.219794256712702918e-07
3.081896011281060055e-06
4.076711320522008464e-06
2.328182517885579728e-06
1.151065248450322542e-06
1.912931838887743652e-05
5.273899205349152908e-06
1.387173938383057248e-06
3.974087405822501751e-07
3.591792847146280110e-06
3.443620698817539960e-06
1.853965727605100255e-06
2.571241111581912264e-06
8.165942745108623058e-06
4.449585503607522696e-06
2.659768369994708337e-06
3.164241206832230091e-06
8.233938388002570719e-06
3.882216788042569533e-06
2.193016598539543338e-06
1.038673963194014505e-05
4.732314209832111374e-06
1.084594805433880538e-05
5.261530873212905135e-07
1.488118641645996831e-06
6.277431907619757112e-07
1.857129348081798526e-07
1.652368723625841085e-06
1.581261273031486780e-07
4.562057256407570094e-06
2.336220859433524311e-06
2.899796754718408920e-06
2.186651272495510057e-06
4.724838618130888790e-06
4.985060968465404585e-06
1.610134631846449338e-06
9.543240366838290356e-07
2.399279310338897631e-06
1.342539917459362186e-06
9.233520358975511044e-06
2.388955635979073122e-06
1.595844196344842203e-06
2.386783990004914813e-06
7.499443768210767303e-07
4.762498804211645620e-07
9.081114171749504749e-08
1.446718101760779973e-06
1.152265440396149643e-06
6.146611326585116331e-07
6.223537525329447817e-07
1.664701727577266865e-07
7.595168938223650912e-09
1.665041850174020510e-06
1.340388052994967438e-06
1.440272434649614297e-08
1.510924562353466172e-06
2.845231392711866647e-07
6.300896984612336382e-06
5.180026619200361893e-06
1.112487007048912346e-05
2.687267851797514595e-06
7.319053565879585221e-06
8.603627179581962992e-07
1.228535211339476518e-06
3.311675072836806066e-06
6.584868515346897766e-06
6.438313562284747604e-07
4.583512236422393471e-06
1.637326136005867738e-06
1.660809175518807024e-05
3.258794777138973586e-06
1.184400025522336364e-05
3.103868948528543115e-06
3.226617991458624601e-06
2.305918087586178444e-06
1.779762897058390081e-06
3.802168976108077914e-06
7.903860932856332511e-06
2.457177927794873540e-08
4.760638319112331374e-07
1.975636450879392214e-06
2.099374569297651760e-06
1.245131215910078026e-07
2.837167869529366726e-07
5.821066295652599365e-08
5.151869686415011529e-07
2.205491682616411708e-07
1.119979415875604900e-07
2.461596750436001457e-06
2.012000344109310390e-08
1.454705170544912107e-06
2.095951745495483465e-10
2.188988368345690105e-08
1.484690642428176943e-06
3.833868902347603580e-07
2.001963139264262281e-06
5.323587174643762410e-06
2.348198677282198332e-06
9.439223163099086378e-07
3.172205197188304737e-06
1.796415403987339232e-06
8.017863365239463747e-06
1.191003548228763975e-06
3.035677991647389717e-06
4.876717412116704509e-06
6.788559403503313661e-08
3.414750153751811013e-07
2.344411598187434720e-07
1.210843691978880088e-07
3.079136376982205547e-06
1.766994586205328233e-07
6.452157208514108788e-07
4.089626202130602906e-07
8.053609121816407423e-07
5.109537255520990584e-07
2.019382492335353163e-07
4.905438686364504974e-07
1.092470043317916861e-07
5.333601166057633236e-06
6.291539648373145610e-06
1.788469177199658589e-07
2.253654201922472566e-06
5.510210030479356647e-07
1.120821409017480619e-07
1.112676841330539901e-06
3.577631346729504003e-08
4.329977443262578163e-08
1.925288444226680440e-07
7.614060564264946152e-07
9.174276556223048829e-07
1.264759106334167882e-07
1.382782443215546664e-06
2.177895839849952608e-05
6.534296062454814091e-06
3.228961077184067108e-06
4.486654233915032819e-06
2.770497758319834247e-06
3.664072437459253706e-06
1.393369871038885321e-06
1.116454768634866923e-05
2.227446657343534753e-06
4.538701887213392183e-06
6.915238373039755970e-07
3.009004103660117835e-06
1.320475462307513226e-06
3.404351218705414794e-07
2.195489230416569626e-07
5.877972171219880693e-07
9.740220775711350143e-06
2.121706302204984240e-06
6.087283850320091005e-07
2.444225401632138528e-06
2.796387207126826979e-06
7.460736810571688693e-07
1.308786767850733668e-08
1.205037619911308866e-06
1.326258569633864681e-07
1.205624357680790126e-06
3.150694567466416629e-07
4.317951152188470587e-07
6.202118925102695357e-07
2.365236468904186040e-06
3.908342449676638353e-08
4.461686273771192646e-07
1.865074978013581131e-06
5.402792794484412298e-06
2.237146190964267589e-06
6.460691537313323352e-08
8.006834306684140756e-09
1.213663267662923317e-07
1.962535023380951316e-08
7.223079592222347856e-07
9.013402291202510241e-08
2.191258374750759685e-07
1.419358000021020416e-06
3.349654491557885194e-07
2.931741676093224669e-07
6.869423145872133318e-07
1.287700683860748541e-06
1.531084490125067532e-05
1.483601181462290697e-06
8.055910143411892932e-07
2.358838401050888933e-06
4.218750746076693758e-06
1.224283323608688079e-06
6.211446816450916231e-06
5.116467036714311689e-07
1.647347971811541356e-06
2.134938085873727687e-06
1.365304001410549972e-06
4.554418865154730156e-06
2.312668584636412561e-06
6.297448180703213438e-07
1.913414507725974545e-06
1.447382487640425097e-06
1.490963882133655716e-06
1.108748392653069459e-06
2.425353159196674824e-06
7.081297098920913413e-06
1.200743008666904643e-05
1.510116726421983913e-05
1.655656319599074777e-06
1.992934585359762423e-06
2.017944353838174720e-07
7.204350254141900223e-07
6.184741778270108625e-06
6.742626510458649136e-07
2.569449009115487570e-07
3.521959968111332273e-07
4.349335613884619534e-10
8.862220397531928029e-07
1.847699735435526236e-07
1.319589614467986394e-06
7.126762966436217539e-07
6.942898835404776037e-06
3.831965216249955120e-07
2.557588913987274282e-07
1.799515843003973714e-07
4.913738962386560161e-07
5.451081506180344149e-06
1.491967367428514990e-07
6.073257736716186628e-07
1.316442705956433201e-07
6.907400802447227761e-06
2.560406642260204535e-08
1.887798930511053186e-07
1.785644188068147287e-09
6.515924724226351827e-07
2.523084276617737487e-06
3.902828666468849406e-06
4.708843334810808301e-06
6.734568160027265549e-06
1.160555939350160770e-06
4.801597697223769501e-06
4.222816642140969634e-06
1.603152099960425403e-06
1.963928298209793866e-06
1.138624725172121543e-06
1.656103222558158450e-06
7.576368687978174421e-08
8.200640877475962043e-06
1.168011962704440521e-07
1.075953548479446908e-08
6.661928182438714430e-07
1.763074578775558621e-06
1.069560539690428413e-06
1.186988129120436497e-06
2.011184051298187114e-06
6.539175956277176738e-07
1.186055555990606081e-06
3.804306203392116004e-08
1.257084250028128736e-06
2.390708004895714112e-06
3.090295876972959377e-06
1.656246581660525408e-06
4.366829216451151296e-06
2.754879460553638637e-06
2.737649310802225955e-06
4.468064162210794166e-06
3.282570787632721476e-06
1.952006186911603436e-06
2.073034920613281429e-06
2.276927716593490914e-06
2.246583790110889822e-06
4.960628757544327527e-06
6.346951067826012149e-06
6.681185823254054412e-06
3.760140543818124570e-06
1.725578499645052943e-06
1.864393937012209790e-07
5.134841671861067880e-07
1.292571738531478331e-07
4.843144779442809522e-06
6.515635050163837150e-06
3.047793484256544616e-07
6.426784580071398523e-07
1.067732924298070429e-07
1.132721763497102074e-06
2.313434606548980810e-06
4.172679552993940888e-07
2.659725623743725009e-06
6.848657818636638694e-08
4.403498223837232217e-07
6.797749279030540492e-07
3.059954281070531579e-07
4.124802330807142425e-07
7.960154562169918790e-07
1.089764009520877153e-05
9.841985956882126629e-06
4.158236492912692484e-07
2.287935618738856647e-09
2.205657949616579572e-07
5.804071861348347738e-06
9.004519597510807216e-06
4.333674041845370084e-07
3.766663212445564568e-06
1.909244105036123074e-07
7.723327257735945750e-07
3.573374442567001097e-06
6.780848327281319143e-09
1.448380771762458608e-05
1.417293333361158147e-06
1.814660663512768224e-06
9.819665365284890868e-07
3.602283138448569844e-09
2.984243110404349864e-07
2.008582669077441096e-05
1.126628376368898898e-06
2.483655953255947679e-05
3.178089900757186115e-05
