9.013944435309895198e-08
1.955510015250183642e-05
5.888158739253412932e-06
3.277953874203376472e-05
6.706826297886436805e-06
3.204038421245058998e-07
3.018202932025815244e-08
1.676785359450150281e-05
1.353040374851843808e-06
1.564295075695554260e-07
1.904696063093069824e-07
2.395890078332740813e-06
1.225829691975377500e-06
1.071447150025051087e-05
7.238562602651654743e-07
4.864475704380311072e-05
2.345381471968721598e-05
7.694897249166388065e-06
1.008910430755349807e-06
1.969428922166116536e-06
3.867046416416997090e-06
6.600038432225119323e-06
6.261653652472887188e-06
3.374820380486198701e-06
1.302370765188243240e-05
9.097495421883650124e-06
1.566715468470647465e-06
5.734690603276249021e-06
7.030417350506468210e-07
8.550187885703053325e-06
3.776478024519747123e-06
4.145294496993301436e-06
1.864596197265200317e-05
5.411375241237692535e-06
5.299832992022857070e-06
2.241235051769763231e-06
4.083218300365842879e-06
7.543712854385375977e-06
1.872364578048291150e-06
2.001271968765649945e-05
3.110027819275273941e-06
5.561136049436754547e-07
1.895035097732034046e-06
7.562629434687551111e-06
1.580242610543791670e-06
2.464755652908934280e-06
5.769300514657516032e-06
4.359324066172121093e-07
1.168677954410668463e-07
9.709144251246470958e-06
3.067548504986916669e-06
1.890117528091650456e-05
7.507961981900734827e-06
4.182996690360596403e-06
1.636937486182432622e-05
4.137827090744394809e-06
2.078988245557411574e-06
6.238818968995474279e-06
2.955164006834820611e-07
2.757983338597114198e-06
4.556056410365272313e-06
3.472345952104660682e-06
2.005281021411065012e-05
4.097813871339894831e-06
4.738912139146123081e-06
5.739129846915602684e-06
5.127815711603034288e-06
2.245941004730411805e-06
4.406351308716693893e-06
4.559789886116050184e-06
2.308331431777332909e-06
9.106425977734033950e-07
2.000564199988730252e-05
3.740694637599517591e-06
2.908853502958663739e-06
3.035635927517432719e-06
1.344242605227918830e-06
3.055920842598425224e-06
1.561036151542793959e-05
7.412725153699284419e-06
3.164099553032428958e-06
1.414182861481094733e-06
7.098357400536770001e-06
1.815077121136710048e-05
2.193333784816786647e-05
4.314983357289747801e-07
3.757603508347528987e-06
4.091234586667269468e-06
2.858080506484839134e-06
2.321324609511066228e-05
2.581922160516114673e-07
6.511054806423999253e-09
2.188538474001688883e-06
8.020693712751381099e-06
1.705458771539269947e-06
1.792927946553390939e-06
9.293787570641143247e-07
6.543220479215960950e-06
3.247461961564113153e-07
1.474170517212769482e-06
8.656750196678331122e-07
8.399596845265477896e-05
1.653591243666596711e-05
7.484423463210987393e-07
7.676886525587178767e-06
6.629004019487183541e-06
9.942486940417438745e-06
3.603395043683121912e-06
2.697603122214786708e-06
8.780938287600292824e-07
3.226134140277281404e-06
8.385264891330734827e-07
3.077350129387923516e-06
1.379913783239317127e-06
2.775913799268892035e-06
4.452813300304114819e-07
3.744370076219638577e-07
1.314259066020895261e-06
5.194572622713167220e-06
6.850073532405076548e-06
1.880084710137452930e-06
5.131831585458712652e-06
1.213414634548826143e-06
4.638300197257194668e-06
8.558812965020479169e-07
1.553716970192908775e-06
1.425212531103170477e-06
1.525603602203773335e-05
6.559903795277932659e-06
8.584571332903578877e-06
1.314895143877947703e-06
1.372957399325969163e-06
2.056755192825221457e-06
5.409552159107988700e-06
1.148220718505399418e-07
7.702811721799207589e-09
2.121281113431905396e-06
2.966549800476059318e-06
2.214206006101449020e-06
5.865574166818987578e-06
3.482453394099138677e-05
5.785299890703754500e-06
1.252081005986838136e-06
5.748630428570322692e-06
1.273603061235917266e-06
6.849715646239928901e-06
8.367848636225971859e-07
5.923403023189166561e-06
7.599860509799327701e-06
6.679270882159471512e-06
1.489834517087729182e-06
2.163499857488204725e-06
2.843866468538180925e-06
6.059935913071967661e-06
4.052380973007529974e-06
2.453144247738237027e-07
3.297955402103980305e-07
9.383334287349498481e-08
7.692395342928648461e-07
4.627528142009396106e-06
9.806016123548033647e-07
1.272766439797123894e-06
2.260249374330669525e-07
1.253552090929588303e-05
8.046733455557841808e-06
2.566395096437190659e-07
8.059565175244642887e-07
3.189225026289932430e-06
3.406470341360545717e-07
1.350654997622768860e-06
2.674730694707250223e-06
2.518716655686148442e-06
7.871648449508938938e-06
2.813182618410792202e-06
2.891022177209379151e-06
4.231448656355496496e-06
5.653605057887034491e-06
7.435317002091323957e-07
1.329018323303898796e-05
1.960811232493142597e-06
3.034430847037583590e-06
7.262417966558132321e-06
1.304301008531183470e-06
3.395481599000049755e-06
4.326269902321655536e-07
3.186981530234334059e-06
1.601542521711962763e-06
3.485012598503089976e-07
1.671231530053773895e-06
1.059357941812777426e-06
1.427269353371229954e-06
1.726291657178080641e-06
6.288597660386585630e-07
9.460990213483455591e-07
1.304808620261610486e-06
2.644545133989595342e-07
3.077887186009320430e-06
2.106556166836526245e-06
2.545245934015838429e-07
7.738937313206406543e-08
5.617279384750872850e-06
3.513475235195073765e-07
1.381940819555893540e-06
3.285148864051734563e-07
2.641312676132656634e-06
1.721587636893673334e-06
2.396537865934078582e-06
2.046785311904386617e-06
3.188143864463199861e-06
9.529617273074109107e-07
1.531429188617039472e-05
9.430319209968729410e-07
2.294637624800088815e-06
9.511424650554545224e-06
1.751065383359673433e-06
4.684843588620424271e-06
5.770380084868520498e-06
7.959137633406498935e-07
4.426807208801619709e-06
2.460684299876447767e-06
9.709191317597287707e-07
2.741174284892622381e-06
5.729974077439692337e-07
3.056744162677205168e-06
6.868208856758428738e-06
8.256582759713637643e-07
2.383387936788494699e-06
1.212041297549149022e-06
1.346841287386268959e-07
1.291211674470105208e-06
2.212132557133372757e-07
6.319822659861529246e-06
8.821735519859430497e-08
5.570819325839693192e-07
1.885443765559102758e-07
2.287105047571458272e-07
3.363664902167329274e-08
7.888856146109901601e-08
5.361517807500604249e-08
9.314775297752930783e-07
1.844147767826598283e-08
1.233132479683263227e-06
4.224046534773151507e-08
7.695292651987983845e-07
7.739901093373191543e-07
1.808057277230545878e-06
9.889947705232771114e-07
1.664702904236037284e-05
3.212775823158153798e-07
1.952690126927336678e-06
4.639923190552508458e-06
8.279357643914408982e-06
3.030808715109856166e-09
1.945438476980143605e-08
0.000000000000000000e+00
2.987753759953193367e-06
1.757340299946008599e-07
3.579003760023624636e-06
1.561750082146318164e-06
3.813655382600700250e-07
4.953644747729413211e-06
1.527987706140265800e-06
2.513439767426461913e-06
6.546351869474165142e-07
1.990242253668839112e-06
2.059867938442039303e-06
2.163843873859150335e-06
1.615499201079728664e-07
3.676069809444015846e-06
2.740173840720672160e-06
1.354856749458122067e-06
2.599012532300548628e-06
7.415995355586346705e-07
3.644350726972334087e-06
1.585022073413711041e-05
3.500638740661088377e-06
2.268714638375968207e-08
1.374004455101385247e-06
2.002966539293993264e-07
5.115358021612337325e-07
5.322855489708899768e-09
5.597567298565309102e-09
6.435996624531981070e-07
2.294178358397402917e-07
1.693299367389045074e-07
3.247713721066247672e-06
5.245762579875190568e-08
4.957034889230271801e-06
8.906217203730193432e-07
2.515443213724211091e-07
1.961385351023636758e-06
4.489233162985328818e-07
6.616227892664028332e-06
2.029536148029364995e-07
9.514218390904716216e-07
1.934443162099341862e-06
3.145798700643354096e-06
0.000000000000000000e+00
0.000000000000000000e+00
1.124127948060049675e-06
4.047092261316720396e-06
1.711465870357642416e-06
6.072972610127180815e-06
1.574264615555875935e-06
1.165228241006843746e-06
9.336307812191080302e-06
2.151317175957956351e-06
9.415246040589408949e-07
1.453401978324109223e-06
1.067533958121202886e-06
1.483030973759014159e-05
2.441446724787965650e-07
4.512520263233454898e-06
2.602900508463790175e-07
2.393223439867142588e-06
1.773388333958791918e-07
2.030328460023156367e-06
5.926117864873958752e-06
1.992255192817538045e-06
2.024296009039971977e-06
1.809324999157979619e-06
1.473479073865746614e-06
3.862419362121727318e-07
2.593756853741524537e-08
2.527897095205844380e-06
0.000000000000000000e+00
8.557850428303481749e-09
2.411905143162584864e-06
3.169131332469987683e-06
2.561021346991765313e-06
5.269548069009033497e-07
5.946355940977809951e-06
7.434405802086985204e-07
3.762031383303110488e-06
9.480211815571237821e-07
1.190684429275279399e-06
1.670519500507339217e-09
6.975466817493725102e-07
0.000000000000000000e+00
0.000000000000000000e+00
9.258262252842541784e-06
1.939122739713639021e-06
4.965268544765422121e-06
2.360841790505219251e-06
4.431099114299286157e-06
9.958069313142914325e-06
6.252549155760789290e-06
4.841728014071122743e-07
1.073240127880126238e-05
1.086596284949337132e-06
8.494142278436811466e-09
2.190718362271582009e-08
6.662381224487035070e-07
1.571866732774651609e-06
8.488125899930309970e-07
9.816275792218220886e-09
0.000000000000000000e+00
0.000000000000000000e+00
0.000000000000000000e+00
4.285501745471265167e-06
0.000000000000000000e+00
1.317257670052640606e-06
4.074356638739118353e-06
0.000000000000000000e+00
1.157471345436533738e-07
2.371990149185876362e-06
1.460135626984992996e-05
