7.817398000042885542e-07
9.247874999118721462e-08
2.529329634626265033e-08
1.221682737195806112e-06
4.343627679759265448e-08
4.378747235023183748e-06
1.131165987544591189e-07
4.559052797503682086e-07
2.077410670153767569e-07
2.638257228682050481e-06
2.214447704318445176e-06
6.472449967986904085e-06
1.645584779907949269e-05
6.022125944582512602e-06
8.754252576181897894e-07
2.908356691477820277e-06
4.528659701463766396e-06
1.351547211925208103e-06
1.887044163595419377e-06
7.732833182672038674e-06
6.388665497070178390e-06
8.715545845916494727e-06
4.077887538755931018e-08
6.440823199227452278e-07
1.505940332435784512e-07
3.478057124084443785e-06
1.511857863079058006e-05
1.307373850067961030e-06
1.059888563759159297e-05
5.400581812864402309e-07
9.300825695390813053e-06
7.151966201490722597e-07
2.431622078802320175e-06
3.419215499889105558e-05
1.310178049607202411e-06
1.235454647030564956e-06
4.229426849633455276e-06
7.511358944611856714e-06
1.317569171987997834e-06
5.044694262323901057e-06
8.733738354749220889e-07
6.555416689479898196e-07
5.144515853316988796e-06
9.944933481165207922e-07
2.957451442853198387e-06
1.062141018337570131e-05
9.994959327741526067e-06
6.925732577656162903e-06
2.523887360439402983e-06
4.447861954304244136e-07
8.743884791329037398e-06
3.925916644220706075e-06
1.049610546033363789e-06
1.454796711186645553e-05
9.347431841888464987e-07
2.941000639111734927e-05
6.186739028635201976e-06
2.211922947026323527e-05
2.273155587317887694e-06
7.504013865400338545e-06
3.385782292752992362e-06
5.099585177958942950e-05
1.339830532742780633e-06
1.868567096607876010e-06
8.237202564487233758e-08
6.469217169069452211e-06
5.169989890418946743e-06
3.266210114816203713e-06
1.496721552030066960e-06
3.906756774085806683e-06
6.304239263954514172e-07
8.611122211732435971e-06
6.693781415378907695e-06
2.069358743028715253e-06
4.105017978872638196e-06
1.395197841702611186e-06
4.697891199612058699e-06
2.121819306921679527e-07
1.654502921155653894e-05
3.435304961385554634e-06
6.194381967361550778e-07
2.411405830571311526e-06
3.737142833415418863e-06
1.483207370256423019e-06
2.107410423946021183e-08
9.186824740936572198e-07
1.381376478093443438e-06
3.097808075835928321e-06
2.737884642556309700e-06
2.122806108673103154e-06
4.475514288060367107e-06
1.003980014502303675e-05
5.093166691949591041e-06
3.627821797635988332e-06
3.791896006077877246e-06
2.257231244584545493e-06
1.373291615891503170e-05
1.173058592485176632e-07
2.462767270117183216e-06
1.218999022967182100e-05
1.805438955670979340e-06
2.632606538099935278e-06
7.855479452700819820e-06
3.355835360707715154e-06
6.929917049092182424e-07
3.351504460624710191e-07
1.973898804408236174e-07
2.197900175815448165e-05
3.250625695727649145e-06
9.456805855734273791e-06
1.314838868893275503e-06
3.819000539806438610e-06
2.987515017593977973e-06
2.183446667913813144e-06
2.490707856850349344e-06
2.198696392952115275e-06
5.436885203380370513e-06
4.528134468273492530e-06
4.589340960592380725e-07
1.025233018481230829e-06
1.521616241006995551e-06
3.342745813483816164e-08
2.208588739449623972e-05
6.510838943540875334e-07
1.342380414826038759e-06
3.444544745434541255e-06
3.200325693342165323e-08
7.526723038608906791e-06
3.867272369006968802e-07
1.165567908856246504e-07
6.059108841327542905e-07
2.989442691614385694e-06
4.343066393630579114e-06
1.277295905310893431e-05
7.384314358205301687e-06
3.961205834457359742e-07
5.157621671969536692e-06
1.309196591137151700e-06
1.211543043666551966e-08
2.909793465732946061e-06
7.688575351494364440e-06
2.138367563020437956e-07
1.920717750181211159e-06
7.633093446202110499e-06
9.390598165737173986e-08
1.606257569619629066e-06
1.208727212542726193e-06
4.443330180947668850e-05
3.672292905321228318e-06
8.406288543483242393e-06
5.797692665510112420e-06
1.562925035614171065e-06
3.583536226869910024e-06
4.157531350301724160e-07
5.602921191893983632e-06
9.373919169775035698e-07
1.061688180925557390e-05
1.046973238771897741e-06
1.033212356560397893e-06
9.036459687195019796e-07
3.648047822935041040e-06
2.157142716896487400e-06
7.915200512798037380e-07
3.126952208276634337e-08
1.628355107641255017e-06
1.579874719936924521e-06
9.539930800883666961e-08
2.041978035549618653e-07
6.196783942868933082e-06
6.472905624832492322e-07
3.470332558208610862e-06
1.296901336900191382e-05
9.559972795614157803e-07
1.109104960050899535e-05
2.425124279170631780e-08
1.155150812337524258e-06
5.551910930989834014e-07
2.410374008832150139e-06
7.552006877631356474e-07
3.216328821054048603e-07
3.166442638757871464e-06
4.063603284976124996e-07
9.098153896047733724e-06
1.389033855048182886e-06
6.945971335881040432e-07
3.262898644607048482e-06
1.435554509043868165e-06
1.344856448426412499e-09
9.859257410482769046e-09
3.535523518394256826e-08
2.255838893461259431e-07
3.083147248617024161e-07
6.338611768796909018e-08
1.273351699637714773e-07
4.356461431598290801e-07
5.105844138597603887e-06
2.923528619191984035e-08
3.807883217632479500e-07
7.911819116523943762e-11
8.382173291465733200e-06
8.090983669717388693e-07
3.720537833373782632e-08
2.367872298236761708e-07
1.931032102220342495e-06
2.878991153920651414e-06
5.030610239487032231e-08
3.989001129411917645e-07
2.396699301243643276e-06
8.404535378758737352e-07
6.800156029385107104e-07
5.771193173131905496e-06
1.913507730932906270e-06
2.873264648428630608e-08
4.639712756215885747e-07
2.515314747597585665e-07
2.058778392211024766e-07
3.211124521840247326e-06
2.394130888205836527e-06
1.903988390949962195e-06
4.692323329891223693e-07
3.500361245301064628e-08
2.612261198464693734e-07
3.776846213554563292e-08
3.252712232892918109e-08
7.947117808271286776e-08
4.291708819437189959e-07
3.252645797147124540e-08
4.085348336957395077e-06
1.147893726738402620e-05
1.010703272186219692e-06
8.588201438897158368e-08
4.305615220800973475e-06
1.571008989564859348e-09
2.287851019744380210e-09
4.092279596079606563e-06
1.028921019496920053e-06
2.113274149451171979e-06
1.704163310023432132e-06
8.166389307007193565e-06
5.675144620909122750e-07
4.747645107272546738e-06
3.550875078417448094e-07
8.216852620535064489e-06
4.450870108030358097e-07
1.080223341887176502e-06
3.127952368231490254e-06
5.934126647844095714e-07
5.074794557913264725e-07
1.167204118246445432e-06
1.868253548309439793e-06
6.476629721419158159e-08
1.355810184122674400e-07
2.642704544086882379e-07
1.611655164879266522e-07
1.004394007964037883e-07
1.950194473465671763e-06
3.283872274550958537e-06
7.753750530525849172e-09
1.757364998411503620e-06
4.709237600764026865e-06
1.015165054241151665e-07
6.631722282435248417e-09
1.168074881263692077e-08
5.781349159406090621e-07
9.879808260393474484e-08
2.542985157560906373e-06
4.480974524767589173e-08
3.279666088928934187e-06
2.148928217593493173e-07
0.000000000000000000e+00
5.371856293123755677e-09
2.709653870169859147e-07
1.433793102023628308e-07
1.263055764866294339e-06
2.178174440814473201e-08
1.562790856723950128e-07
1.372645197506017212e-08
1.033587614074349403e-05
5.612604581983759999e-06
0.000000000000000000e+00
5.154160431786181107e-11
6.820531780249439180e-06
1.919471515066106804e-06
1.005627837002975866e-06
6.839851721451850608e-06
1.059303826878021937e-07
1.112496206268076548e-09
2.557578227424528450e-06
1.692540877229475882e-06
2.113637492584530264e-06
1.701963725508903735e-08
8.403660103795118630e-06
4.335699372859380674e-07
2.631947815245894162e-08
1.947118022371796542e-07
6.161158694339974318e-07
1.637322952774411533e-06
5.503522402250382584e-07
3.802431592703214847e-06
2.974536528199678287e-06
2.301270797033794224e-06
1.184687675959139597e-06
1.678989860920410138e-06
7.691024848099914379e-07
3.222951818315777928e-06
2.726638740568887442e-06
4.956877091899514198e-06
2.757451227353158174e-07
5.802656232845038176e-06
6.686612437079020310e-07
1.486153678342816420e-06
5.902889483877515886e-07
1.976475658693743753e-07
1.468916934754815884e-07
9.377321248393855058e-07
2.956397509024100145e-07
3.717178969964152202e-06
1.594140854876968660e-07
6.444279847528378014e-07
2.725593617469712626e-07
6.638725267293921206e-07
1.082425384879570629e-07
8.911678861522887019e-08
2.828948936439701356e-06
2.114994934743208432e-08
9.313774853580980562e-07
1.515359940640337300e-06
8.869331509231415112e-07
8.572440535203895706e-09
3.061122697545215487e-07
9.994766969612101093e-08
2.684426192445243942e-07
2.460631094436394051e-07
1.214034028862442938e-07
3.706292872607264144e-08
1.685606434875808191e-06
4.658008023739057535e-08
9.231890629735062248e-08
7.213809283257432980e-08
2.317967817688781906e-09
4.359122229846690288e-10
1.024883360400963284e-07
6.830067889040947193e-08
6.627478565945921218e-09
1.072563016180083650e-08
7.637347421152185234e-10
1.656881210010396899e-08
3.074236332167856744e-08
7.479018222511513159e-07
2.282480636495165527e-06
3.747260279851616360e-08
2.691542988486617105e-08
1.319568898594525308e-10
1.485172020920799696e-07
3.099947605278430274e-07
8.967252540514891734e-08
2.305982206962653436e-06
3.399701711259695003e-07
1.490064160947213168e-08
3.857935151896363379e-11
1.839802052927552722e-07
8.262212247700517764e-08
1.799896608645212837e-06
2.102170668649705476e-07
2.569954693498743836e-09
1.780451555077888770e-07
2.383389528404222801e-06
1.941515847647679038e-06
2.458758956436213339e-07
1.118118234444409609e-06
4.356513272796291858e-06
3.652455689007183537e-07
1.528741790934873279e-07
1.810357161957654171e-06
2.708005411022895714e-07
1.880740683191106655e-06
5.501147484210378025e-07
1.555055064272892196e-06
1.527766698927734978e-06
3.605646838877873961e-07
5.888672376386239193e-07
1.824101616421103245e-07
1.164662762676016428e-06
7.878327323851408437e-07
2.833623057085787877e-06
1.043776549636277196e-07
9.085350143323012162e-07
3.195343083461921196e-07
2.304371037098462693e-06
1.864299861153995153e-06
2.019480831449982361e-07
2.993572479681461118e-06
4.378434681484577595e-08
1.548848103993805125e-06
0.000000000000000000e+00
3.953146006097085774e-06
1.694087927717191633e-07
3.031119831575779244e-06
6.800745495638693683e-07
7.829144124116282910e-06
2.106349761277215293e-09
8.341867214767262340e-07
9.639730933486134745e-07
3.405757524888031185e-06
4.040031456042925129e-07
2.454394689266337082e-06
3.925665623683016747e-07
1.920172909564143993e-09
4.626169225474541236e-09
4.702135925072070677e-08
1.015318616737204138e-06
9.040340955834835768e-07
3.246067024065268924e-07
1.510906741941653308e-07
5.938224489909771364e-08
9.828857372440324980e-08
8.601637802030381863e-08
5.623393235509865917e-07
2.273021076915071603e-10
3.395228986846632324e-08
1.288507860408572014e-07
0.000000000000000000e+00
4.224406438879668713e-06
1.227822252758414834e-07
5.846121453600972018e-08
1.396804378828164772e-07
1.676822989793436136e-06
3.871624354445657445e-09
2.551495583702489967e-07
1.619267209207464475e-07
2.379577423994305718e-09
0.000000000000000000e+00
2.149348699020947606e-09
1.945344223486245028e-07
1.350655111309606582e-06
3.373260781813769427e-09
1.583416953110372560e-08
9.490921115684614051e-08
3.414710647575702751e-07
1.799612192598942784e-07
5.913727363804355264e-06
3.589890127386752283e-07
1.073201403301027312e-07
1.832464477047324181e-06
1.477877873412580811e-07
7.218549171739141457e-07
5.389102284425462130e-07
1.353705414430805831e-07
8.250266319009824656e-07
1.607300418982049450e-06
6.891764883221185300e-07
8.586829949308594223e-07
4.519777576206251979e-06
1.789233827764746820e-08
1.139421144102925609e-07
2.747943199210567400e-06
6.742990610320021005e-09
1.098208713301573880e-06
2.910807097578071989e-07
2.414380162463203305e-07
2.922976591435144655e-06
5.965746652236703085e-08
1.823732077355089132e-06
1.341784468422702048e-06
1.192874378830310889e-06
3.431721609103988158e-07
4.555128185756984749e-08
3.866019682163823745e-08
1.147555721559001540e-07
9.668439133747597225e-07
1.978742716346459929e-07
6.099878646637080237e-07
9.811583367991261184e-07
5.374722888973337831e-08
1.006739807962730993e-06
2.447312681397306733e-07
1.036991534419939853e-06
0.000000000000000000e+00
1.338931721051039858e-08
2.483335065361913507e-11
7.399583612510696184e-09
1.590009446772455703e-06
4.808535436495731119e-07
2.936059217972797342e-07
8.817845582598238252e-07
5.709380729967961088e-06
1.019523438117175829e-06
2.673210474313236773e-06
1.016002784126612823e-07
2.337181292944023880e-08
6.390440621117932096e-09
3.843689171389996773e-07
1.090219029720174149e-06
2.533824044803623110e-06
2.082547325699124485e-06
2.198875392878107959e-07
3.422217787374393083e-06
1.757274219471582910e-07
1.808334218367235735e-06
5.223860171099659055e-07
3.126748197246342897e-06
5.511705694516422227e-06
6.631093128817155957e-06
1.566980927236727439e-06
2.471374727974762209e-06
2.371005933810010902e-07
3.572656851247302257e-06
8.896820986592501868e-07
1.054129143085447140e-06
1.402768361913331319e-06
3.992245638073654845e-06
5.205956313147908077e-06
1.796807737264316529e-06
4.761340733239194378e-06
8.534576636520796455e-07
1.033221295188013755e-07
1.549800458633399103e-06
2.797917986185893824e-08
9.325026861795038258e-11
3.153145371470600367e-06
4.344227875208162004e-07
5.696272751265496481e-07
1.040944397345811012e-08
6.084429514885414392e-06
7.141334776861185674e-07
7.779157726872654166e-07
2.591957581898896024e-06
1.322755224464344792e-06
4.110940565738019359e-08
4.030987454939349846e-08
3.020517738150374498e-07
9.198475225957736257e-08
3.063907461076098571e-10
9.918387888774304884e-08
3.595383901711102226e-08
6.111348511694814079e-07
1.221101975090732594e-08
2.655941955254093045e-07
5.262029034724946541e-09
9.587157734358697780e-09
8.616639490810484858e-08
2.584601475064118858e-07
7.466812057543847914e-09
1.444457495836104499e-07
3.538965813731920207e-07
7.947768949634337332e-07
1.754428491373971610e-09
1.736309798161528306e-07
4.118613361470124801e-08
3.738862005775445141e-06
3.955022293666843325e-06
1.233910438713792246e-06
1.605631183565492393e-07
8.062597771640866995e-07
3.788658204939565621e-06
1.500941237964070751e-07
1.885724600469984580e-06
6.092349735808966216e-07
1.366575247629953083e-06
1.333043428530800156e-06
6.978928013268159702e-07
2.374223555534626939e-07
6.122793365648249164e-06
9.438817301088420209e-07
3.262932978032040410e-06
5.224968901984539116e-08
1.209169226967787836e-06
1.372797896692645736e-06
1.068150581318150216e-07
3.225035243303864263e-06
1.025134039878139447e-07
9.157285489891364705e-07
7.314380354728200473e-07
3.460365007867949316e-07
5.582210746979399119e-07
3.351402710904949345e-06
6.543608606079942547e-07
1.616839995222107973e-06
1.899995965004563914e-07
3.774860033445293084e-07
2.505219924842094770e-07
3.263244963136457955e-08
7.052533845808284241e-08
7.161437679314985871e-06
3.131617859253310598e-06
1.564333160786191002e-07
3.515864591463468969e-06
1.219360910909017548e-06
3.034228086562507087e-07
1.724512941336797667e-07
3.771491918769243057e-08
8.680595442456251476e-08
2.368743068359435711e-08
9.301817982532156748e-08
3.819679932348662987e-07
1.576919146373256808e-07
8.151026236191682983e-07
3.036897311403663480e-08
6.031218857671660771e-10
3.198640115442685783e-06
3.073315610890858807e-07
2.051657475021784194e-07
2.152219877871175413e-07
3.069154445256572217e-06
7.950066560624691192e-08
2.873588584861863637e-07
1.387906650052173063e-06
4.266336190994479693e-07
0.000000000000000000e+00
9.055245442368686781e-09
5.156153726204593113e-09
5.444427188194822520e-06
8.469616119555212208e-09
1.109533229737280635e-07
8.137568840993480990e-09
2.087302136688506948e-10
1.096941673495166469e-06
6.092194553275476210e-07
4.176361471763812006e-06
2.777049758151406422e-06
9.349684546577918809e-07
0.000000000000000000e+00
0.000000000000000000e+00
0.000000000000000000e+00
1.525400694646350530e-09
9.142252510585535674e-10
4.448004986556952645e-08
2.452461558277718723e-07
8.436188636551378295e-09
3.502351120232560788e-08
5.544487180486612488e-08
3.917033609468489885e-06
2.265163402626058087e-06
2.510677745704015251e-07
3.420965867917402647e-06
5.949158889961836394e-07
2.412050889688543975e-06
7.211870070022996515e-07
1.083641222976439167e-06
3.753928297101083444e-07
1.217004046338843182e-05
5.013917530050093774e-07
1.008784238365478814e-06
3.663575114387640497e-07
9.391961839355644770e-07
5.544085979636292905e-06
3.690605012707237620e-07
4.113287559448508546e-07
4.439128531430469593e-08
5.339782660485070664e-07
3.398202750304335495e-07
7.828605248505482450e-07
3.768144907212445105e-08
6.856246272946009412e-07
1.974545511984615587e-06
2.579489333243145666e-08
1.650958978416383616e-07
3.078075394569168566e-08
6.079168315409333445e-07
5.754947807190546882e-08
1.096471578421187587e-06
7.356695164162374567e-08
6.350915526809330913e-08
2.239127979919430800e-06
1.902313329082971904e-07
4.523356835761660477e-07
4.366518702170196775e-09
3.659947722667311609e-08
1.251230052901064482e-08
1.150044340647582430e-06
2.476463407674600603e-07
2.366547505516791716e-06
1.700603093013342004e-06
4.273033482604660094e-08
2.037960733503041411e-08
4.466660925572796259e-07
3.469689318080781959e-06
1.392413651046808809e-07
5.180899265155858302e-08
5.670497960075238097e-10
6.284229243647132535e-07
1.468295209861025796e-07
1.081686377801815979e-06
7.265930435096379369e-08
1.379106464582946501e-07
9.035823467229420203e-08
5.566506615650723688e-07
3.037448323084390722e-06
1.784125288395443931e-06
2.519276677048765123e-06
2.513203526177676395e-06
1.107245282128133113e-07
5.632886157513894432e-08
3.391191327750675555e-08
8.488596137112836004e-08
1.778939008545421530e-06
3.430910169299750123e-07
1.686652706389679679e-09
1.375722979979343563e-09
3.916068749276746530e-07
7.889567314123269171e-06
0.000000000000000000e+00
1.005191552394535393e-05
2.792982511934383183e-09
6.652284810115816072e-06
1.008890819775842829e-07
4.869787630923383404e-07
2.159719514338576118e-07
4.244066360570286633e-07
2.704937836217613523e-11
2.620046188894775696e-06
4.260544628209572693e-08
0.000000000000000000e+00
8.503380222180112469e-09
1.093780269911803771e-06
3.590097037431405624e-07
1.895682316899183206e-06
1.514866994511976372e-06
2.010218850045930594e-06
2.644088681336143054e-07
1.700432932238982175e-07
1.576057798047258984e-06
4.048025857628090307e-06
5.001489853384555317e-07
3.524437943269731477e-06
1.449428879141123616e-07
2.719485507896024501e-07
7.199922720246831886e-07
3.997691635504452279e-07
1.030049247674469370e-06
9.971553254217724316e-07
6.779737304896116257e-07
8.768079169385600835e-06
7.499630783058819361e-07
8.048512967206988833e-08
5.211973075347486883e-07
1.265525270355283283e-06
1.006521983981656376e-06
5.450642106552550104e-07
1.916631845233496279e-06
7.137854822758527007e-07
3.342654508742270991e-06
6.019679688051837729e-08
7.435814808331997483e-08
8.151464925276741269e-08
4.000941444814998249e-08
4.600055092396360124e-07
1.382265622851264197e-06
9.460732144361827523e-07
7.249568767520031543e-08
4.206518244842527565e-09
3.332442872761021135e-07
1.056445508851311388e-08
9.235566977849885006e-09
1.381842707814939786e-06
1.064652906279661693e-06
6.891221815408243856e-09
1.014454937831033021e-06
3.265955092501826584e-05
9.024222435982665047e-07
1.053536152539891191e-06
4.378561868634278653e-08
8.920777361254295101e-08
4.285697627892659511e-07
7.207199814729392529e-07
4.335657195042585954e-06
3.205323650945501868e-07
3.957332864956697449e-06
3.395677140360930935e-06
1.761636303854174912e-05
1.183587983177858405e-07
2.283900812471983954e-06
3.484662514097180974e-08
3.799354431066603865e-07
4.916546458844095469e-08
2.489541088834812399e-07
4.661347077217214974e-07
3.015156124774875934e-08
9.530182296657585539e-07
1.243263000105798710e-06
8.349357871750839877e-10
1.303459384871530347e-07
2.251405817332852166e-08
1.202907018438281739e-08
6.797937146529875463e-08
9.792621824544767151e-08
2.340824067914581974e-07
4.839326379624253605e-07
3.515418939059600234e-06
2.085985428834646882e-08
9.580462290159630356e-08
1.029065060720313340e-06
5.049228661846427713e-07
1.381956948875995295e-08
2.106398540036025224e-07
2.942493138036184064e-09
6.094232674058730481e-09
1.334731791757803876e-07
2.335893611871142639e-08
7.693761716609515133e-08
9.128486300191696046e-10
1.848910756052646320e-06
1.346662941159593174e-07
6.157370446846499590e-11
2.033167589843287715e-08
6.510757211142248480e-11
1.044582020881534845e-08
2.967824563882004441e-08
9.032398828878740460e-09
1.411647332361098961e-08
1.538324170269333990e-07
1.920631547136508743e-07
9.715250826047849841e-11
0.000000000000000000e+00
2.178373453842752383e-11
1.956927690116572194e-06
1.564608176352066948e-08
7.917177526906016283e-07
4.624609140080337966e-09
4.524428476315733860e-08
1.627222356859192587e-09
2.802643117583158983e-10
1.420869949475545013e-10
0.000000000000000000e+00
0.000000000000000000e+00
0.000000000000000000e+00
6.213161096724206800e-09
6.128338281286005440e-09
1.506895275227293496e-09
2.473512950018630363e-06
7.962724339449778199e-06
2.378806840397373890e-07
3.615285777414101176e-06
1.047097612172365189e-06
2.024009518208913505e-06
4.383189775580831338e-07
3.017180461029056460e-06
1.587627480148512404e-06
3.724142743521952070e-06
2.891591748266364448e-06
1.313508960265608039e-06
2.233115992567036301e-06
3.504723338210169459e-07
7.281497573785600252e-07
2.392802343820221722e-06
3.210421937183127739e-06
1.976004995185576263e-07
4.959211310051614419e-06
3.013909406490711262e-07
1.805782744668249507e-06
6.787213351344689727e-07
1.348368812159606023e-07
2.277555921637031133e-07
1.930808366523706354e-06
2.729248771426995290e-10
2.147986833733739331e-06
3.067383502752818458e-08
1.835449779719056096e-06
3.528651575379626593e-07
1.710279434519179631e-06
5.187881015444872901e-06
1.164362188887935190e-07
5.561111571239507612e-09
1.400997859946073731e-07
2.173942448280286044e-08
1.726773724008978661e-10
7.740908469777707523e-10
2.884661842728064585e-09
1.162819316391505708e-07
2.001508647708760691e-08
2.236900087382309721e-07
3.376426604972948553e-07
1.598691170556776342e-07
1.146783461081213318e-06
1.021762408015547408e-08
1.773678377503529191e-06
2.682706394807610195e-07
4.418484991219884250e-07
6.105694865254918113e-06
6.033590693732548971e-08
2.892687120947812218e-07
5.750677445348628680e-08
8.494373560097301379e-07
1.853732243262129487e-07
7.390760288217279594e-07
4.211039072998801203e-09
2.751730789896100760e-06
1.014626604955992661e-07
1.447491939643441583e-07
5.273010472706118890e-09
1.652939431551203597e-06
1.140002268584794365e-06
5.019473974243737757e-07
1.579915043237178907e-08
8.701413634071286651e-08
9.294767622236577154e-09
8.647845106679596938e-08
1.615731680393306391e-11
6.347454473143443465e-07
8.136795126567619718e-10
1.436732873116852716e-06
1.768306560734345112e-06
1.549941885059524793e-06
2.489130457306032440e-09
1.451866626922537762e-09
6.950631927793438081e-07
0.000000000000000000e+00
3.430030426354591100e-10
3.835354700498783131e-09
1.431812890473338484e-09
5.968296932223893236e-07
1.996072711563101620e-07
3.560843140348879388e-07
1.588388158779707737e-07
1.752247840158815961e-07
3.213411218894179910e-06
4.354691100161289796e-06
1.147191596828633919e-06
5.211662141846318264e-07
8.151432098202349152e-07
9.917408760884427465e-08
2.523809143895050511e-07
2.115776169375749305e-06
2.316625113962800242e-06
4.109627298021223396e-06
1.084222617464547511e-06
6.328818358269927558e-07
4.322784832311299397e-07
2.032665179285686463e-06
1.137930780714668799e-06
5.776131274615181610e-06
4.566207394418597687e-07
1.021246198718017695e-09
2.995893737534061074e-06
2.023359684244496748e-07
7.842654525802572607e-08
1.938847162819001824e-07
8.662755135446786880e-07
6.556528653334225964e-09
2.542108568093226495e-08
9.490102570453018416e-08
3.643597779046103824e-08
3.225015632324357284e-07
3.903710876329569146e-06
4.014714960476339911e-08
6.177372597448993474e-06
8.137701712485068128e-08
1.412039107862028686e-08
7.983585419424343854e-07
1.747608848745585419e-06
1.555294943500484806e-06
1.033551711770996917e-06
3.560284662570967207e-12
2.863391159735328984e-07
5.225583166179603722e-08
6.219391934791929089e-07
2.694817737847188255e-07
9.254579325101985887e-09
7.977805971393081563e-09
1.018851349954275065e-07
4.860631008796190144e-09
5.513353329433812178e-08
5.530988514412804591e-11
1.257213444461058316e-08
1.069177457679870713e-08
6.793545725969352134e-09
1.212998625987893320e-07
3.615500418163719587e-06
5.117970545143180061e-07
1.771109148229754737e-09
6.114411754687409939e-11
1.779359450893025496e-07
2.159891643316314003e-08
8.866892358128097840e-07
1.745885128912050277e-06
1.649048158469668124e-06
1.002002363748033531e-06
5.265196278969597188e-09
5.469575015126793005e-09
5.172821033738728147e-07
1.512251515123352874e-06
8.316478101733082440e-07
8.021361850296671037e-07
1.867491619123029523e-06
1.693555418569303583e-06
6.054225991647399496e-07
3.916746322829567362e-07
2.359445261390646920e-06
4.959253601555246860e-06
1.785099925655231345e-06
5.350689662009244785e-06
8.147443963935074862e-07
1.599549477759865113e-06
1.218291572513408028e-06
6.747804945916868746e-06
1.272453391720773652e-05
1.519172883490682580e-06
3.799373473611922236e-07
4.197125690552638844e-06
8.713802230886358302e-07
1.716418751129822340e-06
2.373704717228974914e-07
4.427968633535783738e-06
3.484133912934339605e-06
1.315934014201047830e-06
5.536582037279913493e-08
4.554941313017479843e-08
1.880966777889625519e-07
1.988958615584124345e-07
8.377516280688723782e-08
2.033745687413102132e-07
1.044428277197084753e-08
8.022670954233035445e-07
7.004795854470557970e-09
2.919869623863036168e-10
2.279680888506163683e-09
1.878952389233745635e-07
2.864750285880290903e-07
1.775244187762758941e-11
2.356678123760502785e-07
2.398855780683106786e-09
8.736622476135380566e-06
4.502304875586560229e-07
1.229314392503511044e-07
3.331559241814829875e-07
9.826391256240185612e-09
5.266853175811547771e-09
8.966140718769111118e-09
4.068676560109452112e-07
6.110125241320929490e-07
2.288698084385032416e-07
1.919404724048945354e-08
5.725994469685247168e-06
2.193418993101658998e-07
1.773864369170041755e-06
8.398863542424805928e-07
3.415025844333285931e-07
1.718806970529840328e-06
1.690109456831123680e-07
1.114970560323058635e-09
9.154965852076202282e-08
7.660568144274293445e-07
1.286797726152144605e-07
4.020531463311272091e-09
2.640490265548578463e-06
6.342248504154213151e-09
0.000000000000000000e+00
0.000000000000000000e+00
0.000000000000000000e+00
9.714468340860094031e-09
4.726489200024275306e-10
7.583017804790870287e-07
1.745494948579562333e-08
7.353225583983657998e-09
8.972310894250767888e-09
0.000000000000000000e+00
8.403354678776508990e-10
3.396651209186529741e-06
0.000000000000000000e+00
4.464930647429810051e-09
4.140090368309756741e-07
6.487676955657661892e-07
4.062840730512107257e-08
1.837994147990684723e-07
6.754249852747307159e-07
3.283588227986911079e-07
5.340862117009237409e-07
2.226036713182111271e-06
2.161992597393691540e-06
1.767927869877894409e-06
6.010328092997951899e-07
9.872368309515877627e-07
3.338751639603287913e-06
7.022846375548397191e-07
6.448950671256170608e-07
1.992229726965888403e-06
1.880147010524524376e-06
2.010449179579154588e-06
1.506071043877454940e-06
3.729203399416292086e-06
5.131577154315891676e-07
4.613264536601491272e-06
2.772875120626849821e-07
3.629717468811577419e-07
1.922649204288973124e-07
6.968015782149450388e-07
5.086687338007322978e-07
1.428891760468786742e-08
1.035745142985433631e-07
2.259467102305734443e-08
8.731288289709482342e-06
5.959113380527014669e-08
5.422575810598573298e-08
4.568214251321478514e-07
9.814031045607407577e-07
2.973488562929560430e-06
3.764964446872909321e-07
1.181856532639358193e-06
7.602354799018939957e-07
6.132275132131326245e-08
2.197461839159586816e-07
5.588713491988528403e-09
2.102214047283723630e-08
3.847045793037295880e-09
3.182501728815623210e-08
7.848386758269043639e-07
5.142806625002549481e-09
5.674703515978762880e-07
5.576372430482479103e-08
1.401969711878336966e-06
5.816745840547810076e-08
2.359089421588578261e-06
2.455469029882806353e-06
2.145612143067410216e-06
3.265641979055544653e-08
6.021172538339669700e-08
6.185935603753023315e-07
4.579460721743089380e-08
9.163127479006050180e-10
8.063858913942567597e-09
1.021303646098203899e-07
1.335206292196744471e-07
2.320356315976823680e-07
2.825184175492267968e-08
8.996892120194388554e-08
3.982871930929832160e-06
4.759633895901060896e-07
4.019760879714340263e-08
1.236504516555214650e-07
2.626201194289023988e-07
1.601125632078037597e-07
2.559555696279858239e-06
3.648862502814154141e-06
2.095537467994290637e-07
4.186280762041860726e-07
2.338788362976629287e-06
1.658687210692733061e-06
8.892834557627793401e-07
2.770887249425868504e-06
3.506610710246604867e-06
3.132417532469844446e-06
1.835140210459940135e-06
1.449755018256837502e-07
1.403914438924402930e-06
1.510980496277625207e-07
4.114894636586541310e-06
2.001940401896717958e-06
4.957392008009264828e-08
3.594102054194081575e-06
7.532116086395035381e-08
3.807463428984192433e-07
4.894696985502378084e-07
1.057093168554956719e-08
1.399928351020207629e-07
1.551700101742881088e-09
3.438163957980577834e-07
9.439227710572595242e-08
1.642232239085217316e-09
1.576424324412073474e-06
1.977405048592117964e-07
2.148653344136164378e-08
3.028259198956106957e-09
2.436001523165032268e-06
2.161829470992415736e-08
7.194577733571350109e-07
7.877114285292918794e-07
2.767662765634781863e-09
0.000000000000000000e+00
6.448383373935939744e-07
1.631736701313002413e-08
3.191213977515872102e-07
6.306094064711942337e-07
2.171798087147180922e-06
3.207531563020893373e-06
7.683697589300209074e-08
1.737554498504323419e-06
5.392269031290197745e-06
3.102216439287985850e-08
3.245704860432852001e-08
9.165846392988896696e-08
5.478268860770185711e-08
8.244493976405919966e-09
1.162268176813086029e-06
2.086081076413393021e-05
1.352627805317752063e-07
3.355151648065657355e-06
5.071042963322724972e-08
8.493737482240248937e-07
2.492755356797715649e-06
2.892756583605660126e-06
4.119950972381047904e-06
3.473795402442192426e-07
1.404080194333801046e-06
3.080602084537531482e-07
4.402870672493008897e-07
1.131010321842040867e-06
3.883631052303826436e-06
5.826855726809299085e-07
8.956490091804880649e-06
1.237278638654970564e-06
2.651700015121605247e-07
2.993524049088591710e-06
1.895809077723242808e-06
1.953188757397583686e-06
1.869893367256736383e-06
1.320063347520772368e-06
2.638428668433334678e-06
7.500464676013507415e-07
1.927847961269435473e-06
3.044145159947220236e-06
2.508307375137519557e-07
3.807875145867001265e-06
7.514152002841001377e-07
1.260412545889266767e-06
2.745300378137471853e-07
4.655630334582383512e-07
2.682266142528533237e-07
4.971653879692894407e-07
5.126900237684139938e-09
1.016706164591596462e-06
2.413695199265930569e-07
8.812766488786039076e-11
3.879027303810289595e-07
5.827211424502820591e-08
4.892066272077499889e-07
2.988397440617518441e-08
1.216856162500334904e-06
8.109073945661293692e-08
1.407998126978782238e-07
2.194927446907968260e-06
7.592848305648658425e-06
7.720235117858464946e-08
4.998622626928295176e-10
6.264724561333423480e-06
1.033277730044801501e-08
1.626569087420648430e-06
5.049445235272287391e-07
1.397140749759273604e-07
6.164356364024570212e-06
1.761869938832205662e-08
1.259012183396635010e-08
2.625599563543801196e-06
1.133229243777122974e-08
3.402982883926597424e-06
5.953612003395392094e-07
4.661781076720217243e-06
9.493505217506026383e-07
1.135513572059210219e-09
7.139063029626413481e-08
3.130895720460102893e-08
7.411619549202441704e-07
1.157121900519086921e-07
5.216809029207070125e-08
1.234645878867013380e-07
1.357656458367273444e-07
3.611738963460453533e-10
8.088431400210538413e-07
3.410757756228122162e-07
1.192927641113783466e-07
2.903213847105234890e-08
4.898590866275753797e-09
2.967981708934530616e-05
3.977429514634422958e-07
6.560227916452276986e-07
2.420412329229293391e-06
4.404742242059001001e-07
5.711919381923280525e-09
4.969020665157586336e-06
1.398527956553152762e-06
7.411141922375463764e-08
1.824589475063476129e-07
2.436731261212798927e-09
9.833445346885127947e-08
4.161904598731780425e-07
2.397232719886233099e-06
1.672922735451720655e-06
4.459788669919362292e-06
1.830403107305755839e-06
4.243029252393171191e-06
1.656938479754899163e-06
1.611819811841996852e-06
1.601612098056648392e-06
9.390518584950768854e-07
2.287279812662745826e-06
3.062812311327434145e-06
1.415053588971204590e-06
2.392898181824421044e-07
8.919614629121497273e-06
3.532499404101940854e-09
4.235637263150238141e-08
3.405500237363412452e-08
3.431864286085328786e-07
1.024841935759468470e-06
1.459238507806048801e-09
1.234064143318391871e-06
7.858326966925233137e-08
1.728813003865070641e-06
9.723876246425788850e-07
2.291443934154813178e-06
2.268595693522001966e-07
4.186842943454394117e-07
7.840800897440658446e-09
3.622397343860939145e-06
7.145979807887670177e-09
4.407706626352592139e-07
7.689790436415933073e-06
2.155273293169557292e-09
7.727324202733143466e-08
1.199196958623360842e-06
0.000000000000000000e+00
1.300516885294200620e-07
5.523652291117286950e-08
5.877249122931971215e-07
5.715553470508893952e-07
0.000000000000000000e+00
6.124606954927003244e-08
1.661298321131710054e-09
2.707385184097521602e-11
2.113076824628024042e-09
7.248929136949300300e-07
1.345556370324629825e-06
9.413535906332981540e-08
0.000000000000000000e+00
1.646049874182153872e-08
5.280596269585657865e-06
1.389480672742138267e-07
2.471651896485127509e-06
9.543027772451750934e-07
1.938027764936123276e-07
6.003248813613026869e-07
3.623032682753546396e-07
4.170992795593519986e-08
9.466307204775148421e-08
5.026508986816224933e-08
9.030558771883079316e-07
6.637942973064525631e-10
2.007872581089031883e-06
6.032926602728139187e-09
7.968758986010016088e-10
5.044495628681033850e-05
3.492929678827749740e-08
1.685586539679206908e-06
3.386715661690686829e-06
8.372628812480797933e-09
6.767903073523484636e-07
9.845425665844231844e-07
7.541683771705720574e-06
3.236843895138008520e-06
6.944069809833308682e-06
8.702428999640687834e-07
7.413778462250775192e-07
7.947493827487051021e-07
1.504511715211265255e-07
4.946454737364547327e-06
5.326712653186405078e-06
9.095355721910891589e-07
1.198242784994363319e-06
2.033928694800124504e-06
2.794616193568799645e-06
4.005812854757095920e-07
6.281035780375532340e-07
1.890948624350130558e-06
7.731009787903531105e-08
4.048712526127928868e-06
2.065279431917588226e-07
6.612423817387025338e-07
5.134414138296961028e-08
2.922818680417549331e-07
6.744801794411614537e-06
6.949086639451707015e-09
8.011681984498864040e-07
1.515744315838674083e-06
2.975145463324224693e-08
1.452299557058722712e-06
4.742052084338865825e-09
6.750012548906170196e-09
2.353376231667425600e-07
6.917211692325508920e-09
2.705943691339030011e-09
2.062488846377164009e-07
4.104346317035378888e-06
5.263892788320845284e-08
2.318220367669709958e-06
0.000000000000000000e+00
2.470068466209340841e-06
6.089643420637003146e-07
0.000000000000000000e+00
8.149377208610530943e-06
5.575640216193278320e-08
4.500690920394845307e-06
2.373149783352346276e-07
7.088559517143266930e-09
4.826277181721461140e-13
2.375791609665611759e-06
1.065400965671869926e-06
1.042501462933387302e-08
1.552314330410808907e-07
6.793126772208779585e-07
6.959065558476140723e-06
2.542247102610417642e-06
3.388767709111561999e-06
2.122372507074032910e-06
6.226855930435704067e-06
1.686090172370313667e-06
5.672131653255974015e-09
4.789904323843074962e-06
4.163290668657282367e-06
5.656825692312850151e-07
6.751503406121628359e-06
1.620642706257058308e-06
1.828077067500544217e-08
1.029657255458005238e-06
1.853620005931588821e-06
1.457952549799301778e-07
8.573405239076237194e-07
5.827387781209836248e-07
5.195814082981087267e-06
