3.250052259318181314e-06
2.123369313267176040e-06
1.782738308975240216e-06
4.360144521342590451e-05
4.394519237393978983e-06
3.995120323452283628e-08
8.796345355222001672e-06
2.232591032225172967e-05
5.331686736553820083e-08
2.212660916711683967e-07
6.019505690346704796e-06
1.240362195176203386e-07
2.139474963769316673e-05
4.281708697817521170e-06
1.133448108703305479e-07
1.845038241299334913e-06
7.622858447575708851e-06
8.945276022132020444e-07
3.449541736699757166e-07
6.408553417713847011e-06
5.861618319613626227e-06
4.102119874005438760e-06
3.378177325430442579e-06
7.396186902042245492e-06
1.195198638015426695e-05
2.963055976579198614e-06
8.102547326416242868e-07
2.811342164932284504e-05
5.956029326625866815e-06
7.113001629477366805e-06
1.621309479560295586e-06
9.614966984372586012e-06
3.688797733047977090e-06
2.906071358665940352e-06
2.457943082845304161e-06
1.395511753798928112e-05
1.730072540340188425e-06
2.814045501509099267e-06
5.082255029265070334e-06
4.519385129242436960e-06
1.828405061132798437e-06
3.571764864318538457e-06
4.846639512834371999e-06
4.126608814658538904e-07
3.052931106140022166e-06
1.370593599858693779e-05
1.342655195912811905e-05
4.591216566041111946e-06
2.455426738379173912e-06
7.645635946573747788e-07
1.126397728512529284e-05
4.349745267973048612e-06
7.862932761781848967e-06
1.227182451657427009e-06
1.839928700064774603e-06
3.303413450339576229e-06
2.791780389088671654e-06
3.339166880778066115e-07
1.037526817526668310e-05
1.632295243325643241e-05
4.442784756975015625e-06
1.190017187013836519e-07
4.254787199897691607e-06
3.447163862801971845e-06
3.039638431800995022e-05
6.690966074529569596e-06
2.592717100924346596e-05
3.577450343072996475e-06
3.779662620218005031e-06
1.972174231923418120e-06
4.797665496880654246e-06
4.996605184715008363e-06
1.557255200168583542e-05
1.069035420186992269e-06
4.075859578733798116e-06
7.485348305635852739e-07
1.168510698335012421e-05
2.838460773091355804e-07
7.203453151305438951e-06
5.424377832241589203e-06
1.530160079710185528e-05
8.109036571113392711e-06
1.095326751965330914e-05
1.901979521790053695e-05
4.472532054933253676e-06
2.224222498625749722e-06
2.285579284944105893e-06
3.299569652881473303e-05
4.913523298455402255e-06
4.380261088954284787e-06
8.687547051522415131e-06
1.183834865514654666e-05
8.084546607278753072e-06
1.285609130263765110e-07
8.485201306029921398e-07
3.883761564793530852e-06
1.543441214835183928e-07
1.351753053313586861e-05
1.099627638723177370e-06
1.961333737199311145e-06
9.792441233003046364e-06
5.267943947728781495e-07
3.694486167660215870e-06
1.883640152300358750e-06
6.152948117232881486e-06
1.202388466481352225e-05
8.163157758644956630e-07
9.788239367480855435e-06
6.209943421708885580e-07
2.602537961138295941e-06
2.732720713538583368e-05
5.482999313244363293e-06
3.423971747906762175e-06
4.198427177470875904e-06
1.306798367295414209e-07
9.034350796355283819e-07
4.545354386209510267e-06
7.141318747017066926e-06
3.098089678132964764e-07
4.277179868950042874e-06
2.620319946800009347e-06
1.569192846773148631e-07
1.369292021990986541e-06
1.579229774506529793e-06
1.069387053576065227e-05
5.070114184491103515e-06
2.585005631772219203e-07
2.428392633646581089e-07
1.068351707544934470e-06
5.460012744151754305e-06
4.784117209055693820e-07
4.556213468731584726e-07
1.327320569544099271e-05
2.294265868840739131e-06
2.128010464730323292e-06
1.617033012735191733e-05
2.050654757113079540e-06
5.512467396329157054e-06
1.609265723345743027e-06
1.860076963566825725e-06
5.889218755328329280e-06
2.434088855807203799e-06
7.566626209154492244e-06
5.711594326385238674e-07
1.320676119576091878e-06
7.198065645752649289e-07
1.605219352995845838e-07
1.078130026144208387e-05
1.379817945235117804e-06
1.898358846119663212e-06
1.598807898517407011e-06
3.800052354563376866e-06
6.497455615317448974e-06
5.887075531063601375e-06
5.209165578889951576e-07
1.786731786523887422e-06
4.550207961528940359e-07
1.092542106562177651e-06
2.040620529442094266e-06
1.631947270652744919e-05
4.891308890364598483e-06
3.318011749797733501e-07
1.039976154970645439e-06
4.677101060224231333e-06
1.733339013298973441e-05
7.345600351982284337e-06
3.251272175930353114e-07
1.014948907140933443e-07
2.167453658330487087e-06
2.886765969378757291e-06
1.906169245557975955e-06
9.798496876101125963e-07
8.689077617418661248e-07
1.963072918442776427e-06
8.600920409662649035e-06
4.462657216208754107e-06
1.604412958045031701e-08
2.959787934742053039e-07
4.032121978525537997e-06
1.564459012115548830e-06
2.419240843209990999e-07
4.281313863430113997e-07
2.084380639644223265e-06
5.720760782423894852e-06
1.250074433301051613e-06
2.236317641290952452e-06
1.901932478176604491e-06
2.805238864311832003e-06
1.381626248075917829e-06
9.321454399469075724e-07
1.412554979651758913e-06
4.856291866417450365e-07
1.591514433130214456e-06
1.747970941323728766e-06
4.155307067321700742e-07
1.651615434639097657e-06
1.793127012206241488e-06
8.278449968202039599e-06
2.015960944845573977e-07
1.474705527471087407e-06
1.739695676405972335e-07
1.170263743688337854e-07
0.000000000000000000e+00
3.296043360023759305e-06
8.416488128659693757e-08
1.216605625131705892e-07
7.183915045061439741e-07
7.501446575020054297e-09
1.615777165397958015e-07
4.444062540187587729e-07
0.000000000000000000e+00
3.770733769670187030e-07
1.941209802680532448e-06
2.079265641441452317e-06
1.500417852184909862e-06
4.691589765570824966e-06
3.019270707227406092e-06
4.860627541347639635e-06
2.232678752989158966e-06
2.435063834127504379e-06
1.059371243172790855e-06
3.092337692578439601e-06
1.002107751446601469e-06
1.499147117556276498e-07
2.081719507884827181e-08
3.178477754772757180e-06
2.598399760245229118e-06
1.361802105748211034e-06
7.796355703248991631e-07
2.914049900937243365e-06
1.705757540548802353e-06
1.680486889199528378e-06
1.484949621044506785e-06
1.411444941368245054e-06
4.657937552110524848e-06
7.394277190542197786e-07
4.434748461790150031e-06
2.963123006338719279e-05
1.290156205868697725e-06
1.756197853808316722e-09
3.148031964883557521e-06
1.325928792539343704e-06
4.742053647532884497e-07
3.986817489476379706e-07
2.698298203540616669e-06
8.327232876581547316e-07
8.055841931309259962e-07
1.202238536279764958e-06
1.317555700097727822e-07
4.391582479001954198e-06
9.774355476110940799e-07
4.865690357291896362e-07
2.356501340727845673e-07
4.874204506677415338e-08
1.402882787715498125e-07
7.766807925690955017e-07
1.985375490676233312e-07
2.472497442340682028e-07
1.908634459368840908e-07
6.187327983298018808e-08
3.804659058914694469e-07
1.043405539746800059e-08
2.219262773550667589e-09
3.221713541279314086e-06
2.177104761358350515e-06
4.833258572034537792e-06
2.146806991731864400e-06
1.266256731469184160e-06
4.212352688881537688e-11
3.801351795118534938e-06
5.589866987065761350e-07
1.744441817663755501e-07
3.730672915480681695e-06
2.303504516021348536e-06
5.671025454789813125e-11
6.694480362057220191e-06
1.276391543569843634e-07
1.256238761015993077e-06
4.088973781790627982e-08
1.289684981031768984e-08
3.757292859063454671e-07
6.495008051388140302e-07
1.127399258393779746e-07
4.533568244369234890e-06
6.133512187034284580e-08
2.431699064331382942e-09
1.232351678481791168e-06
1.262847126781707630e-05
8.569629130761313718e-07
2.796015678541152738e-06
1.629910457268124446e-06
9.612225767341442406e-06
6.940335310900991317e-07
5.851909623544315764e-09
4.549172274437296437e-07
5.506229854290722869e-07
3.655123236967483535e-06
3.441639364609727636e-07
3.119786015304271132e-06
9.512625638308236375e-07
6.939591230548103340e-07
3.563196969480486587e-06
1.020591867018083576e-06
4.293305210012476891e-06
2.950347379737650044e-07
8.447652817267226055e-07
1.717057239147834480e-05
5.411498023022431880e-07
2.132072268068441190e-06
5.765469268226297572e-06
1.761743760653189383e-06
6.051243417459772900e-07
1.049713318934664130e-06
5.913407790103519801e-07
1.840094796534685884e-06
2.723290890571661294e-06
1.214552014516812051e-07
1.852448917816218454e-06
6.866465014354616869e-07
1.551212108097388409e-06
1.675256498856469989e-05
9.942215228875284083e-08
0.000000000000000000e+00
7.204942562566429842e-07
1.336632919901603600e-07
2.328298194242961472e-07
3.372539367774152197e-07
1.547526728984394140e-08
7.393037435576843563e-07
1.030672103219387736e-09
4.396198249878580100e-08
3.389983476154156961e-07
3.692473455885192379e-07
3.530876711010932922e-07
2.617075001154489655e-09
5.958416977591696195e-07
1.728454321892058942e-07
9.833532743641626439e-08
7.348905342041689437e-07
6.102713427935668733e-07
7.896316134292646893e-08
1.561953588691267214e-08
4.942503892380045727e-06
3.983311813726686523e-08
5.489440368933173886e-08
5.370266080717556179e-07
2.285310927163664019e-07
6.567963950487865077e-09
2.246908934466773644e-07
2.326812698072444618e-08
1.191453179671952967e-06
3.174606945322011597e-06
7.050375643302686512e-06
2.657233153513516299e-07
1.949027137015946209e-06
3.880651888721331488e-07
1.723662353469990194e-05
8.926469945436110720e-07
2.708728175093710888e-07
9.408436767444072757e-07
9.123959365808786970e-09
7.962574244402276236e-08
1.737842438842562842e-07
7.077006758393622476e-10
0.000000000000000000e+00
3.339840759508660994e-07
7.535717941209441051e-06
4.642791395781387109e-07
1.147714783655828796e-06
7.500532888116140384e-07
4.540815552900312468e-06
2.378060344199184328e-06
2.032851398325874470e-06
5.338401365406753030e-07
1.171084022644208744e-06
2.543922846598434262e-06
1.027704001899110153e-05
2.877951317259430652e-07
1.947471901075914502e-06
6.169014454826537985e-07
9.566790595272323117e-07
4.340356696275193826e-08
2.406643488939153031e-07
7.213186563603812829e-07
3.985046603816044808e-08
5.699003935433211154e-09
1.571998495819570962e-07
9.505951226174147450e-08
6.048367708899604622e-07
8.110298210795008345e-09
2.749713567951062032e-09
7.566815618531563814e-09
1.441394260837114416e-06
2.311214529981953092e-06
3.399101728973619174e-07
1.100226654671132565e-06
1.118862780202789509e-08
1.042697363118350040e-06
8.542426144231285434e-07
1.667267270022421144e-06
1.761042653924960177e-06
1.991345186524995370e-07
1.835091967272717284e-09
1.113749235059913190e-07
1.266336990823901942e-08
1.934196802721999120e-07
1.071028705723620078e-07
3.761194875551154837e-07
1.983238284708477295e-08
3.199232310180377681e-07
2.403402504569385201e-06
2.297924694971698045e-08
5.726699328079121187e-06
3.722080009538331069e-06
1.134148206460849906e-07
2.202416908403392881e-06
1.638018716221267823e-06
2.689684379220125265e-06
9.771095392352435738e-06
2.470491153871989809e-06
1.011873564493726008e-06
2.201596544182393700e-06
5.477453441926627420e-07
2.771074377960758284e-06
2.575321218500903342e-07
7.630465006513986737e-06
4.545540377876022831e-06
9.494074788563011680e-07
1.817722250052611344e-06
1.635003968658566009e-06
1.533272921960815438e-07
6.829000085417646915e-07
5.995905667077749968e-06
5.538656751014059409e-07
2.490770611984771676e-08
2.977756707878143061e-07
1.491468196945788804e-06
3.106658368778880686e-06
2.395391447862493806e-06
5.577688853009021841e-07
3.217504627173184417e-07
6.058329518054961227e-07
3.018971028723171912e-07
1.222579840032267384e-06
2.985362471008556895e-06
4.453670783277630107e-07
1.559605152579024434e-05
3.048532093430367240e-08
8.628087044826315832e-08
2.803818119900824968e-07
1.235860850101744290e-06
8.173108767550729681e-07
7.823342684787348844e-07
8.113652256724890321e-07
1.071635688276728615e-05
3.172435754095204175e-06
4.510583494266029447e-06
4.062416962824499933e-07
2.445940481266006827e-07
2.172443060999285080e-07
3.460097763863245746e-09
2.944020991435536416e-07
3.665228121008112794e-07
1.570591763311313116e-07
5.868230346095515415e-06
2.341181470910669304e-08
1.351981495645304676e-07
9.111828944696753751e-07
9.826687801250955090e-07
2.649546502198063536e-07
1.352628487438778393e-06
3.226030003133928403e-07
1.993904334085527807e-06
2.365179170737974346e-06
8.377772246603854001e-06
2.988695996464230120e-06
3.044449954359151889e-07
1.019059141071920749e-06
2.412906269455561414e-06
1.062163960341422353e-06
2.912895979534368962e-06
4.348763411599065876e-07
1.128574922404368408e-06
8.495699432842229726e-08
6.195187779667321593e-06
1.429190660928725265e-06
2.212507524745888077e-06
1.641532634266695823e-07
4.064889708388363943e-06
5.431600129668368027e-06
5.545953030150485574e-08
2.243828873815800762e-07
3.974691367147897836e-07
4.036798983975131705e-08
8.132743460009805858e-06
1.360502665193052962e-06
1.147212174146261532e-07
8.134356477285109577e-08
7.223731017802492715e-07
1.073764366310570040e-07
2.583072728157276288e-06
3.587292241036266205e-08
0.000000000000000000e+00
7.592045676574343815e-07
4.060471212596894475e-07
2.288102507463918300e-07
3.889563515713234665e-07
1.278047648156643845e-06
1.495383088467860944e-07
1.231902473364243633e-07
6.509173999802442268e-07
2.194980730507722910e-08
1.724025082694424782e-06
1.280682590731885284e-05
6.122821805121247962e-09
1.028045630846463609e-06
1.581601516420505504e-08
0.000000000000000000e+00
0.000000000000000000e+00
2.666240783710804862e-09
1.387851824574681814e-07
3.700357353864092147e-07
5.289690818699455122e-08
2.417144969513174146e-06
1.041085624819970690e-06
3.640952400019159541e-06
1.522719912827597000e-06
5.657923338731052354e-06
7.496966190956300125e-06
3.509942644086549990e-06
4.539966766969882883e-07
2.534426357669872232e-06
4.427348585522850044e-07
4.264752078597666696e-06
1.603221107870922424e-06
5.085690872874693014e-07
2.722098770391312428e-06
3.128525918327795807e-07
2.037858848780160770e-06
8.770470572017075028e-07
1.661351916482090019e-06
2.901476364058908075e-06
8.663230914862651844e-07
3.094359897204412846e-07
7.464525424438761547e-07
3.294361931693856604e-06
6.631605060647416394e-07
6.966168257349636406e-06
1.021303773995896336e-06
1.097649615644513688e-07
1.408901511013027630e-07
1.840982463363616262e-06
2.027902894496946828e-07
1.622174067961168475e-06
4.821479251404525712e-07
5.725015057578275446e-07
9.508507901045959443e-06
6.621789228056229604e-11
0.000000000000000000e+00
1.257111307495506480e-06
2.931305118636373663e-07
3.242799095914961072e-07
3.745050936032612299e-09
1.377756841947075372e-08
2.734214206157048466e-07
1.532848159513378050e-08
5.033372190155205317e-07
4.101027428760062321e-08
2.121239646157846437e-07
2.230719928775215521e-06
2.774276026684674434e-07
3.850178472930565476e-06
1.645761017243785318e-06
9.023946745401190128e-07
3.515791604513651691e-06
0.000000000000000000e+00
3.321902966035850113e-07
9.861345233730389737e-07
0.000000000000000000e+00
1.121187942487722466e-08
7.841360449845069525e-09
5.038710355620423798e-07
2.515269272862497019e-07
9.583684004610404372e-06
5.446761974781111348e-07
2.676028771020355634e-06
5.769583708570280578e-07
1.183332528853497934e-06
4.857497970078838989e-06
1.451297407584206667e-06
2.301783297298243269e-06
6.324776222754735500e-06
3.021500333488802426e-06
2.571666982476017438e-06
2.290659040227183141e-06
4.751672690872510429e-07
7.691567134315846488e-07
1.253856567018374335e-06
1.680175387264171150e-06
2.597495836198504549e-07
1.087159695600803389e-09
1.293055788664787542e-06
8.228903993767744396e-07
1.857572407004681736e-08
8.674301739119982813e-07
4.699219516623998061e-06
4.395258823564063277e-09
2.749542318269959651e-06
1.010347659757826477e-06
6.987231238042568293e-09
1.091309627554437611e-06
1.380822745034038235e-08
2.489838779595743290e-09
4.217241666992777027e-09
7.883064867542088905e-09
2.333880111393682455e-08
3.250154577472130768e-06
6.498524385278869886e-07
7.592900885811104672e-08
9.293789560160803376e-08
1.055063876265194267e-06
5.649951617670012638e-07
1.949803021261686808e-07
1.535909518679545727e-06
8.491520588904677425e-07
1.109898494178196415e-05
1.125484700992274156e-07
6.425832310696932836e-08
1.778416987008313299e-07
1.321320610259135719e-06
1.201407144435506780e-06
1.113361705051829631e-07
3.012611387021024711e-07
2.780668673096897692e-08
5.599654855359403882e-07
1.185091150546213612e-06
5.372168061512638815e-07
3.038817339984234422e-07
5.798731308459537104e-07
5.337533934834937099e-07
1.165582375506346580e-06
3.047351171403533954e-08
3.365662450960371643e-06
2.424312697257846594e-06
3.660694574136869051e-07
2.326004988617569325e-07
0.000000000000000000e+00
7.441452964940253878e-08
9.086243721867504064e-07
6.349977184072486125e-07
8.076252555611063144e-09
6.693674059476961702e-09
1.944854830071562901e-06
2.855414550140267238e-06
1.259778628082131036e-06
1.195574895973550156e-06
4.556051464987831423e-07
1.305125238104665186e-06
5.093787876830901951e-06
1.903433940242393874e-06
1.728229449327045586e-06
2.055611957985092886e-06
1.694489355941186659e-06
3.997019575763260946e-06
2.002636620090925135e-06
1.255135885003255680e-06
8.851598977344110608e-06
1.968149035747046582e-06
1.214603116750367917e-06
6.856264008092693985e-06
1.067173656110753655e-07
8.526305464329198003e-06
1.400353426106448751e-06
1.438694425814901479e-06
1.215798761222686153e-06
7.606368512824701611e-08
1.274138639928423800e-06
0.000000000000000000e+00
9.314633757639967371e-07
8.204547725654265378e-07
9.772284101927652955e-07
7.874491529946681112e-07
1.702465624475735240e-06
0.000000000000000000e+00
0.000000000000000000e+00
3.736964117706520483e-06
0.000000000000000000e+00
1.854367894793540472e-07
4.986728807665485874e-10
2.031334531693573808e-07
1.932763325385167263e-06
1.712535322440089658e-07
3.758434452549863636e-09
3.557735356318758591e-11
8.174840360197777045e-09
4.007866749589084066e-08
1.775483582378001302e-07
1.126522075622915509e-08
8.039752970034896862e-07
0.000000000000000000e+00
3.864271548081887886e-06
1.591355669461336220e-07
0.000000000000000000e+00
0.000000000000000000e+00
1.576088521915153251e-07
0.000000000000000000e+00
2.492185444680217188e-07
1.520776891084096860e-06
0.000000000000000000e+00
0.000000000000000000e+00
3.978529719006473897e-07
0.000000000000000000e+00
7.347115911215951201e-07
1.234900679492056952e-07
9.024154340453449663e-11
1.552835549034625728e-08
1.205196440423605964e-06
4.851044081988220569e-07
1.299681429145493894e-07
6.769104174964013509e-07
5.405407250691496301e-07
2.984088041557697579e-06
1.610423851161613129e-06
3.025802470801863819e-06
2.445977770548779517e-06
2.538682338126818649e-06
1.162529088105657138e-06
3.238099225200130604e-06
2.507234512449940667e-06
5.380213679018197581e-07
2.077143790302216075e-06
4.410878773342119530e-06
1.099143105420807842e-06
6.884706067467050161e-07
9.533426919006160460e-07
1.474535201850812882e-05
3.514405761961825192e-07
4.835232516597898211e-07
8.252853831436368637e-07
6.106496357460855506e-07
2.139087200703215785e-06
3.737154884220217355e-06
1.056445739777700510e-07
2.003461787580818054e-07
9.826201221585506573e-07
7.041972480692493264e-07
3.037296210095519200e-07
1.399799565149351110e-08
1.344027680261206115e-07
8.206034181057475507e-07
5.632456989701495331e-08
2.456825086483149789e-06
4.943914722055353650e-10
1.256561432683156454e-07
1.416578356838726904e-07
1.005127842290676199e-06
6.657528928144529345e-08
1.453527261219278444e-06
9.085024288424392580e-09
1.150948207850888139e-07
1.779559255510321236e-07
4.113525164939346723e-07
7.147804126361734234e-07
9.600418238164820650e-09
8.525188555097429344e-09
2.381056418698790367e-07
1.234391504567611264e-07
2.131703008556584678e-10
2.746192251379397931e-07
1.190702505482477136e-07
2.103451834045699798e-06
2.228606410525912906e-09
1.927673132229301700e-08
1.411626953995437361e-06
3.020980784640414640e-06
1.641734911572712008e-06
1.345421878795605153e-06
6.751661203452385962e-07
6.728432140334916767e-07
2.280389480802114122e-06
3.948945504816947505e-06
2.018639634115970694e-06
1.939104549819603562e-06
1.350362481389311142e-06
2.234504336229292676e-06
4.969009523847489618e-07
9.894334880300448276e-07
5.329608484316850081e-06
2.475396286172326654e-06
2.780167960736434907e-06
2.909262377670529531e-07
1.309490812673175242e-06
1.811284391806111671e-06
8.312582622238551266e-07
2.707814701352617703e-06
1.354352775706502143e-06
5.526876520889345556e-07
1.157784595307020936e-06
2.146188762708334252e-06
2.798185278152232058e-06
2.828603555826703086e-07
1.753162734985380666e-07
1.818346845539053902e-06
1.064500452230277006e-06
2.346587734791683033e-06
9.120486765823443420e-08
1.305602808088224265e-07
8.901942010197672062e-07
6.488465942311449908e-07
5.110290999255084898e-07
5.473873798678141611e-09
5.477555120592114690e-08
7.652639624211587943e-07
1.747124755979712063e-08
4.926714680664190382e-08
0.000000000000000000e+00
2.888093604269670323e-06
1.930581277065357426e-07
1.830064661589858588e-06
2.452512262607342564e-06
1.220454009853710886e-06
1.893046572831735830e-07
0.000000000000000000e+00
6.095098870062543028e-10
9.794278099661823944e-08
1.084336105350303114e-07
2.775786015263292938e-06
6.399516223609680310e-06
1.481082790633081459e-06
0.000000000000000000e+00
1.088455405806598719e-06
1.142662782172010338e-07
4.126139003801654326e-07
1.075546496309698341e-08
0.000000000000000000e+00
1.533753901661327745e-09
1.227598772857163567e-06
1.287765712731925305e-06
2.401572601229418069e-06
2.328193204448325559e-06
2.521399665056378581e-06
7.258340701810084283e-06
7.045724146337306593e-07
5.582311587204458192e-06
2.574972540969611146e-06
4.697053554991725832e-06
4.514345164352562279e-07
5.230331225902773440e-06
1.833101777037882130e-07
0.000000000000000000e+00
2.370622041780734435e-06
4.686460215452825651e-06
1.212427832797402516e-06
5.409826826507924125e-07
3.920489689335227013e-06
1.560462870031642524e-09
0.000000000000000000e+00
9.743066584633197635e-07
1.290207819693023339e-06
0.000000000000000000e+00
0.000000000000000000e+00
0.000000000000000000e+00
0.000000000000000000e+00
6.623863555432762951e-07
0.000000000000000000e+00
0.000000000000000000e+00
0.000000000000000000e+00
0.000000000000000000e+00
0.000000000000000000e+00
0.000000000000000000e+00
0.000000000000000000e+00
0.000000000000000000e+00
0.000000000000000000e+00
0.000000000000000000e+00
0.000000000000000000e+00
0.000000000000000000e+00
0.000000000000000000e+00
0.000000000000000000e+00
1.486124347138684243e-05
4.277845619071740657e-06
