1.584422307132626884e-06
2.891211352107347921e-06
1.816164854062662926e-07
1.939780077009345405e-06
6.332621094173873644e-09
8.548261121177347377e-08
5.686750270683660347e-08
5.157126636845532630e-08
3.198578468754931237e-08
7.367291487980764941e-08
9.812013104237848893e-07
2.583160885194502043e-08
6.926138951257598819e-08
5.798429878606237153e-12
2.205148348366492428e-06
3.009830384925749058e-09
4.996616553398780525e-06
5.350850873497847715e-09
3.091136932198423892e-06
3.527635499267489649e-06
3.115716936008539051e-06
4.942198472690506605e-08
1.314195628765446600e-06
1.499366499047027901e-05
3.230274842280778103e-06
1.048294961947249249e-07
9.577331638865871355e-08
3.248008226819365518e-07
1.744841574691236019e-05
8.388391279368079267e-07
1.072532359103206545e-05
3.211839839423191734e-06
3.079054977206396870e-06
3.235146095903473906e-06
2.567649971751961857e-05
8.510121915605850518e-06
1.028172937367344275e-05
4.428794909472344443e-06
1.341531117304839427e-07
1.642318807171250228e-06
1.908239573822356761e-05
2.183970536862034351e-06
5.163167770660948008e-06
1.891859392344485968e-05
2.057251776932389475e-06
9.189032425638288260e-06
3.526119144225958735e-06
1.115590112021891400e-05
3.305013251519994810e-06
3.158015005055858637e-08
6.500829840661026537e-06
1.586672851772163995e-06
2.821279394993325695e-06
3.626476882345741615e-06
8.322939493154990487e-07
1.140864924309425987e-06
4.030189302284270525e-06
3.084337549807969481e-06
2.166588501495425589e-06
3.363542191436863504e-07
3.556928731995867565e-06
1.755544644765905105e-06
6.812524588895030320e-07
2.567893488958361559e-06
9.791988304641563445e-07
2.149942019968875684e-06
1.600919495103880763e-05
9.594523362466134131e-06
3.126235469608218409e-06
8.956805572779558133e-07
2.415298240521224216e-06
4.102801085537066683e-06
8.800152500043623149e-07
4.799264843313721940e-06
7.016501058387802914e-06
8.581563633924815804e-06
1.352407366539409850e-06
7.697557521169073880e-06
7.432578286170610227e-07
3.867548457492375746e-06
1.409557626175228506e-07
3.541717887856066227e-06
2.627986759762279689e-06
9.901887096930295229e-06
5.967209517621085979e-07
3.119932443951256573e-05
1.156537200586171821e-05
2.784651769616175443e-06
7.549830115749500692e-06
1.880719310065614991e-06
1.105407818613457493e-06
1.820034754018706735e-06
3.979633220296818763e-06
3.617040420067496598e-06
4.910682037007063627e-06
7.435463885485660285e-06
7.475657184841111302e-06
4.432755758898565546e-06
1.344087286270223558e-05
0.000000000000000000e+00
2.338685135327978060e-06
5.950394552201032639e-06
3.341747742524603382e-06
4.460945092432666570e-06
1.743619941407814622e-05
2.193089812863036059e-06
5.084787517262157053e-06
2.046153042556397850e-07
1.594816353645001072e-06
5.082092229713452980e-06
2.918543941632378846e-06
6.797497007937636226e-06
2.121927764164865948e-06
1.990292275877436623e-06
3.142939476674655452e-06
1.255939992006460670e-06
1.317177293458371423e-06
0.000000000000000000e+00
5.173198587726801634e-06
6.077838747842179146e-07
6.089600447012344375e-06
1.493662352913815994e-06
3.859388925775419921e-06
3.493152860301051987e-07
4.379712663649115711e-06
1.191440688330658304e-07
6.840600530466645068e-09
6.459722534657430515e-09
4.871776582149323076e-07
1.191565957014972810e-06
1.438698049582853855e-08
5.404840575096159228e-09
2.036088289969484322e-06
7.667201984418170468e-09
4.544372345094416232e-08
3.483999307718477212e-06
4.420571997343358817e-08
8.821371011435985565e-06
1.778084765646781307e-06
1.519780967740302913e-09
7.874978535937771085e-08
2.438934870951925404e-06
1.087698393575919908e-07
2.534985242164111696e-06
7.143528080177929951e-08
4.799437078872870188e-07
2.535998910868642042e-10
2.038497797229865682e-07
1.295063157158438116e-06
2.391397480039358925e-08
2.010892252712892514e-08
7.227743026305688545e-06
5.227661858953069896e-07
1.010936830425634980e-05
1.770853373272984754e-06
1.778969327403956413e-08
5.687824682354403194e-07
9.579367770129465498e-07
7.569877880087005906e-07
7.297631388070158209e-09
1.011660970107186586e-06
3.645483559466811130e-07
1.421085116248832492e-08
1.203939746119431220e-06
4.699474629887845367e-06
7.249165037137572654e-07
1.317216515417385381e-06
7.077630357343878131e-07
8.208336765846979688e-08
2.363448885489560780e-07
5.236320266277516566e-09
3.099223988556332188e-08
1.176823332116327947e-07
1.487079543949221261e-06
1.139982419573470906e-08
1.194157448480837047e-06
3.387086167094821576e-08
1.235820946021704003e-06
4.917913884128211066e-06
9.173212674795649946e-06
1.488834186602616683e-06
5.514043266430235235e-08
4.498300313571235165e-06
2.298832441738341004e-06
7.707430995651520789e-06
1.517084911029087380e-06
2.641313358253682964e-06
1.840137144881737186e-07
2.234728299299604259e-06
1.016427972899691667e-06
1.141250550062977709e-06
1.913051939084198239e-08
1.000819611363112926e-05
8.408999718767518061e-09
1.791785053661953953e-10
3.835637230054089741e-08
5.948284975687556653e-09
2.438061073917197064e-06
1.602665406608139165e-06
1.358244627880367261e-08
4.542761871562106535e-06
8.451986133195532602e-08
6.977662536655770964e-08
2.640899765538051724e-07
3.314405830678879283e-06
4.917935143566865008e-07
1.693371558530998300e-07
1.809723393364492949e-08
2.754138677119044587e-07
9.246194032641597005e-09
2.030509591577356332e-07
1.660267088254840928e-07
6.338227276359020834e-09
1.085193161998176947e-06
2.451390344049286796e-07
2.041743840663912124e-08
1.608949240505808120e-08
4.365334405065368628e-08
1.785257722985988948e-06
3.421016799620701931e-06
1.078836135093297344e-06
1.501947934912095661e-07
1.081946710002057443e-08
2.250611714771366678e-06
3.813421187714993721e-07
1.791040745047212113e-06
7.286159675601311392e-09
9.025991971611802001e-07
2.255173967569135129e-06
5.644657363745864131e-08
5.745010689395257941e-09
2.112820283173277858e-07
3.966758868045872077e-06
4.253535621501214337e-07
6.320084139588288963e-06
3.048289727303199470e-06
2.888230987707629538e-08
1.217624685523333028e-06
4.137717013463770854e-08
2.692081864097417565e-07
4.345877435696365865e-09
0.000000000000000000e+00
1.169307324744295329e-06
1.655328816241308232e-07
9.281154689233517274e-08
2.450476870308193611e-07
1.418696768951122067e-07
1.652779360483691562e-06
1.087972489877131466e-09
7.398168122563220095e-07
3.510358965286286548e-06
1.206765176675617113e-08
9.611796940589556471e-07
7.110744263627566397e-06
5.291644811222795397e-08
0.000000000000000000e+00
0.000000000000000000e+00
3.428281303285984905e-08
2.820547990722843679e-07
8.317000421698139689e-09
4.258748909080622980e-09
1.076239186659222469e-06
5.871185067007900216e-07
1.512635918743399088e-07
6.034899342921562493e-06
6.604694569034563756e-09
2.590696794868563302e-06
1.433181608945233165e-07
5.041549400175426854e-08
2.421997351120808162e-06
5.555011284741340205e-06
4.571395262331634513e-09
1.267856940311354319e-13
3.820921847363933921e-06
3.803620884923475387e-08
1.061278709357793559e-08
8.138521252476493828e-07
3.705102642470592400e-07
1.588939646524067939e-08
1.611139026636010385e-07
2.072338929792749695e-06
1.134254645762666769e-08
1.332063988002119004e-07
2.540151022856207419e-08
7.358027005466283299e-07
1.600414179847575724e-05
8.347966513611027040e-07
4.136625708639485310e-09
9.122082929025054909e-07
1.334685180154338013e-06
5.344541932572610676e-06
4.269147950708429562e-07
8.099653392434902344e-09
4.723447943888459122e-07
9.211327665070712101e-07
0.000000000000000000e+00
9.105161069555833819e-09
1.310435777668317314e-06
1.572305700392462313e-05
4.921088816445262637e-07
4.610799351212335750e-06
4.938218353345291689e-06
6.330520250230620150e-07
1.641126678997295585e-09
6.933707027201307938e-06
1.236989433410148886e-13
0.000000000000000000e+00
6.884458798595005646e-07
2.381283138674916700e-06
4.571347744786180556e-09
8.009783414308913052e-08
1.129800875787623227e-05
1.958921302502858452e-06
7.547155860265775118e-07
8.765841243985050824e-07
3.454388775026018266e-09
0.000000000000000000e+00
7.339905039316363400e-08
7.263985679628603975e-08
1.311838673245802056e-06
0.000000000000000000e+00
1.013011114991968498e-07
0.000000000000000000e+00
9.689451019312400604e-08
6.229885229913634248e-08
0.000000000000000000e+00
3.170256945850269403e-07
0.000000000000000000e+00
2.010913036087913497e-08
2.545521283536800183e-06
2.454237524318614305e-08
9.867697059462443576e-08
5.057916308004450912e-09
2.755963635081570828e-07
1.923399821635030094e-07
5.592422525069196126e-08
4.423851507340259559e-09
2.135686372639611363e-06
1.250365233573802470e-08
1.306594299421703909e-08
3.321246140330913477e-07
1.652511194549788343e-08
5.500434667737863492e-07
4.097049384199635824e-07
6.436070520976500120e-07
1.451004891350748949e-06
7.008977398470506159e-09
3.206955057066807058e-08
3.011465423696790822e-06
1.161181284459189555e-08
3.957189846914843656e-07
4.986003659723792225e-06
6.907002443767851219e-06
3.217242920072749257e-06
3.617255828203269630e-08
2.820260114333450474e-08
1.006222039023896286e-08
3.138018556114730018e-08
2.943284869161288952e-07
7.533726886777003529e-08
0.000000000000000000e+00
0.000000000000000000e+00
0.000000000000000000e+00
8.500316422965781271e-11
7.801856938272067055e-09
4.465603709036258806e-08
6.082383947614289355e-07
2.074525013995298650e-07
1.771298798303178046e-06
1.381478682560555171e-06
7.299083559786367914e-09
2.011987589867203496e-07
0.000000000000000000e+00
1.017982503981329501e-05
0.000000000000000000e+00
0.000000000000000000e+00
1.561824980456094636e-08
1.270099801331525669e-06
0.000000000000000000e+00
1.951406325417792686e-08
6.964390308894508053e-07
3.109389297151210485e-07
8.176900934131481335e-08
2.346325356228362580e-10
0.000000000000000000e+00
0.000000000000000000e+00
1.726806475588205103e-09
6.527508048748131841e-06
0.000000000000000000e+00
2.391841746884892927e-07
6.551064690718533257e-10
3.049051233716681963e-09
4.099160378245869651e-06
5.820066348860564176e-07
4.298354383536207024e-07
0.000000000000000000e+00
0.000000000000000000e+00
0.000000000000000000e+00
0.000000000000000000e+00
1.567626384257891914e-07
4.261815718109573936e-07
2.617668026783093183e-10
3.058127333588345209e-07
7.216349295902091399e-09
1.511094751549535431e-07
1.758115359962175717e-07
0.000000000000000000e+00
1.038297625655104639e-07
3.922008939838406150e-09
7.372504455815942492e-07
8.806709956843405962e-07
2.611217375658725359e-08
7.051126349466585452e-11
6.744444362993817776e-07
1.476553961765603162e-06
1.010461474493240530e-07
4.191736479697283357e-06
9.833726011265753186e-08
6.163052148622227833e-07
1.559602225142953102e-07
1.271574578964873581e-08
2.105472463043156495e-09
1.394633475371165332e-08
3.230911431728600292e-07
1.686131412270697183e-07
9.182358873260909604e-09
1.778432647370209452e-06
6.029905463833529211e-10
3.110142756668210495e-07
9.907776821194147487e-10
1.431558871445304248e-06
4.009360964118968695e-06
6.387312623701291159e-06
0.000000000000000000e+00
1.681805028574956395e-09
3.753192913791281171e-06
1.872253463375272986e-08
1.139880865252962394e-07
4.077701873939076904e-07
1.570684382556919445e-08
1.070850089490704704e-06
1.982143203349551186e-06
6.186544965203211177e-08
3.282630814283038490e-06
3.194086559688003035e-07
1.369571805298619438e-06
5.183996563573600724e-06
0.000000000000000000e+00
1.672702296673378441e-07
1.203176111630455125e-06
4.170194500829893514e-08
1.655159962865582202e-06
4.502603587752673775e-07
9.839377526077441871e-07
5.003866210273599791e-09
1.032274758472340181e-05
2.828518006481317570e-07
3.425579961913172156e-06
0.000000000000000000e+00
2.983221891739162857e-09
1.980222577913082205e-06
4.589881807959272919e-09
4.952843255523475818e-07
1.593886622686113697e-06
7.392974055164813763e-08
0.000000000000000000e+00
1.876733257688556478e-08
1.989232487176195718e-06
0.000000000000000000e+00
0.000000000000000000e+00
1.088404300020329174e-08
0.000000000000000000e+00
9.793702737681542203e-09
6.851979539312935685e-10
9.728204908299176168e-09
8.421577604167396203e-07
1.472609710617689416e-06
5.023435001305642800e-09
4.228460511512821540e-06
9.305256121194815933e-09
9.841945711741573177e-07
4.432183786651222590e-10
4.183881241459630473e-09
5.544869896567661272e-09
2.970117520817439072e-06
1.459343645926480804e-09
1.825113855602467083e-07
6.506268732664466370e-07
3.102043990566016873e-07
0.000000000000000000e+00
0.000000000000000000e+00
0.000000000000000000e+00
0.000000000000000000e+00
9.689774316257171449e-09
2.315444086464779616e-10
3.279134716649423353e-06
8.584157690227911530e-11
6.069897153793135658e-06
3.784230151460121760e-10
4.453811097704374333e-09
0.000000000000000000e+00
0.000000000000000000e+00
0.000000000000000000e+00
0.000000000000000000e+00
2.678691771507146768e-06
5.165171614862629212e-07
7.714471053077431861e-07
0.000000000000000000e+00
1.366498452171072131e-07
1.183743847832374740e-06
1.701629059880360728e-09
7.233257992567132533e-09
5.174942252494929562e-09
0.000000000000000000e+00
2.773448954940249678e-07
1.313068622721402789e-07
0.000000000000000000e+00
0.000000000000000000e+00
1.123520405599265359e-07
4.137197961995298101e-08
7.322840556156506864e-09
2.709410011902946280e-07
5.020940463396073028e-08
8.398374440332645463e-09
2.218050667579518631e-07
1.349343506262812298e-06
8.402195703638426494e-07
1.759393075673187923e-09
0.000000000000000000e+00
1.671428218052994907e-09
8.769594614932429977e-07
4.343525361605315993e-08
4.745262342786826792e-13
1.697686684565269388e-07
2.883175795886927517e-07
1.737396019052539486e-06
7.817645197860656481e-09
8.169643628264111612e-09
4.049006108175490226e-08
2.741551270446507260e-07
1.836049023040686734e-06
1.772589598658669274e-06
8.059743663579865824e-07
0.000000000000000000e+00
1.006429037331280085e-10
6.154133416202967055e-07
3.389169933143421076e-06
8.340351520530475682e-09
4.493156211538007483e-06
9.987715543502417859e-09
0.000000000000000000e+00
2.191942940044100396e-06
0.000000000000000000e+00
8.080738780336105265e-07
8.202648018595937174e-07
1.552652520331321284e-06
7.065432328090537339e-07
8.500557413526621531e-08
5.816766588395694271e-07
1.255394295185396913e-07
2.028555172728374600e-06
1.685922029537323397e-06
2.407228691936325049e-07
8.781704252669442212e-08
6.511053385338527733e-08
1.516590941719186958e-08
5.182827500505027274e-09
0.000000000000000000e+00
1.346322733297711238e-07
4.882060089528295066e-09
4.550254288915311918e-07
0.000000000000000000e+00
8.598773248991165019e-09
0.000000000000000000e+00
1.117648640303059437e-08
0.000000000000000000e+00
1.137955174534965863e-09
0.000000000000000000e+00
3.098014511593305542e-09
1.383387449038764316e-08
2.122656939107514518e-09
0.000000000000000000e+00
2.639895235745370883e-08
1.120993506353862301e-10
2.557126066449200152e-08
1.328779725140449841e-10
0.000000000000000000e+00
1.155127815621881382e-08
1.335667548119090497e-06
2.651729118952061981e-06
2.660925702002714388e-07
0.000000000000000000e+00
1.369462552247568965e-06
1.464423803554382175e-06
0.000000000000000000e+00
0.000000000000000000e+00
4.383581853062423761e-08
9.876164774880180630e-09
0.000000000000000000e+00
0.000000000000000000e+00
0.000000000000000000e+00
9.298877223784529633e-09
2.249386277242138021e-08
3.295817577964044176e-06
1.470846342499498860e-07
2.170633308651304105e-07
4.479170456761494279e-07
0.000000000000000000e+00
0.000000000000000000e+00
4.219777416381020885e-09
0.000000000000000000e+00
0.000000000000000000e+00
3.221269917474955946e-10
4.178253298903200630e-09
0.000000000000000000e+00
1.095947823159804102e-06
0.000000000000000000e+00
8.969809073278156575e-07
4.085886295968066406e-09
1.148513950610663414e-09
0.000000000000000000e+00
3.205313760190620087e-06
0.000000000000000000e+00
2.856783476445912129e-09
6.036860327185422648e-07
1.713383653623168357e-06
6.915691983522265218e-07
5.497706467849639012e-08
4.979195944443404187e-10
1.827149560540419770e-07
1.429217366677448808e-08
1.581008990392263058e-09
2.704585355672861624e-08
8.984815558221725951e-09
7.208034169536858826e-10
2.526631348587216053e-09
9.657707096266676672e-07
3.780644408646338661e-10
4.858425217690864883e-09
9.315747888649639208e-07
1.392087597196223214e-06
3.646816821856191382e-07
8.427265129284933209e-06
5.848834234711830504e-07
1.255020620760660677e-08
6.149665665589054697e-08
2.018508382661821088e-07
2.018765377087561319e-09
7.507723580602032598e-07
0.000000000000000000e+00
1.860742941062198952e-06
2.971776780213986058e-08
5.360069721405125165e-09
3.696336037251057860e-08
1.233829493685334455e-06
1.411213507163111558e-10
1.284639239429452573e-07
6.121408269166295213e-09
3.011244587014516583e-08
5.990761309249137412e-08
1.060084287018980831e-07
2.123056752623142529e-08
3.271689820394385606e-06
3.648035828973661410e-08
7.884790598211566248e-09
2.176822633259689610e-08
9.531652835903514642e-07
7.398508472533649183e-09
2.520874659239780158e-06
1.796857134195306571e-07
2.385109155511599965e-06
1.041022645864586593e-08
1.574416330640815431e-08
1.640514213363530871e-08
1.144778025263804011e-06
1.289497504330938682e-06
3.355153310735659034e-08
3.543470086242450634e-07
2.960154461106867529e-06
8.277700089820427820e-07
0.000000000000000000e+00
6.110219146648887545e-06
6.842408311058534309e-07
5.420304649561558108e-09
3.499993397326761624e-07
8.551854335792086204e-09
8.837590144139539916e-07
6.866681587780476548e-07
8.630034881162984561e-11
0.000000000000000000e+00
1.264681031898362562e-06
6.432535060163502294e-10
1.380873982270713896e-06
6.648945145570905879e-07
8.763366032837893727e-09
0.000000000000000000e+00
0.000000000000000000e+00
2.403398591255268002e-09
0.000000000000000000e+00
1.722246565805107821e-06
2.712909008550923318e-09
0.000000000000000000e+00
9.716258375647157663e-08
0.000000000000000000e+00
4.526302745944121853e-06
3.948226634520324296e-09
8.967037667950705782e-10
2.307600510675911210e-07
8.666123818557025515e-08
1.999802179852849804e-06
4.336179415531660197e-07
2.939930539014312671e-07
8.493110499330214225e-07
4.915079898637486622e-07
5.263232196739409119e-07
0.000000000000000000e+00
9.110566523418128781e-09
1.385562498068537707e-10
0.000000000000000000e+00
2.558842721045451185e-11
0.000000000000000000e+00
0.000000000000000000e+00
0.000000000000000000e+00
0.000000000000000000e+00
2.053713110683474952e-08
4.341708503829977417e-08
2.323174541629668965e-09
0.000000000000000000e+00
2.473091509358482654e-09
0.000000000000000000e+00
7.541296476176739816e-09
0.000000000000000000e+00
0.000000000000000000e+00
6.994070389509943197e-08
0.000000000000000000e+00
0.000000000000000000e+00
3.676502160487871151e-07
0.000000000000000000e+00
9.712165294217811606e-09
0.000000000000000000e+00
0.000000000000000000e+00
0.000000000000000000e+00
9.004683221291998052e-08
1.099785094993421808e-06
0.000000000000000000e+00
2.977387503211303965e-10
4.699010069941778056e-09
0.000000000000000000e+00
5.080548248770355713e-07
5.925251844729473305e-09
0.000000000000000000e+00
0.000000000000000000e+00
2.262412834852511878e-08
8.804813944607303711e-08
1.743985045266072120e-08
1.897217316582100466e-06
8.473871275782585144e-07
4.580284382882382488e-07
1.139487704193697937e-08
6.145810857560718432e-06
8.185497613055758848e-09
1.701393514963456255e-08
2.540322441291209543e-08
8.086495739689780748e-08
4.457496743270894513e-06
1.034075580719218124e-06
3.808990413745050319e-06
2.984665314897938515e-08
8.705628715688362718e-06
8.227303851526812650e-07
2.419109534912422532e-08
3.721382313415233511e-08
6.695773322462628130e-07
4.089641514326558536e-09
9.268205758417025208e-07
1.412864270022851088e-09
6.141536914583411999e-07
1.351112473457760643e-06
5.106185341219315887e-08
4.504708613239927217e-06
4.982154678145889193e-06
7.041361413939739577e-07
2.076434579834085525e-10
0.000000000000000000e+00
4.421530697129583132e-09
7.311275567190023139e-07
1.227597357100762565e-09
5.896260063309455290e-06
1.736771082505583763e-07
3.872149889616594010e-08
1.711964259243359265e-08
3.107078327957424335e-08
3.504628531825204618e-10
0.000000000000000000e+00
6.251497985942933155e-09
1.657391557330356591e-08
0.000000000000000000e+00
6.859699652750350651e-08
2.513232821854671784e-08
0.000000000000000000e+00
1.341762700945992037e-09
3.369868409208720550e-06
0.000000000000000000e+00
1.666722426740818719e-09
2.016619049527434981e-08
8.480713020730945573e-09
1.976828922778395281e-09
4.553672106055728364e-09
0.000000000000000000e+00
4.985965529336056079e-10
9.295893832472756912e-09
1.640032394334411947e-07
0.000000000000000000e+00
1.111828851207974367e-09
1.681700112499129318e-08
2.425834509267588146e-06
0.000000000000000000e+00
9.544013579443344497e-09
7.963723902548736078e-08
9.680976518211537041e-07
1.147923711641851696e-08
0.000000000000000000e+00
0.000000000000000000e+00
1.379305891724413868e-09
3.564590983495818932e-11
3.580760505883517908e-07
1.380630187952647248e-08
1.919546077644440629e-09
0.000000000000000000e+00
4.005456588629385806e-08
1.160132168109839768e-08
5.356415044843743090e-07
2.827912792824349708e-09
0.000000000000000000e+00
1.490847445495546708e-10
8.840173926216721156e-09
1.851651054707303956e-09
0.000000000000000000e+00
8.352652258736270596e-08
0.000000000000000000e+00
0.000000000000000000e+00
0.000000000000000000e+00
5.022205229465726006e-08
5.949081782752330128e-10
1.572244769931785413e-07
0.000000000000000000e+00
0.000000000000000000e+00
0.000000000000000000e+00
0.000000000000000000e+00
0.000000000000000000e+00
0.000000000000000000e+00
0.000000000000000000e+00
2.133293264705571346e-06
1.227570489703566636e-09
0.000000000000000000e+00
0.000000000000000000e+00
0.000000000000000000e+00
7.973190108145900012e-09
0.000000000000000000e+00
4.913665474504114172e-09
0.000000000000000000e+00
3.953464613459800603e-07
0.000000000000000000e+00
8.744280677319693496e-08
0.000000000000000000e+00
1.052228981279768050e-06
9.263350086996524624e-09
7.201896323749679141e-08
2.504446205975341400e-09
6.444417000039948107e-09
5.852485607249491295e-09
0.000000000000000000e+00
0.000000000000000000e+00
0.000000000000000000e+00
0.000000000000000000e+00
0.000000000000000000e+00
1.449710484990873738e-08
1.285376871607013527e-08
3.835152639908301353e-08
1.456603815341850350e-08
2.857921677090757839e-10
2.074265466944780201e-06
1.138978049652905611e-07
4.129722128709545359e-07
4.303813966544112191e-06
1.301191673519497272e-06
5.768282917983924563e-08
2.168272743574561900e-07
2.046195213267765212e-09
3.788638291979395945e-09
4.499703276650279804e-09
7.882981662987731397e-07
4.644098510198091390e-07
3.217132302779646125e-07
2.014343181144795381e-07
1.184137730092515994e-07
1.049381381790226442e-08
2.147144186892546713e-07
1.478833722146077889e-09
6.483606284746201709e-06
2.172453150706132874e-08
7.337760621339839417e-08
2.816025926222209819e-06
4.327887836552690715e-06
3.353262556515801407e-08
1.401020366387228933e-08
4.365142469708871431e-09
6.960699039382234332e-08
1.862160956989100669e-06
2.939839760518481171e-10
4.673493549489649013e-06
6.901660043467927608e-08
7.240403647301718593e-06
1.544494421246156435e-09
2.102998442055081796e-09
1.605592281350709527e-08
2.421703015897946898e-08
6.113361816773021928e-09
3.190211543824261753e-07
0.000000000000000000e+00
1.578970376669985853e-08
1.005138642540259752e-06
1.877386637261224678e-07
7.075000212353188545e-07
1.382186110276961699e-05
2.064758461983728921e-07
7.576260507846654946e-09
7.220124871309963055e-07
2.029982182349954201e-09
0.000000000000000000e+00
3.982460583529245923e-09
0.000000000000000000e+00
1.039600183716515858e-09
1.214253142478582959e-09
9.778266303328564391e-07
5.195774921418205849e-09
1.197808501274266746e-07
2.526366338351238028e-10
6.734676816222417983e-08
1.781419345370238716e-09
2.060660881397780031e-05
0.000000000000000000e+00
1.731533849635980005e-08
3.573707996196162640e-09
6.313979383776313625e-08
3.577959262202057289e-07
2.723112224600754416e-08
5.607035391541614899e-10
0.000000000000000000e+00
2.181636631348737865e-07
5.214390341734542744e-08
4.638960433567262953e-07
5.908278239985520486e-07
3.062269882114776465e-11
9.260878286454499175e-09
0.000000000000000000e+00
1.066974846253287978e-06
0.000000000000000000e+00
5.574907202543499807e-10
0.000000000000000000e+00
0.000000000000000000e+00
5.160857519115324976e-09
0.000000000000000000e+00
7.588016437409805803e-09
3.384816649187882831e-09
8.365250891984032933e-08
4.514590656867767393e-08
2.698086234431684716e-07
1.157359208470154499e-10
6.431399697248707525e-07
2.740250693022971973e-09
1.699814674793742597e-06
7.381239583992282860e-07
0.000000000000000000e+00
2.808844328683335334e-06
1.222200296524533769e-08
1.094047732408398588e-07
2.675485575309721753e-07
8.705681580067903269e-07
0.000000000000000000e+00
1.458103682239197951e-08
4.125829775603051530e-07
3.180588084572555374e-11
7.444559191327471126e-09
1.351698575291493398e-08
1.340076671851875290e-08
0.000000000000000000e+00
0.000000000000000000e+00
0.000000000000000000e+00
6.680231479094800306e-08
1.011775978554396715e-07
1.036839591961324913e-08
1.295801937972740348e-10
3.837270057260866452e-09
9.358581110063823871e-08
5.906609867878387377e-09
0.000000000000000000e+00
2.153337845811620355e-07
7.615819974660098524e-09
0.000000000000000000e+00
2.419424845356843434e-06
0.000000000000000000e+00
7.938301109788881149e-07
2.827379219638714858e-09
1.757052103812384303e-08
1.392838981928434805e-07
0.000000000000000000e+00
8.752700608738450683e-08
5.414789949753640030e-09
5.841820893692784011e-07
0.000000000000000000e+00
0.000000000000000000e+00
0.000000000000000000e+00
7.370247523397210898e-09
1.869908942353504244e-06
0.000000000000000000e+00
1.567085305964610598e-08
1.731056045173318125e-07
0.000000000000000000e+00
5.679524628376952933e-10
2.095203939234124846e-07
9.518842380984438023e-10
8.685327124169361923e-09
6.228521698403710616e-09
1.109257929954310384e-08
1.884574629684721003e-07
1.117340460154991888e-07
6.179298850383929675e-09
1.148297790187768896e-09
0.000000000000000000e+00
1.444739794465021987e-08
5.525824349206232000e-07
2.413949459878494963e-06
3.921560107755794888e-07
9.227589430338412058e-07
9.416855277777358424e-07
2.114001418362931872e-08
2.309727733518229797e-06
1.310316832814351073e-07
4.330949252562277252e-07
1.112955061444154126e-07
1.349465378552849870e-06
8.049716448965682503e-09
3.870764597735387724e-09
5.565429228582274845e-10
3.388822960914694704e-06
8.977535514986811904e-08
1.427343487847565484e-08
2.455540659695998329e-08
2.170511592680668400e-08
8.622932590185428126e-09
3.846371896543132607e-07
1.090709318418703333e-07
2.862875270182030363e-09
2.797229967654857319e-07
1.649492453736911557e-08
5.169241146241176921e-10
2.357450679113526348e-09
0.000000000000000000e+00
3.988596120052534388e-07
1.323899434524378194e-09
5.373727018920249066e-10
1.097587755793938413e-06
5.929093163103971165e-07
0.000000000000000000e+00
2.882915295376875520e-10
1.245985231435042806e-06
1.488484446809934525e-09
4.504287574036425212e-07
2.874391213936178247e-07
6.470731728214218492e-10
4.323355895508029789e-09
7.283694003490381874e-08
5.465115027192268826e-09
7.847394556392828235e-08
5.896872039556910750e-07
3.100176400039345026e-07
7.121313316815758299e-09
0.000000000000000000e+00
1.076291678003826746e-08
2.144624033917352790e-08
9.246125642903280095e-08
1.427910234497176134e-09
7.278474267735646208e-09
9.488732644058472943e-08
9.841640835617226912e-10
7.858694139883937169e-09
0.000000000000000000e+00
0.000000000000000000e+00
0.000000000000000000e+00
8.444457648693060037e-07
0.000000000000000000e+00
6.650824388998444192e-07
0.000000000000000000e+00
0.000000000000000000e+00
1.457356013645494386e-08
4.821004750965585117e-08
0.000000000000000000e+00
1.334592245744170569e-11
0.000000000000000000e+00
3.072053278430075807e-09
0.000000000000000000e+00
7.833717674543549947e-09
3.317047969630948501e-07
2.929379547822463792e-07
0.000000000000000000e+00
0.000000000000000000e+00
6.229174509542190208e-09
0.000000000000000000e+00
8.196571421592580009e-09
0.000000000000000000e+00
6.555455622780925751e-10
2.958943241537781432e-07
3.224725375616799283e-08
1.428171003681200091e-07
7.669766211026995961e-11
4.501849559801485157e-08
4.266433961674920283e-07
2.155810534532065503e-07
6.746072589436380440e-09
5.073906663710658904e-07
8.971254317202692619e-08
0.000000000000000000e+00
3.931253047539939871e-07
6.240179040162274759e-09
5.029745676486847838e-14
0.000000000000000000e+00
1.412507799614104442e-06
0.000000000000000000e+00
0.000000000000000000e+00
8.378178151247084315e-09
9.642561416001171892e-09
8.139937612838821224e-09
0.000000000000000000e+00
3.533206836436875165e-06
2.538774310778535437e-07
0.000000000000000000e+00
0.000000000000000000e+00
1.074437427917018795e-09
1.013249839587615497e-08
1.663647850591587485e-07
0.000000000000000000e+00
2.774311891329261925e-09
0.000000000000000000e+00
5.829561473547073547e-07
2.059542403287650814e-08
7.726808526342665573e-09
0.000000000000000000e+00
0.000000000000000000e+00
0.000000000000000000e+00
8.255328087791724556e-10
2.901161053614487173e-07
6.672661090334486289e-09
0.000000000000000000e+00
2.687346295715542510e-06
1.289989540964597836e-06
0.000000000000000000e+00
8.590317293055704795e-07
2.703592826946987770e-06
5.675357073187115020e-09
0.000000000000000000e+00
3.256252867345210689e-08
0.000000000000000000e+00
0.000000000000000000e+00
6.963041698782035382e-09
7.705708071625849698e-09
6.898881466099737736e-10
7.643117250211162172e-09
2.988385006119642640e-08
2.234116891486337408e-06
2.380327490669742474e-09
4.020007509097922593e-07
1.527594832850809325e-07
3.429526174159036600e-08
6.795602303100167774e-09
8.312612465033453191e-08
2.305289257265030756e-07
5.779450806819852460e-10
1.472898158993984907e-08
4.205498171927501971e-09
3.128126081719528884e-06
9.646655918515989470e-09
1.118044878900548156e-09
1.179758096769845110e-10
6.061229669285239652e-07
6.345638894345029257e-07
1.133137406128525981e-08
1.182971054447534698e-08
5.577747970164637081e-07
9.714010928973948467e-08
2.903261853148819682e-09
3.108634700765833259e-07
4.325816505001967016e-08
3.792782479195011547e-07
1.785937975284923596e-08
0.000000000000000000e+00
2.910215890494782798e-08
2.781063699330843519e-07
0.000000000000000000e+00
2.863883707959757885e-07
2.094070481462040334e-07
7.645870425676548621e-08
7.044721250792917999e-09
1.685268671280937269e-07
6.219940118512568006e-09
1.230986068634365438e-08
7.051523254197888946e-11
1.562676765765047548e-09
9.812511052587069571e-07
1.041262407852627803e-06
4.892040905701833253e-08
5.333678814167797100e-07
1.639767210903642081e-09
2.013653784160851501e-06
0.000000000000000000e+00
2.498390472283062991e-08
3.019705729911947856e-08
1.221139012130834089e-08
1.430422855719371000e-07
4.235175765643361956e-08
5.983593620584315431e-10
1.930124426507973112e-06
1.767377000305714319e-07
7.398683266046646168e-08
0.000000000000000000e+00
1.431921692329751750e-09
6.339296305668540299e-06
6.361485702655045316e-07
6.214269632209834526e-08
6.378789976224652492e-07
2.229282713983593567e-08
7.662858934054384008e-07
0.000000000000000000e+00
1.735307591843593400e-06
0.000000000000000000e+00
1.624347419237892609e-06
4.176712753434230763e-09
3.661143921362963738e-08
7.220180719968993799e-08
1.612743005807715235e-07
1.083676615110107377e-08
4.716984580710459340e-09
2.056255681281982106e-07
0.000000000000000000e+00
1.601967369424528442e-06
7.630323040075381869e-09
1.153531176828481719e-11
4.951381971096679990e-09
3.811897464345292974e-09
7.782943498568783980e-07
9.747438411977782380e-08
1.033850560716587097e-09
0.000000000000000000e+00
0.000000000000000000e+00
0.000000000000000000e+00
4.746884485484770266e-08
9.322047844761982560e-08
0.000000000000000000e+00
6.178898104280960979e-08
0.000000000000000000e+00
0.000000000000000000e+00
0.000000000000000000e+00
0.000000000000000000e+00
0.000000000000000000e+00
1.316702622489174246e-07
0.000000000000000000e+00
8.511566562674488523e-09
0.000000000000000000e+00
1.995233839258148123e-10
0.000000000000000000e+00
1.370198288164203859e-09
6.098994731473794673e-08
0.000000000000000000e+00
2.628286477346364336e-09
1.301798335795467665e-09
2.445034397169365548e-08
2.341042772968648933e-07
2.302251500552188190e-09
1.596964116501453645e-09
1.113263579100021161e-06
2.619115946345118573e-08
1.490209342591697350e-06
2.420461839847121155e-07
8.906723536483696080e-08
3.515215007965366567e-09
9.119020205616834573e-09
8.233411676883406471e-07
2.573738129285629839e-07
3.870503562097837857e-08
0.000000000000000000e+00
3.960353751608636230e-07
0.000000000000000000e+00
9.837624048714133096e-09
7.922277056593429734e-09
8.621962699351115589e-09
2.040015715465415269e-06
7.225727927107072901e-07
7.857249073595085065e-09
3.937088592920190422e-07
0.000000000000000000e+00
3.403237414101312197e-11
4.228200775613366602e-11
5.869650294698658399e-07
2.127926109096733853e-06
1.640779316858242964e-07
0.000000000000000000e+00
4.578974767355248332e-06
9.197046679787490575e-09
0.000000000000000000e+00
0.000000000000000000e+00
2.448113711750465882e-09
0.000000000000000000e+00
0.000000000000000000e+00
3.224471134544160122e-09
0.000000000000000000e+00
2.521306669223122299e-06
8.920450156324477575e-09
5.614301912260089011e-09
2.334770066170221980e-08
4.753887838937487231e-10
0.000000000000000000e+00
6.263273633067001356e-08
2.149739941614825511e-09
1.237131092013399325e-10
0.000000000000000000e+00
0.000000000000000000e+00
2.295165586474468000e-07
3.561839179155867896e-08
0.000000000000000000e+00
1.785347841787299217e-10
7.633468079859540012e-09
1.181507229830458527e-07
1.626058399040175573e-09
2.303349289078937545e-09
0.000000000000000000e+00
0.000000000000000000e+00
7.319104877723248137e-09
0.000000000000000000e+00
0.000000000000000000e+00
0.000000000000000000e+00
0.000000000000000000e+00
1.159289126917428803e-06
0.000000000000000000e+00
0.000000000000000000e+00
0.000000000000000000e+00
3.759946576309403099e-09
0.000000000000000000e+00
1.226040957647001051e-08
7.076662811300593603e-09
3.018578581759356894e-06
0.000000000000000000e+00
0.000000000000000000e+00
3.678102544757422265e-10
0.000000000000000000e+00
0.000000000000000000e+00
0.000000000000000000e+00
0.000000000000000000e+00
7.012143043994001346e-08
3.556899486056863680e-08
1.488686329764732363e-08
3.436944950863107806e-08
2.800136144287534989e-06
0.000000000000000000e+00
6.609899849685518802e-10
0.000000000000000000e+00
4.539110420864744810e-09
1.532240112567251344e-08
2.951347255475411657e-08
7.682268154951543693e-09
0.000000000000000000e+00
0.000000000000000000e+00
0.000000000000000000e+00
0.000000000000000000e+00
0.000000000000000000e+00
8.609317703189844906e-10
2.665021554548729910e-07
2.968580048445801367e-09
3.671780934855206624e-10
4.744303083725753822e-08
8.832714115669659805e-08
2.326346004721813188e-09
1.546998085188988625e-08
1.300951080196455223e-08
2.585503544594303094e-08
1.568814522734385264e-09
6.597159796228879713e-08
1.572235142077715864e-08
1.126105416915379465e-06
4.426050637107437069e-10
2.387717579210857366e-09
7.262221046744343766e-09
2.121618880579489996e-09
2.625345985052263131e-07
6.626307502699546603e-09
5.954379656003538912e-09
1.805197880067055394e-09
1.409000134344751132e-07
2.070373561480209901e-08
3.432208188769436674e-07
3.201528500085260021e-07
0.000000000000000000e+00
8.965918851799870026e-08
1.260472504149845463e-09
0.000000000000000000e+00
0.000000000000000000e+00
1.442007715013460256e-06
1.005808371701277792e-06
4.069007957241410622e-07
1.852099700272447080e-07
1.339321556770300958e-06
0.000000000000000000e+00
4.824064703257135989e-09
5.070802217232994735e-06
1.051035027899160923e-07
1.019570539106950946e-09
7.357679976394138066e-08
1.151070136984344572e-06
0.000000000000000000e+00
3.455378703165479237e-07
3.537756532168145895e-09
3.820120220154876733e-09
5.257043511619485798e-08
1.319566962365570362e-07
7.172699767465928744e-09
9.174335247053022613e-08
5.894522558946846402e-08
3.232439894418348558e-06
2.778343173304165248e-07
1.108424854123768455e-07
1.300212604249395554e-09
8.325712896883885605e-10
1.243471725587141918e-08
2.932222020746166891e-09
3.258960745711192430e-08
1.350914224929056218e-08
5.956146083008206915e-07
1.005042520318966126e-07
3.981667617836137651e-08
4.522537892626132816e-06
6.393260605364048388e-07
3.795403102913041948e-08
7.160113000281853601e-07
0.000000000000000000e+00
0.000000000000000000e+00
1.071345252512401203e-07
1.179244350169028621e-06
5.546323222915816586e-07
0.000000000000000000e+00
2.064752209207654232e-07
0.000000000000000000e+00
3.544126414567472239e-08
1.449373314699187176e-07
3.189014563531600288e-08
0.000000000000000000e+00
0.000000000000000000e+00
0.000000000000000000e+00
8.576966337159319664e-08
4.079315107929915030e-09
1.268264249176809244e-08
3.077345240853901487e-07
2.844731739060080145e-07
0.000000000000000000e+00
2.276134864587220363e-06
9.297631109461690357e-09
3.288972436621406814e-07
0.000000000000000000e+00
0.000000000000000000e+00
0.000000000000000000e+00
1.082046097167221888e-08
1.371461610943924825e-08
2.484689503035042435e-07
2.233177642807504526e-09
1.441946673175209526e-09
0.000000000000000000e+00
0.000000000000000000e+00
0.000000000000000000e+00
0.000000000000000000e+00
0.000000000000000000e+00
1.140357586137952239e-08
8.964526010402096290e-09
1.697530560562654500e-09
0.000000000000000000e+00
1.408851169060199027e-08
0.000000000000000000e+00
0.000000000000000000e+00
4.404372422328606262e-09
9.318889659937212855e-09
1.411354105584905483e-06
7.431107729161112729e-09
2.198097259764608680e-09
1.227446588814018469e-09
1.111009240162275091e-07
0.000000000000000000e+00
9.324775618324565585e-08
1.473755339986837498e-09
1.134016518926708739e-14
8.127041817296287718e-10
6.247739214870762225e-09
0.000000000000000000e+00
0.000000000000000000e+00
6.653212203389102797e-09
7.182466532640319201e-08
1.178798498813193874e-07
2.835764405517693376e-07
3.667195991319260884e-10
7.718446326521188894e-09
2.366596518754704448e-08
5.693461258005072523e-09
0.000000000000000000e+00
0.000000000000000000e+00
3.238727117604867090e-07
0.000000000000000000e+00
0.000000000000000000e+00
0.000000000000000000e+00
9.474096600570192095e-07
4.163768496656672369e-10
0.000000000000000000e+00
6.552971498763326963e-09
0.000000000000000000e+00
1.726585208139397309e-09
0.000000000000000000e+00
3.014519833755002765e-08
6.187492118669979391e-08
0.000000000000000000e+00
0.000000000000000000e+00
1.671014326909414649e-09
0.000000000000000000e+00
0.000000000000000000e+00
1.244881264739206017e-08
6.335872715368395802e-09
4.829094280012213858e-08
8.023896214126580162e-09
2.507684939700993709e-07
8.473772794559408794e-09
1.343251998520145207e-08
0.000000000000000000e+00
0.000000000000000000e+00
3.045829998882254586e-06
2.139913846121999086e-08
9.334566470897698309e-07
5.003861769381501290e-09
6.919628248169829021e-08
1.838626917383123782e-09
6.995976686852145576e-09
2.316684444281236210e-08
0.000000000000000000e+00
1.748792000100252153e-09
2.687148503710545810e-09
0.000000000000000000e+00
0.000000000000000000e+00
4.633392691744120384e-08
1.160086753770883661e-06
5.070077691016194876e-08
0.000000000000000000e+00
1.080282245879971015e-07
0.000000000000000000e+00
0.000000000000000000e+00
0.000000000000000000e+00
0.000000000000000000e+00
0.000000000000000000e+00
1.147559694839039857e-12
4.648160967235526186e-08
1.057172312357579358e-06
4.376352613633116562e-09
0.000000000000000000e+00
7.096448317867043443e-09
1.571433188019000227e-07
2.278431443514250532e-09
1.308313124503968083e-09
3.214262411788126883e-09
4.500764205772611604e-09
2.389204389885435376e-09
2.662691755972446117e-08
7.303898996724456083e-07
2.958732068236713530e-07
1.140470651250780065e-08
1.715720365780271095e-08
1.341824429346161196e-07
5.823426185713742598e-09
9.331435180115477124e-09
1.162478753258255892e-07
2.170609469942519354e-09
1.355504242184224495e-08
3.953481098051270237e-08
3.119558869002503343e-06
4.040273005045946775e-09
1.434112959941558074e-06
4.047063573153764082e-09
6.127061169536318630e-08
2.434267543094392749e-08
1.175164499045422417e-08
3.176876361976610497e-06
0.000000000000000000e+00
1.743145627841613532e-09
4.884497251111952210e-09
3.105862589336538804e-08
3.389779158169403672e-05
2.990738039443385787e-07
7.447641792168724351e-08
4.424960309279413195e-08
1.125649333744149772e-07
1.795168280693815177e-08
5.752663412295078160e-08
8.287189302791375667e-06
1.993206296901917085e-06
5.673200007549894508e-07
2.604486326163168997e-06
5.845696371409303538e-09
3.096867828844551696e-08
3.472871412668609992e-07
3.384073465895198751e-09
1.159808959982910892e-08
1.269440996765069940e-08
4.999720886189606972e-07
2.142374277980252373e-08
1.430916718447861058e-09
6.787464457147507346e-08
9.359312436174604954e-09
4.872033887437510202e-09
1.155214604531273892e-10
1.393227648804895580e-06
1.367702617827148970e-09
3.013068550217212760e-08
5.354631849030511148e-09
1.760150666996196378e-06
3.009735962677950738e-07
6.079042123019462451e-07
1.952789943970856257e-06
1.091519941098795243e-08
3.181953900366352173e-07
3.336278098231559852e-08
5.367439825931796804e-09
1.613787214971296180e-09
5.255815782589934315e-10
5.376440403992432948e-10
4.112419293988978097e-09
1.169299412850932640e-08
4.332692427055917506e-08
1.001552121238091786e-07
0.000000000000000000e+00
4.740290364679822233e-07
1.596366594469600386e-09
1.494893453468648659e-08
0.000000000000000000e+00
0.000000000000000000e+00
1.793937713046034332e-06
0.000000000000000000e+00
0.000000000000000000e+00
0.000000000000000000e+00
3.581909879812883446e-09
9.266646117112031789e-09
0.000000000000000000e+00
0.000000000000000000e+00
0.000000000000000000e+00
9.965674951928349401e-10
2.655963773565139796e-12
0.000000000000000000e+00
0.000000000000000000e+00
2.791130881973913347e-09
4.321991653455370397e-10
4.650972496023086933e-09
4.574940533075277926e-07
0.000000000000000000e+00
1.068447286201035240e-08
2.487431629560887814e-06
5.896391153115132511e-10
0.000000000000000000e+00
0.000000000000000000e+00
0.000000000000000000e+00
5.624838372852991597e-10
8.792897077114503190e-09
0.000000000000000000e+00
3.341997345529534869e-09
0.000000000000000000e+00
0.000000000000000000e+00
0.000000000000000000e+00
0.000000000000000000e+00
0.000000000000000000e+00
0.000000000000000000e+00
0.000000000000000000e+00
3.601771325634217646e-09
9.036677184326435963e-09
0.000000000000000000e+00
0.000000000000000000e+00
0.000000000000000000e+00
2.158124345896794694e-09
0.000000000000000000e+00
6.420300735499040456e-08
2.972136314838280668e-07
4.845090995075906903e-09
0.000000000000000000e+00
2.645877787699202344e-11
7.623341541362904650e-11
7.363359699752436427e-09
7.776321808705688454e-09
3.134943256100086728e-07
2.712099121671140978e-11
3.852383940738945967e-07
2.009672471103840508e-06
5.969210903344901453e-09
1.418311068590583091e-08
9.806671918966003432e-09
0.000000000000000000e+00
0.000000000000000000e+00
4.086975877726217732e-06
0.000000000000000000e+00
6.212913490344362799e-07
1.128676818673568505e-09
1.382603986854746836e-08
0.000000000000000000e+00
0.000000000000000000e+00
0.000000000000000000e+00
1.459440746032214520e-08
0.000000000000000000e+00
7.922267855065001640e-07
6.501078786413927446e-08
5.471651343819106117e-12
1.806433580497923685e-08
1.006786618518162868e-07
0.000000000000000000e+00
6.425515231001099892e-09
0.000000000000000000e+00
5.104021170154737774e-07
9.661528821425235947e-08
0.000000000000000000e+00
1.313578273931526041e-10
4.298103917221851589e-08
0.000000000000000000e+00
7.679567537444142999e-10
0.000000000000000000e+00
0.000000000000000000e+00
9.359303332345803028e-10
3.733561904084581329e-09
2.895203721209327341e-08
2.786361164908157662e-06
0.000000000000000000e+00
2.178440983158225208e-09
1.354044254497921429e-08
0.000000000000000000e+00
6.950119924020725648e-10
0.000000000000000000e+00
2.554905731422252302e-10
0.000000000000000000e+00
0.000000000000000000e+00
0.000000000000000000e+00
0.000000000000000000e+00
5.657299073646981924e-09
3.352546105311882130e-12
3.038154773093992844e-06
6.295516996601691062e-09
0.000000000000000000e+00
9.632595165953716787e-09
2.528649289956774737e-09
5.088405696795916811e-09
8.630786751950836333e-09
3.015719940435701574e-08
8.445782739840979048e-09
2.466955706381668278e-08
4.567569789060144103e-08
4.831591837728410610e-08
1.906892634906398598e-07
3.460858932768928753e-09
4.894267391364337527e-08
0.000000000000000000e+00
1.855744216072707786e-07
3.995032749060101196e-09
6.515513746307988185e-07
1.651509705880016554e-06
9.266159963772224728e-07
3.630715172953102865e-10
4.804197033081436530e-06
1.319359171247924678e-06
5.638758082682215900e-08
1.507183924331911840e-06
6.610260783190824441e-08
1.358007750695833238e-07
3.081892828049603850e-06
1.474501800657890271e-06
8.239974818025075365e-07
6.425743492854962824e-08
7.323873063569408259e-08
3.997798501131910598e-07
4.272079578981902159e-08
1.318643739978142548e-06
5.715233175607181693e-09
4.066093026722228387e-07
5.621363641239440767e-08
3.297611783636966720e-06
4.292738609024127072e-08
1.283479367231166179e-08
1.819236956634995295e-07
9.068712358839547960e-08
2.152218847584208561e-09
1.312718325152673060e-07
1.876717306004138663e-07
1.988851927592349966e-08
8.399419471061264630e-08
1.216024969608042738e-08
4.933219202030159067e-07
7.349636454989649792e-10
1.002855469778296538e-07
3.675722837215289474e-06
1.652922776429477381e-07
2.608122962044490123e-08
3.260791459069878329e-08
0.000000000000000000e+00
3.060085740358431394e-09
3.050933727877236379e-08
2.379693597731602495e-08
2.924935571524400757e-10
4.281206944511950496e-09
9.707639136991019768e-09
3.961724351353446139e-11
0.000000000000000000e+00
5.467244079682131996e-08
4.509517381734440278e-08
2.085886352531929333e-09
1.895686807529273210e-07
1.938260112410716829e-07
0.000000000000000000e+00
1.144792882712408755e-08
8.281666019627209607e-09
4.067614099767524749e-06
5.819607462598241909e-09
0.000000000000000000e+00
1.675730891292914748e-05
0.000000000000000000e+00
1.677255490051265951e-08
9.571542447517344954e-10
4.221168978801870253e-07
7.419557412902122451e-09
9.336249551239461653e-10
1.403262928079129779e-07
6.790816353685613649e-09
0.000000000000000000e+00
1.056899634477304062e-08
6.503679372826809413e-09
5.099331512603555439e-10
0.000000000000000000e+00
0.000000000000000000e+00
0.000000000000000000e+00
0.000000000000000000e+00
0.000000000000000000e+00
6.766908313693420496e-07
4.539789344448763586e-08
3.979284457500398275e-09
0.000000000000000000e+00
0.000000000000000000e+00
0.000000000000000000e+00
0.000000000000000000e+00
5.049004130341927521e-07
1.708707286773858414e-09
4.250303220487694489e-09
7.958610126479470637e-08
3.267900394732237146e-09
5.322952301156647081e-09
8.856011390889761969e-08
2.065294495423586341e-07
3.838397932831583148e-10
1.832766827192244818e-08
6.988712470956670586e-07
1.689721251807441149e-09
6.788576456528971903e-07
4.571536899034001067e-11
4.262800302967661992e-06
7.383881062139607820e-09
1.070847521766893351e-09
1.246428098511387361e-07
1.516020461167499889e-06
8.450573574236841523e-08
3.204723952876520343e-06
2.791726849693532131e-08
0.000000000000000000e+00
5.242682377115670533e-08
0.000000000000000000e+00
7.015081404659895270e-09
0.000000000000000000e+00
6.231495717656798661e-06
8.201015866404759436e-09
4.884781468206256250e-09
1.078946866073238198e-06
3.276969806620400050e-09
0.000000000000000000e+00
2.012706374898698414e-07
0.000000000000000000e+00
4.678586851269983526e-09
0.000000000000000000e+00
0.000000000000000000e+00
0.000000000000000000e+00
0.000000000000000000e+00
0.000000000000000000e+00
0.000000000000000000e+00
2.371869145534333256e-09
0.000000000000000000e+00
0.000000000000000000e+00
0.000000000000000000e+00
0.000000000000000000e+00
0.000000000000000000e+00
0.000000000000000000e+00
1.245801684035541257e-07
2.183164621305522246e-10
9.583712490268680995e-09
8.154679598249003902e-09
1.558748574659318820e-09
7.055235528241610155e-06
1.796512161256202944e-09
3.293709194274185847e-10
1.375003843423483474e-11
0.000000000000000000e+00
0.000000000000000000e+00
0.000000000000000000e+00
1.878037636515728082e-07
0.000000000000000000e+00
2.035655377596867766e-08
6.081100956123464130e-09
2.638342166960683244e-08
4.914196551908389665e-07
0.000000000000000000e+00
1.392483572892899701e-09
0.000000000000000000e+00
6.676414532336139018e-09
0.000000000000000000e+00
7.857285311274608830e-08
1.721806808241410636e-09
1.611122679712195804e-09
1.180098365693993401e-06
0.000000000000000000e+00
0.000000000000000000e+00
0.000000000000000000e+00
0.000000000000000000e+00
9.042100401757124928e-11
0.000000000000000000e+00
0.000000000000000000e+00
2.088744821548971231e-07
0.000000000000000000e+00
0.000000000000000000e+00
3.164259965160454158e-09
3.008873932230926584e-07
7.129861590016162154e-09
1.550132822103478247e-08
2.031591339601845903e-09
3.065376574795664055e-07
1.852364661658612022e-08
4.940103881523327800e-09
3.245135360430140281e-08
8.186167121948528802e-08
7.586195920339378063e-07
1.495181294330905075e-07
1.026970295470164274e-07
3.607156173757175566e-08
3.605676681672775885e-07
1.736367938320881876e-09
5.136752356804663577e-09
5.835986804925141769e-09
5.096270342619391158e-06
1.405348726279953553e-08
4.345763571222960309e-08
7.299912851976841921e-08
1.032525574373721611e-06
3.588323352232691832e-06
4.494949834565886704e-08
4.622057250824873620e-11
8.620153835181554314e-07
5.461173259391216561e-06
1.816075723581889179e-06
5.712666784063458181e-09
1.518259651334119553e-08
2.322241704488803293e-10
9.309397341894509736e-07
2.952656643628870370e-07
9.238164722091823933e-08
8.033616438751778333e-08
0.000000000000000000e+00
8.215560569624358322e-07
5.533310698524473992e-08
1.245364922297653720e-11
2.365287400607485324e-06
1.652520268180523999e-06
2.349466177165027148e-09
0.000000000000000000e+00
3.394388556898775278e-07
5.332131536306405906e-07
1.627381429614160879e-08
2.722032821367292854e-09
1.436849856872868259e-07
4.672716436004975549e-09
3.350966380821773782e-06
1.886743348222807981e-07
3.385925140264589572e-08
1.318342128797667101e-07
3.031425555022337903e-09
9.781074616910245823e-09
2.015117246401132434e-07
2.802505427723644971e-08
7.599984996886632871e-08
5.546622716678939469e-09
3.256804825824133331e-10
3.579182106250300421e-08
6.247963568739578477e-08
1.610145616837144189e-08
7.328094966396747623e-07
4.572338063724146195e-09
5.640803735218469228e-08
0.000000000000000000e+00
0.000000000000000000e+00
1.933548113286498449e-11
1.181630349122997359e-08
1.251329706519754836e-08
9.553276640872354619e-07
2.839702473167449170e-09
1.450199107466687565e-07
5.799097646530526617e-09
3.095232070648989975e-09
6.984064384596422315e-07
3.737951281834739348e-09
1.829681739451416433e-09
3.020331291736511048e-07
7.724942463482875610e-08
6.879076863697264344e-09
4.300859668404655167e-09
6.180594258609062308e-09
8.588140865128934820e-09
2.887608161472599022e-07
5.026616345382706186e-10
1.060086773918555991e-07
0.000000000000000000e+00
2.229735840408864078e-10
2.492530626341249445e-09
6.937397500905717607e-08
1.060271426212011647e-08
2.322765340068144724e-06
1.534147919812767213e-09
3.190755393234212534e-08
4.357319838277362578e-08
5.866051466796307068e-08
8.814625118702679174e-08
5.154165982901304233e-10
9.590844740614556940e-08
4.137797660064279626e-09
0.000000000000000000e+00
1.773066693466773813e-09
0.000000000000000000e+00
2.946313748530826615e-10
0.000000000000000000e+00
3.075859922319068573e-08
9.402217199250273438e-11
0.000000000000000000e+00
3.012930562817928148e-07
5.373691180921014166e-08
6.943700725514645455e-08
0.000000000000000000e+00
0.000000000000000000e+00
0.000000000000000000e+00
0.000000000000000000e+00
0.000000000000000000e+00
0.000000000000000000e+00
0.000000000000000000e+00
0.000000000000000000e+00
7.181619299245767252e-09
2.956062727932362577e-09
6.291998033702839166e-09
3.705299889134039404e-08
0.000000000000000000e+00
8.538186158091320976e-09
0.000000000000000000e+00
0.000000000000000000e+00
0.000000000000000000e+00
9.437502512810169719e-08
0.000000000000000000e+00
0.000000000000000000e+00
2.929160025644250709e-08
1.845560859692341182e-07
4.237933337591925920e-10
1.531242022068113329e-09
1.100178614876767824e-08
3.079013595197466202e-07
8.669557516327586200e-09
5.669494651527884344e-09
3.972679407659995832e-10
2.864424475390592306e-09
6.198844104687850631e-09
0.000000000000000000e+00
1.524440684796957157e-09
3.171765627918432529e-10
1.154491613419850182e-09
0.000000000000000000e+00
8.215456648308361309e-10
6.828605458863989952e-10
1.192074106093343744e-09
1.194166401319307624e-07
3.440144391575472582e-09
6.927793061439757594e-11
0.000000000000000000e+00
0.000000000000000000e+00
7.607678043086707476e-09
2.092574078460529563e-07
0.000000000000000000e+00
7.619353681320717442e-08
3.263733461267293023e-08
1.237935443043625128e-08
6.268988106405970484e-10
0.000000000000000000e+00
5.551646040657942649e-07
0.000000000000000000e+00
4.789697527485259343e-09
2.298952583856817000e-09
4.202146630660763549e-09
8.345427127132154510e-10
0.000000000000000000e+00
2.050944969411716556e-09
9.376591947329870891e-09
0.000000000000000000e+00
0.000000000000000000e+00
0.000000000000000000e+00
4.189829871936723293e-10
9.648872811851560982e-09
0.000000000000000000e+00
5.860998797402316995e-09
2.632929252399662801e-08
1.574980643681556103e-07
0.000000000000000000e+00
9.743300388720399496e-09
0.000000000000000000e+00
7.402603863226886460e-09
0.000000000000000000e+00
0.000000000000000000e+00
0.000000000000000000e+00
0.000000000000000000e+00
0.000000000000000000e+00
0.000000000000000000e+00
8.599506884365837323e-09
2.187736924952332629e-08
0.000000000000000000e+00
2.010941690944179072e-10
0.000000000000000000e+00
1.137293793362914585e-06
3.430217665467694133e-09
0.000000000000000000e+00
2.111977437380119227e-06
1.451915476735621269e-09
0.000000000000000000e+00
1.914373569888994098e-06
0.000000000000000000e+00
0.000000000000000000e+00
9.635773956517823535e-09
8.093444248125081231e-10
7.457730960558350830e-11
0.000000000000000000e+00
8.412625596143641360e-10
1.108926923620856542e-07
7.227387133212914705e-09
2.531942877581627727e-09
3.600742592979599976e-09
1.321626252881458186e-09
2.844016799841142529e-09
1.830198104180169594e-09
3.492316658082472713e-09
6.035806077164806993e-09
1.664955284752522857e-09
8.138303542182256933e-07
9.999333627774831257e-08
1.796881434756869567e-07
6.716590661426380393e-08
3.841886950795014855e-07
1.961074758582981303e-06
1.006362708722008392e-07
6.590613566004321910e-08
8.207470258980720246e-09
5.483971055042502485e-09
8.734555194678250700e-07
4.145103815744732856e-09
5.479960805132577661e-07
2.798102549661507510e-08
1.291818119142362775e-08
0.000000000000000000e+00
8.177425456779019441e-07
2.143706524293520488e-06
8.126370687477901811e-08
1.039398611624164914e-08
1.369640756365697598e-08
1.340959077111847364e-08
4.240846285252786174e-10
2.016965483520039015e-09
7.434498572322922882e-10
1.528366624370391946e-07
3.460965558588213753e-07
4.241677515892661177e-07
9.210977466866943075e-12
2.895290208471124060e-06
7.435769222574606374e-10
4.166408373862395820e-08
1.539221017310410389e-07
3.165244493175123353e-07
2.461279109411407262e-07
5.547687820239843859e-08
1.037177071339101531e-06
7.496890219726992655e-09
1.459250256630184595e-06
1.739067889694467794e-09
8.405942253375542350e-07
2.812623467463026827e-10
8.631391601454652118e-09
1.821156843107019085e-07
5.688310693585663103e-07
4.222767913120151206e-08
1.425883056072052568e-07
7.468936473742360249e-06
7.121799594500544117e-09
5.686746629152139576e-10
6.636573512963650501e-09
3.903850021025334627e-10
5.773082706328480640e-11
2.112403763021575287e-07
3.427888373153109569e-08
0.000000000000000000e+00
0.000000000000000000e+00
8.301576315261627315e-08
2.617728966924914857e-07
9.948795565151158371e-09
5.150637250039835635e-09
3.793977327859465731e-07
0.000000000000000000e+00
1.317208564444172225e-08
9.347752794042207825e-09
6.446585487651645963e-09
1.103397949009377044e-06
0.000000000000000000e+00
0.000000000000000000e+00
3.896673916869985987e-08
5.967192295841527994e-10
3.638227497049228987e-08
5.972732424197602086e-07
3.851816998690082983e-08
4.566947708894986135e-09
3.037592177790315873e-09
3.151735938899946632e-07
5.452099571812141221e-08
2.027724654851681407e-09
5.923537926832977973e-08
1.058298721545725130e-06
0.000000000000000000e+00
9.045296955889625679e-09
0.000000000000000000e+00
1.744476230136626782e-09
3.438040963033017761e-08
0.000000000000000000e+00
1.598020737958449899e-08
0.000000000000000000e+00
5.888863618963569024e-09
0.000000000000000000e+00
2.246933333838185831e-10
0.000000000000000000e+00
1.207739863673396030e-08
2.907594875978247728e-07
0.000000000000000000e+00
0.000000000000000000e+00
1.063316434901651064e-09
8.286300356985520921e-08
1.966443541334683687e-08
1.196198584629826200e-09
1.987374247391926474e-07
0.000000000000000000e+00
1.184730979986170496e-08
0.000000000000000000e+00
0.000000000000000000e+00
0.000000000000000000e+00
0.000000000000000000e+00
0.000000000000000000e+00
0.000000000000000000e+00
4.679529208573285359e-09
0.000000000000000000e+00
2.816023148000112997e-08
0.000000000000000000e+00
1.075479594270234429e-09
0.000000000000000000e+00
0.000000000000000000e+00
0.000000000000000000e+00
0.000000000000000000e+00
0.000000000000000000e+00
2.898490834013500717e-07
1.043899988673047119e-08
5.262094191493815742e-07
1.364709317774881470e-10
4.779038276225833215e-10
3.716874363846045526e-09
0.000000000000000000e+00
0.000000000000000000e+00
3.210815169296665772e-09
1.271080577680550050e-06
4.870696557190967724e-08
3.911829526970223014e-09
0.000000000000000000e+00
7.910326615956364549e-09
1.593267739963266649e-10
2.807705925533809932e-07
2.109748464818039793e-07
9.408351875350717819e-10
1.254328285682504429e-08
2.317338854140871263e-08
0.000000000000000000e+00
3.567624196065821707e-09
3.262794052716344595e-07
1.250398554475395940e-06
0.000000000000000000e+00
3.799813086402537010e-08
1.222631110936456267e-11
3.767388623288070448e-09
3.061496300915678148e-08
1.070858601792679110e-08
0.000000000000000000e+00
0.000000000000000000e+00
0.000000000000000000e+00
1.177515329686684709e-08
0.000000000000000000e+00
2.755298744716583315e-08
9.419101587582190405e-08
4.429049629221110118e-13
1.596983101315174736e-09
3.341399379408471759e-09
1.351943113014897335e-09
0.000000000000000000e+00
7.773310883862905030e-09
0.000000000000000000e+00
0.000000000000000000e+00
5.515675916001328005e-09
9.920472443525341077e-09
6.456771561857976849e-09
0.000000000000000000e+00
1.401715965521077578e-10
0.000000000000000000e+00
0.000000000000000000e+00
5.910573808165509035e-09
0.000000000000000000e+00
0.000000000000000000e+00
3.873826259770396518e-11
3.386135594141137517e-09
0.000000000000000000e+00
0.000000000000000000e+00
3.254613245573523272e-09
1.421919693100903714e-09
4.090559557745621078e-10
0.000000000000000000e+00
0.000000000000000000e+00
2.414026027963700471e-07
0.000000000000000000e+00
6.904372185090323910e-09
1.539400429351189814e-08
1.655921094689816186e-10
0.000000000000000000e+00
6.226412097021238878e-07
4.779359187523368746e-06
2.060204958020950272e-11
0.000000000000000000e+00
1.280234442901928560e-07
3.439329265830792792e-09
2.854134040219946655e-09
4.458749572222586721e-06
1.724650360301893670e-07
1.039772268285332757e-09
2.317720682043500346e-09
4.287938395464152563e-07
2.800921038215165026e-06
9.223064978414186044e-08
2.204624571788826870e-08
1.486741307843431059e-08
1.116601033857023140e-08
1.418550876763902124e-08
6.264624374807681306e-10
3.067164300318836467e-08
2.320183156712118944e-08
6.025815224575126194e-08
2.144904556189430878e-06
3.354383579790010117e-06
2.322263981113792397e-08
5.387380319632484316e-09
1.499045879427285399e-06
4.567336873151361942e-06
2.459514902852788509e-08
7.184463246545647053e-09
4.113789131565681600e-08
3.783515722943775472e-09
2.533349352518143860e-08
2.843698609922284959e-07
6.690806344522570726e-07
4.905766814999878989e-08
9.732520567240499076e-09
3.310983629489783198e-07
1.552870365628677973e-08
1.941843841279933258e-08
2.724172418311354704e-06
1.067372039642577874e-07
8.338753900716255885e-07
9.698164937788078532e-09
4.710155394604953472e-07
8.414322394401096972e-08
1.352696585854573641e-06
1.723236209727474488e-06
1.604777111197108752e-08
3.732438358383660670e-08
2.108337042727725930e-07
1.271381734113674611e-06
6.597068704650155269e-07
1.778200726221257355e-06
1.689078317212988622e-07
6.890923941682558507e-06
3.099871719314251095e-07
1.080282459042791743e-06
9.281926054427458439e-07
4.587188584537216229e-08
2.337309190636460698e-08
1.721232223417246132e-08
5.377282263907545712e-08
0.000000000000000000e+00
8.217837077495460107e-09
3.128806724816968199e-08
1.312412067910884161e-09
1.751146072592746350e-07
2.710683943973890564e-08
3.776583298531477340e-06
3.003959303526926305e-09
5.174360353521478828e-07
4.812109111185236543e-08
1.471594135438181183e-08
6.740047808762028581e-08
2.751931333477841690e-06
8.479905204694659915e-07
1.460236092043487588e-07
2.031771728638886998e-08
1.136373953158908989e-06
0.000000000000000000e+00
1.183438769203348784e-07
7.243166351145191584e-07
1.270548892762235482e-07
9.951842372402097681e-08
9.605000172996369656e-08
6.651167154814174864e-07
4.101823378732660785e-06
2.222684480912562321e-09
1.787949677201083887e-09
6.957180431754750316e-08
3.657717329019760655e-08
0.000000000000000000e+00
0.000000000000000000e+00
1.843788588473671552e-08
2.092317345159244724e-06
4.719510560136086497e-09
3.615504695630988863e-08
2.648482109179894906e-07
0.000000000000000000e+00
9.313408710909243382e-09
1.659368820128293009e-08
5.168883987494155008e-08
9.249980642556110411e-11
2.166724222263383126e-08
3.773032631215755828e-06
1.586114239948699378e-09
0.000000000000000000e+00
2.896480566505488241e-07
1.574917860125424340e-06
1.587540850778168533e-06
3.840829322143690661e-06
0.000000000000000000e+00
3.077718417898722691e-07
1.007975356515089516e-06
0.000000000000000000e+00
1.263034732801315840e-06
3.065204623453610111e-08
8.242345472808665363e-09
0.000000000000000000e+00
4.010514587093894079e-08
0.000000000000000000e+00
2.980886648629166302e-10
6.793551499129080185e-09
9.756826457874012704e-10
7.720103667452349328e-08
0.000000000000000000e+00
0.000000000000000000e+00
0.000000000000000000e+00
8.393628014857767994e-09
0.000000000000000000e+00
0.000000000000000000e+00
4.518796448138573396e-09
3.830301409379899269e-08
2.574189927884162898e-08
1.132511417978321333e-09
7.933068957299838075e-08
9.053218974486298976e-08
8.170593090994771046e-09
3.062269104958659227e-09
3.365480116812591405e-11
4.615453852441220306e-10
2.450959435407185083e-08
4.413903131883500919e-10
5.602278196903398566e-09
2.809689760852052132e-07
0.000000000000000000e+00
3.273325148711592192e-07
1.800220861269963279e-09
5.835550098698405463e-11
6.796089735416899202e-08
4.849788410865585320e-07
0.000000000000000000e+00
5.829979277116592584e-10
6.989416156955030601e-09
0.000000000000000000e+00
0.000000000000000000e+00
5.613960851746924163e-09
0.000000000000000000e+00
0.000000000000000000e+00
3.942068449447333478e-09
8.081793012593152525e-09
0.000000000000000000e+00
9.316461273556342348e-07
1.462319403344736202e-07
7.077472385930150267e-09
1.117016154239536263e-06
4.638450179506037330e-10
6.753012815607917219e-09
0.000000000000000000e+00
0.000000000000000000e+00
2.780150332171160699e-09
0.000000000000000000e+00
1.742533894955045071e-10
0.000000000000000000e+00
2.895003490266390145e-07
6.350929115939152325e-09
7.552140246502858645e-09
7.138605262468900037e-10
1.075794009430808273e-09
8.791062988677822432e-09
2.304626045557256475e-09
1.264027673641976435e-07
0.000000000000000000e+00
0.000000000000000000e+00
0.000000000000000000e+00
0.000000000000000000e+00
3.439649631786778627e-08
6.113861672929488122e-06
0.000000000000000000e+00
4.238660835653718095e-07
1.155423604015659578e-10
7.456745443334966694e-09
1.455319975640634311e-09
7.074266505924242665e-08
2.372416361140494701e-07
2.292040335305500776e-08
1.676543917028538999e-07
8.773294091213301726e-09
7.323207285026001045e-08
0.000000000000000000e+00
5.182091058486548718e-07
7.362105236552451970e-08
5.755572130006214593e-10
9.875893880462172092e-08
5.489205978648215023e-09
3.747217203198260904e-09
2.225089303919958184e-07
3.217498658614204032e-07
8.901391765903099440e-07
2.975595805310149444e-07
0.000000000000000000e+00
5.938006708561260893e-08
9.189773386708566250e-09
5.880864506480065756e-08
5.944175427430309355e-07
0.000000000000000000e+00
7.283030178939498001e-09
1.001625733465516532e-07
4.785159823939011403e-09
1.057363263612387527e-07
3.969334638753707623e-09
7.728608153456661967e-08
3.181083396697204080e-09
2.087041295339986391e-08
1.970008822738122944e-09
1.165374818867803697e-08
2.360979145521469036e-08
6.851018641285122612e-10
4.456984186163026607e-07
3.220976907414296875e-08
3.871197122862213291e-07
2.690972999985774550e-09
1.009604716273315717e-06
2.280396493858916074e-08
4.146188670173245328e-10
1.308981268266506959e-06
1.013318851050826197e-08
2.159308287730254960e-09
8.747315649593190301e-10
2.562640304404339986e-07
8.035141441098403448e-09
2.907809548702289248e-09
3.849635959340957925e-06
1.369891577951420913e-08
1.910835223384310666e-08
5.663891755602890044e-08
1.453382623139987118e-07
6.933330576330831718e-10
7.340314578385687128e-09
7.685406977486763935e-09
9.630681461203494109e-07
4.306743017767900028e-10
1.490587237640284002e-06
1.126334268519713078e-06
1.141114092106931821e-09
1.418767539007603773e-07
4.327503404510935070e-07
6.050652756606211824e-10
0.000000000000000000e+00
1.228367274563879619e-08
9.258942057499552902e-09
8.715709404194527110e-11
0.000000000000000000e+00
4.205122650091652758e-08
3.505950196824869636e-09
4.310454926326201530e-08
2.704185320112628688e-08
1.054306419945305606e-09
0.000000000000000000e+00
0.000000000000000000e+00
0.000000000000000000e+00
0.000000000000000000e+00
9.797592070981409051e-09
4.235515937978107104e-09
0.000000000000000000e+00
0.000000000000000000e+00
0.000000000000000000e+00
0.000000000000000000e+00
0.000000000000000000e+00
1.489239139118581079e-06
0.000000000000000000e+00
7.518207723045122748e-10
0.000000000000000000e+00
5.396976754390436781e-10
0.000000000000000000e+00
0.000000000000000000e+00
0.000000000000000000e+00
1.436729069048681140e-09
0.000000000000000000e+00
2.827757583645507111e-08
0.000000000000000000e+00
1.432209387530747335e-06
0.000000000000000000e+00
6.136471331075199487e-09
0.000000000000000000e+00
3.234484236003254409e-09
1.068128333177320588e-12
0.000000000000000000e+00
0.000000000000000000e+00
0.000000000000000000e+00
0.000000000000000000e+00
0.000000000000000000e+00
0.000000000000000000e+00
0.000000000000000000e+00
5.513314457750162489e-11
1.492557011317785509e-08
3.132687997897676269e-10
3.621714261825559333e-09
6.744112823753312114e-09
0.000000000000000000e+00
2.109362906566047968e-09
7.480353758637647843e-08
1.887253461063664872e-06
8.932874884237662627e-09
1.356719891987268056e-08
7.211239383408951653e-10
5.359110559766122606e-07
1.711373154300588340e-09
1.773130691162805306e-07
4.313900792141112106e-09
3.997850106518541224e-10
4.027727318334228812e-10
0.000000000000000000e+00
4.320511948208149988e-09
6.990795498040824896e-08
4.253497110084936139e-08
0.000000000000000000e+00
4.080843396536693035e-08
2.622687361508724280e-06
1.246523995135362384e-09
0.000000000000000000e+00
1.542526106845798495e-08
0.000000000000000000e+00
2.436194108668132685e-07
0.000000000000000000e+00
8.932792283644630515e-09
0.000000000000000000e+00
1.365380863926901611e-10
4.574477685537203797e-09
7.763904102953134156e-11
1.370208213558044008e-08
0.000000000000000000e+00
6.494367266185463450e-09
1.980361297171384649e-08
7.046904784147045575e-07
1.563014301320109212e-10
0.000000000000000000e+00
0.000000000000000000e+00
0.000000000000000000e+00
1.311400571468723797e-10
0.000000000000000000e+00
0.000000000000000000e+00
0.000000000000000000e+00
0.000000000000000000e+00
1.416465693182544783e-06
0.000000000000000000e+00
2.168418546943939873e-07
1.009887284908472793e-08
0.000000000000000000e+00
1.385869552450458286e-08
1.351770265500817914e-06
0.000000000000000000e+00
1.162703370027884375e-06
5.789289843960432336e-06
0.000000000000000000e+00
0.000000000000000000e+00
0.000000000000000000e+00
0.000000000000000000e+00
8.596135359084655647e-08
9.681523360782762211e-10
1.048293896133145608e-08
0.000000000000000000e+00
0.000000000000000000e+00
0.000000000000000000e+00
8.712144783373787504e-09
9.214108642741081212e-11
0.000000000000000000e+00
1.978749430975312862e-08
1.029851137701598418e-08
3.942486337393802387e-09
1.145643135913587685e-09
1.244527952914964430e-10
8.218473013243965397e-09
7.505789767492387909e-09
0.000000000000000000e+00
0.000000000000000000e+00
1.515457341838555294e-07
6.778938086426933296e-07
0.000000000000000000e+00
6.416130560182864428e-08
4.158737354487129778e-09
5.696035287883205456e-08
3.232448309020696797e-09
6.581278171324811410e-07
1.413099770530834576e-08
2.003778920567356181e-09
6.351469263726761127e-12
1.154491435784166242e-08
1.755113032686494989e-08
4.608789367921417579e-07
5.291007632024502527e-09
7.604687435325274691e-10
4.662710466618591454e-07
1.346491113052294963e-10
3.784509061688368092e-08
4.301849898524778837e-08
0.000000000000000000e+00
4.067167651555791963e-07
4.919178309137350880e-07
1.552292815176770091e-06
3.174741303180184104e-10
8.257121208998796646e-08
7.185917638707906008e-09
8.441264753855648451e-08
5.824091076078730111e-08
4.841378853370770230e-09
6.333438218319997759e-09
1.329528265259227737e-09
4.008758602846995700e-10
1.651461843721335754e-06
4.972744704900833312e-08
1.938095728348798730e-08
4.188951550077035790e-07
7.430658172102866388e-11
8.477837321052561492e-10
7.410062039525655564e-07
0.000000000000000000e+00
7.940081303559054504e-08
5.790667856331310759e-08
7.933616430477741233e-09
3.480770338626371085e-09
0.000000000000000000e+00
0.000000000000000000e+00
5.306890784595452715e-07
6.214817549476947534e-11
6.811888511037977878e-07
3.098851453220419216e-10
2.864579684569434903e-09
6.776577077260981241e-09
2.161137491185627368e-09
8.758378911011277523e-09
1.242292000824818388e-06
5.808325198586317129e-08
4.849283641306101345e-09
3.640439949492701999e-09
7.130505075281234895e-09
1.416500072792814535e-08
3.730602671225824452e-08
2.406604266980139073e-07
4.142479781421570806e-08
1.788301418059745629e-08
5.359944932337157297e-09
2.570177126681727486e-10
6.625928250514334650e-09
8.451917388185847813e-09
4.740677894687905791e-08
9.256362343279533889e-11
1.788676513569953386e-06
2.199309356853973441e-08
0.000000000000000000e+00
1.738540333917626413e-08
1.764804413717513398e-09
2.429469816433993401e-07
1.424551321349554200e-08
2.268013415962499835e-10
4.608189101418247446e-07
6.590074264067879994e-08
5.602350139355394276e-09
7.293555981391364185e-09
3.000000106112565845e-07
3.300255286831088597e-07
9.471807338456983416e-09
6.457980816776398569e-08
2.015546485267805110e-08
0.000000000000000000e+00
1.596119325597555871e-08
0.000000000000000000e+00
1.038827832644528826e-07
1.998341714326556939e-09
1.540005276079448038e-11
9.308772064287040848e-08
1.610462696532977134e-08
0.000000000000000000e+00
1.881340040199575014e-06
7.163050952385674464e-08
1.002019644147367217e-06
0.000000000000000000e+00
3.413549665154391732e-09
7.394140411065563967e-09
1.547078437580395871e-10
0.000000000000000000e+00
4.967248514731181785e-07
0.000000000000000000e+00
2.400586396333892480e-09
9.082386398517883208e-09
0.000000000000000000e+00
0.000000000000000000e+00
0.000000000000000000e+00
2.531720319498553806e-11
8.216267666227849986e-09
0.000000000000000000e+00
1.978699629034963436e-06
3.306031004512988147e-08
4.049032775732541722e-10
1.111394709596424946e-08
5.171974515327804056e-10
4.945403642153678447e-09
5.860785745603891428e-10
9.285723301388770778e-09
5.252160928392868300e-09
2.104378449274690865e-09
1.616457634412427069e-09
5.201361830131645547e-08
0.000000000000000000e+00
1.720736442223369522e-09
2.553676159422479941e-09
5.957236925979714215e-09
5.637053490659127419e-09
9.573298820342301951e-10
5.148088177975296276e-09
1.668851901115431247e-08
0.000000000000000000e+00
0.000000000000000000e+00
3.569668649561208440e-07
1.496207424622753024e-08
1.151534068100090735e-08
8.191008760149998125e-09
6.322871559660825369e-09
3.434945439195757899e-09
5.621113245979358908e-07
9.961746982867225597e-10
4.766723460392086054e-09
0.000000000000000000e+00
1.237700164580246565e-09
0.000000000000000000e+00
0.000000000000000000e+00
3.978631113454866863e-08
1.385726200453518686e-09
0.000000000000000000e+00
9.952798585288746835e-09
0.000000000000000000e+00
6.045998781240317574e-15
2.563385725906641710e-09
1.136218202857364190e-10
1.076280753409264435e-07
3.620599653419986907e-11
1.368652107203160995e-07
2.466231219244718886e-09
0.000000000000000000e+00
4.125785721953434404e-07
3.979485629912460354e-09
2.100720593034566264e-07
1.830813695091748627e-10
0.000000000000000000e+00
4.385489305036571750e-09
3.299636119891147246e-09
2.276769606179840366e-10
1.637546347410534509e-06
1.676077590673230588e-05
1.442333008583318588e-08
8.493874474879703484e-07
3.714516975256154652e-12
9.800849021246449411e-10
3.400612014203829858e-09
1.370352165075416906e-09
8.151614494522618770e-09
4.515195772825109088e-09
6.556151732617365724e-10
1.266165061686308491e-09
1.659724996327938129e-10
2.145328835467807949e-06
2.470133066189220128e-14
1.691469009301727056e-08
1.532568376205745153e-06
5.125505708747368772e-07
7.552636738239471015e-09
4.047513812110992149e-06
4.795696781911829021e-07
6.416563280708942330e-09
9.496139341536036227e-08
3.651863167419833189e-08
3.109481738761132874e-08
1.261633286731012049e-07
3.582416496783480397e-08
1.034375713970803190e-07
8.562586750748835129e-11
2.481144747434882447e-06
6.986073799453151878e-07
2.022658009082078934e-06
5.958912296932794561e-08
3.889499566867016256e-07
2.987292191392043605e-07
8.188090205862863513e-09
0.000000000000000000e+00
8.241666016317594767e-09
1.738211796720179336e-09
2.192728443262126348e-09
9.958232460860472202e-09
8.557406172560177993e-11
0.000000000000000000e+00
0.000000000000000000e+00
5.459929841578059495e-09
3.190451280943307211e-08
6.369398064531850423e-11
1.009196637369313976e-08
3.001949266945302952e-07
7.270151147764636335e-09
1.811342409396843323e-09
0.000000000000000000e+00
1.734866295066694875e-08
1.038028045741157257e-07
4.706194545178732369e-08
7.796447376584580979e-10
2.531066002120496705e-06
2.471459538355702534e-06
1.848056285780330654e-08
5.158928928494788124e-08
1.813991623578203871e-08
1.128147353313124768e-08
2.516084940396012826e-08
9.258869795303326100e-07
2.014904687541729800e-08
5.893882715213294432e-09
1.045122210996396461e-08
9.604583794953214237e-09
1.887732992145174649e-08
8.969975456851742024e-11
2.052178444955643499e-07
1.995325192183372565e-06
1.929205382111831568e-06
6.385038631151473965e-08
5.983359585570724448e-09
1.858994208570052820e-10
1.016722126223612577e-05
0.000000000000000000e+00
5.974447390144632664e-07
3.704091682266152930e-07
2.542112909065252779e-10
6.393412910199458565e-09
1.752979872371440706e-09
9.402417733284096357e-10
1.169696801639474870e-07
7.349158614999851125e-09
6.030055743622142472e-08
0.000000000000000000e+00
5.442453598902829981e-08
3.758642463935757405e-08
0.000000000000000000e+00
3.663341985316037608e-08
0.000000000000000000e+00
3.248518676279843476e-10
0.000000000000000000e+00
7.954293473888540689e-12
0.000000000000000000e+00
0.000000000000000000e+00
4.678753384723677300e-09
0.000000000000000000e+00
0.000000000000000000e+00
3.694437822332474752e-08
0.000000000000000000e+00
0.000000000000000000e+00
0.000000000000000000e+00
1.310128627763848530e-13
9.101656317511697125e-09
0.000000000000000000e+00
5.385793144796480192e-09
0.000000000000000000e+00
0.000000000000000000e+00
0.000000000000000000e+00
1.683755641579409712e-07
2.859894265849760586e-10
1.374662783604208016e-08
0.000000000000000000e+00
0.000000000000000000e+00
0.000000000000000000e+00
1.407940541930940981e-09
0.000000000000000000e+00
0.000000000000000000e+00
0.000000000000000000e+00
1.004596850151528997e-08
0.000000000000000000e+00
0.000000000000000000e+00
0.000000000000000000e+00
0.000000000000000000e+00
1.147820594127324512e-08
0.000000000000000000e+00
2.853426167348516174e-06
4.807188247468729969e-07
1.328536569644711562e-07
1.208710642686128267e-07
7.911706845220578543e-09
7.602691312058595940e-07
5.346174614118126556e-09
1.674853311595114747e-11
1.331385668379425624e-08
4.392132879615928687e-09
3.720998769524141991e-12
0.000000000000000000e+00
4.226009764352056663e-09
3.224595868100976759e-10
4.653001326460071141e-07
4.750533477704266261e-08
0.000000000000000000e+00
1.526654180850073317e-08
1.032059149252972929e-08
0.000000000000000000e+00
0.000000000000000000e+00
2.091445821861270815e-06
7.497037435300057950e-10
1.039777774991534898e-08
0.000000000000000000e+00
1.162696428025355999e-08
1.949776020637727925e-07
4.571219847093743738e-08
0.000000000000000000e+00
5.795445900957929553e-08
2.074743150615177001e-07
3.694319161695602816e-07
0.000000000000000000e+00
6.977743272074121705e-09
0.000000000000000000e+00
5.721005003067602956e-09
0.000000000000000000e+00
3.575683527046180643e-09
0.000000000000000000e+00
0.000000000000000000e+00
1.980391139966286573e-08
0.000000000000000000e+00
3.676501991733971408e-09
3.512763135926633140e-10
7.094176357469450522e-09
2.046169900182803758e-09
7.279954417072076467e-11
0.000000000000000000e+00
9.555064259345741329e-14
0.000000000000000000e+00
0.000000000000000000e+00
1.763547752275940184e-09
2.060346560028847307e-09
4.925464924809830336e-09
5.986629858512060309e-09
2.264105205540545285e-06
5.114316969923038414e-09
1.052025910830423072e-09
0.000000000000000000e+00
1.182237308050559932e-09
0.000000000000000000e+00
0.000000000000000000e+00
1.222722630700445734e-06
1.440794562768132892e-06
2.649692021350347204e-08
7.366491860949508919e-09
8.828424102880205737e-11
2.394267717420461850e-08
3.397286363338025694e-08
4.555075872048064412e-09
1.131015489597153589e-10
8.892109804037318099e-08
2.098830975683085853e-07
9.075526463675487321e-07
7.883700803290594195e-09
6.807487462623384999e-09
8.208150603650210542e-09
6.238593197593900186e-09
3.238319612464124475e-09
4.581045587315202283e-08
1.511654024177744304e-09
5.195200358798501838e-08
5.115232397656654939e-07
2.410962762766644119e-09
2.084602357399489847e-07
1.002825698037668189e-07
8.905107762302577612e-08
3.956434468932457094e-08
7.689693326540236740e-09
1.199239392235540436e-07
1.079866862596645660e-08
1.243067782041862301e-08
4.568200608900951920e-07
1.636735333931937930e-07
1.589161691128992970e-09
5.425084825816384182e-09
3.005656594723404851e-07
1.088365300661031654e-10
6.706825761426671306e-09
1.026002482973353835e-08
9.450537241662004817e-09
7.269796764575175985e-09
1.260112725276485435e-08
1.044941555505829456e-07
4.372675554975558043e-09
6.190622059421002632e-08
4.011168286410793371e-09
4.071480930178950075e-08
9.672151008999207988e-07
1.073226219006073734e-08
2.029438306294650829e-08
7.218568409683712161e-09
2.055284609170371368e-09
1.457818221695106331e-08
3.213562820292281685e-07
4.039206469297340618e-10
3.737453901919707278e-09
3.100509016196184575e-10
1.634176243214824353e-07
1.772146589473777567e-07
2.508800811540368159e-08
2.364383533404179616e-08
6.839920274614996742e-08
6.153252485319171683e-08
8.909088577979673573e-09
5.645106160301338605e-09
1.023714872872005799e-07
1.648480036919863778e-07
2.119261807820294052e-06
5.051228324504108969e-09
2.813138610946452900e-09
4.072946407224220522e-12
1.457654774661421015e-09
7.256004863620546530e-08
1.285763495673108991e-09
2.471247171342838556e-07
6.407011809983487183e-09
1.219860767953662162e-09
0.000000000000000000e+00
0.000000000000000000e+00
5.742004915987308777e-08
1.037323045238736086e-06
0.000000000000000000e+00
2.468440918335090828e-08
0.000000000000000000e+00
4.724160618252426502e-09
2.879108729203494477e-09
6.667719265607274792e-09
5.597005969804058623e-09
3.022655903350823792e-08
4.430011045497561639e-12
2.256139453038485954e-08
3.067119180855115701e-08
7.359824305552820078e-09
9.989570770585487480e-08
1.017452575524657732e-07
8.676112770444888156e-07
6.510485484056971472e-09
3.754716981774208762e-09
2.999529069569462081e-09
4.114819063261165866e-08
3.056702391202037461e-10
6.355360682164246100e-09
1.277566852309064416e-08
8.203721257871166017e-09
5.837479388759447829e-10
0.000000000000000000e+00
9.010273430143378448e-12
3.567395934211958775e-09
1.396633564354488044e-08
4.098457684342804441e-10
1.267681426497802022e-07
4.535136497452185722e-07
1.151094863871549023e-07
3.365465239824061427e-09
1.789972725596555847e-09
8.937220030702519580e-08
2.685241362598844717e-09
0.000000000000000000e+00
2.527292735976516269e-06
0.000000000000000000e+00
1.391468096301196056e-08
0.000000000000000000e+00
2.715625502247576151e-09
0.000000000000000000e+00
5.785952161829754914e-09
0.000000000000000000e+00
0.000000000000000000e+00
2.275138744067817242e-09
0.000000000000000000e+00
0.000000000000000000e+00
1.627907947332474237e-10
3.212832325516501442e-06
8.537024420718353213e-09
3.562000916446095289e-09
0.000000000000000000e+00
7.227536347187424326e-09
5.032265715243511295e-09
2.103073049042336606e-09
7.956146852450274309e-10
0.000000000000000000e+00
7.638447208080378914e-09
2.822561953053082107e-07
5.314949813595148953e-09
2.016283588091027923e-06
7.862743345299350040e-09
9.031523084956916136e-09
1.125899729004231631e-07
2.136040233580160930e-09
3.766386313941438857e-09
5.492862831246725364e-10
7.761733478162113897e-09
1.545810590641849558e-08
6.286370989982970059e-06
1.683311552369559649e-07
2.944318788777877671e-09
1.088866952159150969e-07
6.712806310815722100e-09
1.250936909613642456e-09
2.780810954769452614e-12
1.468952888217245345e-07
0.000000000000000000e+00
6.497338222999360369e-09
0.000000000000000000e+00
1.392252840792806978e-10
1.054870857331025036e-09
5.340470288217602501e-09
1.769296659404062666e-06
5.638504063654181664e-08
2.711285196355106564e-09
5.215516352130578071e-10
0.000000000000000000e+00
4.812137799348192857e-09
8.817258034810038225e-09
1.399386856393292078e-10
4.518670948527869768e-08
1.630228868565453126e-10
1.258148785154844518e-07
3.259921399489940086e-08
4.847777859140478540e-07
4.323244411352789029e-07
2.245146468737857504e-08
3.930322178824496859e-10
5.126161273238949434e-09
2.231045499456740799e-07
0.000000000000000000e+00
0.000000000000000000e+00
0.000000000000000000e+00
0.000000000000000000e+00
0.000000000000000000e+00
1.036657537589746880e-09
0.000000000000000000e+00
8.785648653031330468e-09
4.813422265215194784e-07
8.691591196763326366e-11
7.069602681042397307e-09
4.990940105642494018e-09
0.000000000000000000e+00
0.000000000000000000e+00
0.000000000000000000e+00
0.000000000000000000e+00
5.999416519131273162e-09
1.009215750968905922e-07
0.000000000000000000e+00
5.851642725929195876e-09
1.059179463970896795e-13
0.000000000000000000e+00
0.000000000000000000e+00
1.978049279927063253e-09
2.061703474609544173e-09
0.000000000000000000e+00
0.000000000000000000e+00
0.000000000000000000e+00
3.900610057172571032e-09
0.000000000000000000e+00
1.061131113533342329e-10
0.000000000000000000e+00
0.000000000000000000e+00
2.691961924483621260e-07
9.473366535672766986e-10
0.000000000000000000e+00
0.000000000000000000e+00
4.922402929707914154e-09
0.000000000000000000e+00
1.219486344588086024e-13
4.722828794712086165e-10
6.033713528807993498e-09
1.883701195026787900e-09
9.086440933003814280e-09
5.660092483594780788e-08
2.623038319882198266e-08
0.000000000000000000e+00
8.198615120136309997e-10
0.000000000000000000e+00
0.000000000000000000e+00
2.250316555318931933e-08
1.901678398086303901e-10
8.973823462099517201e-09
6.823165143998721760e-09
1.641769742377618968e-08
0.000000000000000000e+00
0.000000000000000000e+00
2.293779832740483471e-09
0.000000000000000000e+00
0.000000000000000000e+00
2.989828870592070587e-12
0.000000000000000000e+00
0.000000000000000000e+00
0.000000000000000000e+00
2.420682543302632439e-09
1.110891587052798002e-10
0.000000000000000000e+00
1.048202635800521421e-09
0.000000000000000000e+00
0.000000000000000000e+00
0.000000000000000000e+00
1.914253866530657433e-09
3.980708651596387426e-09
4.495898320300284468e-09
8.667456974364995403e-09
9.639501419300700036e-10
1.916119174438790651e-07
5.525423674157536880e-09
5.861784870830888394e-07
3.161106576499150833e-08
4.023261279684220426e-09
1.214007397720706649e-06
9.926885979893995682e-09
1.198632958221423905e-06
4.517594049957551761e-07
5.442569062097390997e-09
4.184357180747610983e-07
8.674344087467034115e-08
1.932713900032467791e-08
2.792586144551023608e-07
6.618384418288769666e-08
1.167319254591347999e-07
1.627267431913992368e-09
1.096013193091494031e-06
1.190001285067410208e-06
2.282622091343000648e-07
8.624290726011452080e-10
7.728008313279133290e-07
6.352578196811009548e-08
1.433055331290233880e-06
2.201496052123275149e-08
1.112866954144919873e-08
5.030248075854615308e-07
9.282757673645392060e-08
2.006905086560095697e-09
5.369880682337679900e-07
7.875056326156482100e-06
1.005391325747950759e-07
9.941952612280147150e-07
9.849119351201807149e-07
9.492269192890034901e-09
1.041375607968575423e-08
2.057463782678681241e-10
1.927104875676377560e-08
6.596335477837556027e-09
1.964522908792787348e-07
9.568235554979764856e-07
4.827471684620832093e-07
2.183517544551705214e-08
1.002445856101985555e-06
8.703488418859706144e-08
8.531710449233287363e-08
1.081408527170424350e-06
6.952549114203065983e-08
0.000000000000000000e+00
2.561802858735973132e-08
5.439317263267184899e-08
3.324664632486928895e-08
2.391922748756769579e-07
5.545974772758199833e-07
3.355326896326005226e-07
1.407617222781709643e-08
5.574118500106806096e-09
4.739196413083845982e-08
3.549457971985248150e-08
2.873279925097449450e-07
6.762542525962089712e-09
2.550778219756466569e-07
1.227392800728921429e-07
2.726601522340388328e-08
3.218579180952474417e-08
0.000000000000000000e+00
7.794243117587029701e-08
9.115696997241684585e-08
2.130599341398919933e-07
2.876098051274311729e-06
4.827368019211242256e-11
1.386849930895550642e-06
1.186691278576290642e-07
1.445517483489311417e-07
2.154010871890932322e-07
0.000000000000000000e+00
9.087912644645257387e-08
1.550840122988006442e-09
1.760873002965013256e-09
5.075494868833629880e-08
5.398952751534125127e-08
1.629538459724244603e-08
0.000000000000000000e+00
0.000000000000000000e+00
0.000000000000000000e+00
0.000000000000000000e+00
6.063322288696326723e-09
0.000000000000000000e+00
0.000000000000000000e+00
0.000000000000000000e+00
0.000000000000000000e+00
0.000000000000000000e+00
8.596724221376916830e-09
0.000000000000000000e+00
2.737655479916056844e-13
0.000000000000000000e+00
0.000000000000000000e+00
0.000000000000000000e+00
0.000000000000000000e+00
4.155941424333065015e-10
0.000000000000000000e+00
0.000000000000000000e+00
0.000000000000000000e+00
7.349760835495544598e-07
0.000000000000000000e+00
0.000000000000000000e+00
0.000000000000000000e+00
6.410073893903245335e-08
1.903816126969104516e-08
2.125398168573155999e-07
2.045810465478581364e-10
8.620013147719873814e-09
6.562364429640865637e-09
5.741685527027584612e-08
1.523354775656571292e-08
1.431408946928058867e-07
0.000000000000000000e+00
1.238169289319301924e-10
3.815526117278977836e-09
4.516800711229507215e-09
3.548087690319334797e-08
9.550835677885061159e-09
4.521083596387143189e-08
1.628090197380860360e-11
1.005141825771715958e-06
6.854087075680581620e-09
3.124052572189839339e-09
3.204159382264037959e-09
0.000000000000000000e+00
1.482471367886262215e-09
5.822287096890477187e-11
3.792877407704509096e-07
1.066093432200432289e-06
2.465995407874288503e-07
4.901493877440543656e-09
0.000000000000000000e+00
0.000000000000000000e+00
0.000000000000000000e+00
0.000000000000000000e+00
9.072161688550295366e-09
0.000000000000000000e+00
4.924423979701941789e-09
6.109335259907311411e-09
9.315978104496025480e-07
7.078466701671004557e-09
4.961965416327984713e-08
0.000000000000000000e+00
1.536663916112956940e-07
2.103425345012510661e-07
0.000000000000000000e+00
0.000000000000000000e+00
3.859573549647166146e-09
3.619448074587694464e-09
1.824020728236064315e-06
0.000000000000000000e+00
9.397006728306678269e-09
0.000000000000000000e+00
0.000000000000000000e+00
2.556503204687032849e-07
0.000000000000000000e+00
0.000000000000000000e+00
1.510474634258685001e-09
2.839353863137716871e-09
0.000000000000000000e+00
4.899989303197571644e-10
1.521725967457143724e-09
0.000000000000000000e+00
7.812782421012798295e-09
1.793225656854247063e-08
2.576702762269178493e-08
4.483936422161605151e-08
1.772239528463614988e-07
1.719946318701204291e-08
1.391467219225006602e-10
1.293280593728241001e-09
4.771486601384822279e-07
5.009266335065376552e-09
8.539064566548404400e-09
0.000000000000000000e+00
0.000000000000000000e+00
1.610696642728726147e-08
5.499484756477102110e-10
2.308484603474880714e-08
9.738982065243817487e-09
0.000000000000000000e+00
7.897583031990507152e-09
2.320208247752475472e-09
7.005130364667877529e-10
1.079740918896732182e-08
0.000000000000000000e+00
1.115530168238620945e-10
5.580759989243233576e-06
1.651230377319734544e-06
2.041282868958660401e-06
4.863193680648691952e-06
2.949753479697392322e-06
5.734049182137823664e-07
5.200150212658627424e-07
1.792399757505336311e-06
9.070520832210604567e-07
2.223452611360698938e-06
3.009251713592675515e-06
1.744056817187811248e-06
3.858012405544286594e-06
2.752629825408803299e-06
1.811576339605380781e-06
1.426225480827270076e-06
2.558639152994146571e-06
8.798967314760375302e-07
2.332026951989973895e-06
1.370013364976330195e-06
1.957365157068124972e-06
2.871176548069342971e-06
1.520926389275700785e-06
1.222362584485381376e-06
8.699818181412410922e-07
3.605240408433019184e-07
1.621925918016131618e-07
1.951033823388570454e-07
2.592105374787934124e-06
1.665578338361228816e-06
3.312480316708388273e-07
8.300982817788238322e-11
4.151989685396983987e-07
6.201632345437246840e-07
1.944034124790050555e-07
5.007243952803719367e-09
6.427888365578837693e-06
1.734964030219998676e-06
5.642591816013009520e-08
1.566186824675241951e-07
2.876078042390872724e-06
8.233047879002697300e-07
1.913831056299386546e-06
9.763306252352776937e-07
7.225569902402639855e-07
6.564652267115889117e-06
1.253220261787646450e-06
8.985530257632490247e-06
1.029967165777634364e-06
1.850714284046262037e-06
2.983960484925773926e-06
8.628522891740431078e-07
1.766482569109939504e-06
9.137759775512677152e-07
2.745976189544307999e-06
1.405958073519286700e-06
1.529342625872232020e-06
2.183998731197789311e-06
2.133304178641992621e-06
1.549644707665720489e-06
7.756690365567919798e-07
3.537350607984990347e-07
5.367028848013433162e-07
3.231760956623475067e-06
3.386301386854029261e-06
4.426657085332408315e-08
2.799002345454937313e-07
5.147572590402660353e-09
6.873373337157318019e-08
2.299013431183993816e-06
9.517739130160407512e-08
1.754434606482391246e-06
2.102408643622766249e-06
2.239992682007141411e-06
3.497586249068262987e-06
5.183776465855771676e-07
2.524259059555333806e-07
1.829188711610640894e-08
1.913798399755251012e-07
3.755706643460143823e-07
2.261923782498342916e-06
2.754578645181027241e-07
6.249837269933777861e-07
5.008772632209002040e-07
1.152175514107511844e-06
8.659828836243832484e-07
7.630806635461340193e-07
2.772972720777033828e-06
3.648429336422509550e-09
1.961602947631035931e-06
9.745161833052407019e-07
7.374796329173705089e-09
8.398070008297509048e-07
3.624739406404842157e-07
4.255321428559000196e-09
1.358176291432755534e-06
3.079626651469880017e-07
3.720757149494602345e-06
1.239939820152358152e-06
4.099615580344107002e-06
1.332507622464618180e-06
1.745932081576029304e-06
8.564996278437320143e-06
4.974368494004011154e-06
6.524994660139782354e-06
1.294627736569964327e-06
2.035089039509330178e-07
1.024365587909414899e-06
5.645961209665983915e-06
9.906244713420164771e-07
2.651455815794179216e-06
2.476721476796228671e-07
9.244067769031971693e-07
5.220561888563679531e-06
4.675359832617687061e-07
4.857706699112895876e-07
9.936078640748746693e-06
9.114487831141104834e-09
7.510706012681112043e-08
1.572480755385186058e-06
1.263949389596064066e-08
3.282023897099861642e-07
1.324791725210161530e-07
1.025006326926813927e-06
3.559533183761232067e-07
0.000000000000000000e+00
6.225477022780978587e-08
4.369018036243232928e-09
2.597716388663684484e-07
1.057800105286332837e-07
1.302191918739481480e-07
9.025668212814252911e-09
2.364901320106582716e-06
6.090134174741024253e-09
4.703542344941524789e-06
1.119870751686846688e-09
7.425346448819425405e-10
5.938898084423271939e-08
3.663007532850315329e-07
3.341878880291915266e-07
1.527155575331562432e-07
6.126679608087215456e-09
1.534649527457077056e-06
2.078136958516552113e-06
1.862521116891002748e-06
1.482635639149521012e-06
1.390790885125170462e-06
1.271425276172521990e-06
6.887056770210620016e-06
1.265604169020662084e-06
9.095486461774271447e-07
6.156839162940741517e-07
2.037784270214615390e-06
3.203698952347622253e-06
2.967090495076263323e-06
1.134801209445868153e-06
2.473068661856814288e-06
7.460635970346629620e-06
2.785570359264966100e-06
1.381464016958489083e-06
1.940716032322598039e-07
4.325536373528393597e-09
7.078178896335884929e-06
0.000000000000000000e+00
1.185542828352481592e-07
0.000000000000000000e+00
3.187846004948369227e-07
3.535889391059754416e-06
0.000000000000000000e+00
1.038946848552768643e-07
4.536235849172953749e-07
2.494787736395664979e-07
6.431370707105088513e-07
1.779676210844627349e-07
1.388761120324488729e-06
1.508796117377642076e-06
4.966141204931773245e-07
3.208971861567988526e-07
0.000000000000000000e+00
5.189459670873475261e-07
1.550725272636555019e-07
4.979065693078155164e-08
8.794749817297997652e-08
0.000000000000000000e+00
0.000000000000000000e+00
0.000000000000000000e+00
1.856975906378011132e-08
5.774963938165456057e-07
2.146267874536533782e-08
6.663680096608004533e-08
0.000000000000000000e+00
8.416532359944994823e-09
1.820751276682130992e-05
4.613602015979267890e-07
4.440659324700391153e-07
0.000000000000000000e+00
1.209657398248964455e-06
3.421554765736800618e-06
2.890117912102141418e-06
1.334814555775665212e-06
2.020756483034347184e-06
3.432881385379005224e-06
3.732933009814587422e-06
1.146648401118000038e-06
1.968887545444886200e-06
1.002201656774559524e-06
2.689075472517288290e-06
6.211717504811531398e-07
5.271198588729930634e-08
4.693236022035307542e-08
2.546449650253634900e-06
1.993231308006215841e-06
4.432688911037985235e-06
5.418623004516121000e-06
5.550863590997323627e-08
4.112091573915677145e-06
4.469739280921203317e-07
7.174742790994059760e-07
7.677636517655628268e-07
6.353835715344757773e-07
4.003568143673419399e-09
1.747205402580220834e-08
1.610018607323127071e-08
1.992300013853309792e-07
8.955887587092092872e-09
1.315550406388865667e-07
2.714576226026110817e-07
1.919643608516707900e-07
2.561141343448980479e-07
1.940427694080426591e-07
5.153140136826550588e-07
0.000000000000000000e+00
1.944616734306237049e-08
1.315880382435352658e-08
2.182981546638984582e-07
6.046339422027813271e-06
3.518282198911037995e-08
4.665772394218947738e-06
2.791086899378569797e-07
9.304149450883869577e-09
1.419981856543017784e-07
8.379719140805264033e-09
7.732315907560405321e-07
8.862717670865549735e-09
2.101223117279005237e-06
8.253452143947015429e-09
1.250246413064814988e-07
2.664262979124032427e-07
9.877550155579228885e-07
1.302763052990485448e-06
2.549692453612806275e-06
1.099277710636670236e-06
2.246041049147606827e-06
1.499343056821089704e-06
4.982077257409400772e-07
4.278301275917328894e-06
3.828401077043963596e-06
2.075055363093269989e-06
1.218067382069421001e-06
5.523024810827337205e-06
1.551483364892192185e-06
4.698721113527426496e-06
2.732405391725478694e-06
6.387965186149813235e-06
1.985523113035014831e-06
1.001539772005344275e-06
3.709371014792850474e-07
3.068274452289188048e-07
1.872880375231034122e-06
8.521552672391408123e-07
1.605433908480335958e-06
2.550353656260995194e-06
0.000000000000000000e+00
0.000000000000000000e+00
1.425548020961286966e-06
4.164332949585514143e-07
5.079573384136892855e-07
7.641602337571384851e-07
4.661972070607589558e-06
2.822450717587798863e-09
2.292694212258084008e-08
4.244925833063462051e-08
7.965059921843931079e-06
1.030337784868606832e-06
8.495044312439858913e-07
9.797968658631361905e-08
1.742609697430452798e-06
1.912546395033132285e-06
1.389003500662511215e-06
8.446876620382681722e-08
8.245317317800981982e-09
0.000000000000000000e+00
2.086269887513481081e-06
1.633983174542663619e-06
2.322975092283741105e-07
2.805476206901857950e-08
1.356469056190690026e-06
7.578737950098002329e-06
3.360282562425709330e-06
7.134993325053073931e-07
6.038318588252877817e-06
4.041193278681021184e-06
2.258687345602083951e-06
1.270923121410305612e-06
2.894807494158158079e-06
4.147311301494482905e-06
1.649978116802230943e-06
8.786273610894568264e-07
0.000000000000000000e+00
0.000000000000000000e+00
0.000000000000000000e+00
0.000000000000000000e+00
0.000000000000000000e+00
0.000000000000000000e+00
1.498941287536581513e-06
0.000000000000000000e+00
0.000000000000000000e+00
4.975386769245915275e-09
0.000000000000000000e+00
0.000000000000000000e+00
1.735809973979485221e-06
0.000000000000000000e+00
0.000000000000000000e+00
3.789604079429409467e-06
0.000000000000000000e+00
1.805713623070914764e-06
6.532390184332825811e-09
0.000000000000000000e+00
5.640416134156112093e-07
0.000000000000000000e+00
0.000000000000000000e+00
0.000000000000000000e+00
0.000000000000000000e+00
0.000000000000000000e+00
5.787553547520474240e-09
6.525129720102995634e-06
