1.022040621023734275e-07
2.011238393606618047e-06
1.083554224123872700e-07
5.287864013325815904e-08
7.552369396535141277e-09
2.670326360032504454e-08
2.603631443776066590e-08
1.937415916586360254e-08
2.355643147211594624e-07
8.480128599330782890e-07
9.178610760329775076e-09
1.637355467209999915e-06
6.955602202651789412e-06
2.037560733469945262e-07
6.163357824107151828e-08
3.484346491888778985e-12
6.498686389022623189e-07
3.823976690853214677e-09
8.480501492158509791e-07
7.763680969219421968e-07
1.398689875031777774e-08
3.732374054266074381e-08
0.000000000000000000e+00
1.293547484237933531e-06
1.360343038214750777e-08
0.000000000000000000e+00
2.577407087756000692e-07
2.933061068688402884e-06
2.173178927478147671e-06
7.225350600492674857e-06
2.700009815725934459e-07
1.170647465187357739e-06
2.473369931976776570e-06
4.817008630197960883e-06
1.832060547712899279e-06
2.736457645369227976e-06
1.168719700217479840e-05
4.415933929635684763e-08
2.020831061599892564e-06
8.833789877371600596e-08
5.763764647781499662e-07
1.040924431094936153e-07
5.083413270767778158e-06
5.140995654073776677e-06
1.366396759294730145e-06
1.246464307769201696e-05
3.052599595321225934e-08
7.810210149727936368e-07
1.781286641744372901e-06
8.563054620935872663e-08
2.375081820105151564e-08
1.378279179675701016e-08
1.542364032047771616e-07
2.226990289955210756e-07
1.130189684772631153e-05
1.860414727161696646e-06
1.025065739668207243e-05
1.930714965681090689e-08
2.761078576440922916e-05
5.157313353265635669e-05
2.540854666222003289e-06
2.908130682044429705e-06
1.664470232753956225e-06
6.374281383614288643e-06
6.989805001467175316e-08
2.937111503342748620e-06
5.760676685895305127e-06
2.704772157358092954e-07
3.319978304716642015e-06
7.225801255117403343e-07
1.033349235513014719e-06
1.320915657743171323e-06
1.436331240256549791e-05
2.666558975761290640e-05
7.990162487203633646e-08
5.636323763269501796e-08
2.868629508157027885e-06
9.577382115821819752e-06
9.831271796656437800e-08
6.568643016180431005e-07
3.745182539205416106e-06
6.330385531327920035e-06
1.510908532509347424e-06
7.606143981320201419e-07
3.745615686057135463e-06
1.716109909466467798e-05
6.102867246227106079e-06
4.768121470988262445e-06
3.358171625222894363e-06
1.862499402704997919e-06
8.738153155718464404e-06
3.996777195425238460e-06
5.426146572062862106e-07
8.133775253327257815e-08
2.073421683235210367e-06
2.935731117759132758e-06
1.551469722471665591e-05
3.576983317543636076e-06
2.737866680035949685e-06
6.765211765014100820e-06
2.072431470878655091e-06
1.604146564204711467e-05
4.251256996212759987e-06
1.254830976904486306e-06
4.964088930137222633e-06
3.110992793153855018e-06
1.246825149792130105e-06
2.753514127107337117e-05
6.114916004662518390e-07
2.309295632585417479e-05
4.941220140608493239e-06
3.175116034981328994e-06
1.147518787547596730e-06
7.606855888298014179e-06
2.360090775255230255e-06
2.638636942720040679e-06
7.859223387640668079e-07
9.059061994776129723e-06
3.212529009033460170e-06
3.631080062405089848e-06
9.167848702418268658e-07
3.727387593244202435e-06
4.781409643328515813e-06
2.174533847210113890e-06
2.731399717958993278e-06
1.491752300353255123e-05
1.580108983034733683e-05
2.097229980790871195e-06
2.329978769921581261e-06
5.042489647166803479e-06
1.299566520174266770e-05
2.338419413661085855e-08
1.602825072666291817e-08
6.212713287823135033e-06
5.298042538015579339e-07
5.599806840450582968e-09
8.383394600741667091e-08
6.010917786625213921e-06
6.137116201898606960e-07
4.835119415957933597e-09
2.099898033236513584e-08
2.704335777536925889e-08
6.701245780504905269e-08
6.217090842142170004e-09
4.312863438826752827e-06
7.321801387405457717e-09
9.226845918419712689e-07
1.529309429315617308e-06
1.212614552059676498e-05
5.608371100862541425e-09
1.905754174913454335e-06
9.740276141201320570e-08
5.098050905871787108e-07
1.429869485036761034e-06
2.274535404467314947e-07
5.709769652639806736e-07
1.037014317262219265e-05
7.389340908048325218e-07
2.260245679508443573e-07
4.253518454788718373e-06
3.734588744919165038e-07
2.492427029210375622e-07
2.728790349237897317e-08
7.656488776319747558e-09
6.816800350861740299e-07
2.340260607525124215e-08
1.134432352500880370e-07
3.761853577088913880e-06
1.244301301994710229e-06
8.962454955963039538e-08
1.006287231319902276e-08
4.765264748129993677e-06
1.918632506203721277e-06
1.443049502114490679e-08
7.225824383283452335e-09
3.470786168691120110e-06
4.674899628298589960e-06
5.960679914096544962e-07
7.719497957525689458e-11
6.862901358317685663e-08
1.029218879011750687e-06
1.747702071952517144e-06
4.235608344060892705e-07
7.471602998521120753e-07
1.443566361558623612e-05
2.496913111826870590e-06
8.918038219007939915e-08
2.084130379387261200e-08
2.413842594251036644e-06
1.913674374520724086e-08
8.637631481178686954e-07
2.171805817852145992e-06
4.705779588221048471e-08
7.322152217881239267e-09
3.869133706757565960e-06
4.382260669899551431e-07
1.882378683148999698e-06
8.308722954097902402e-07
6.709526712000979387e-09
6.581058755728008691e-07
3.442122533670044504e-06
5.364279900277324487e-07
7.793514100740139838e-07
2.530617138063462335e-08
1.204803083965089172e-06
1.723833338473923504e-05
1.178926595457596704e-06
1.044280679707298987e-07
4.620413562861358514e-07
1.568530706208548509e-06
1.605696525075472891e-05
3.326082833154941909e-06
7.837681614830671606e-09
4.866900781053118408e-06
1.615712221791909542e-07
6.592015324713429436e-07
1.042798558614776994e-08
3.221905586769935326e-08
1.212667388728050355e-08
4.568640576962934574e-07
9.375339615758093714e-09
3.813738214120121484e-09
2.557825595772555971e-08
6.104796224093433921e-09
1.631453017125750193e-08
6.092194304585518694e-09
7.906444920990907121e-07
8.932461810218228493e-07
1.438726599189976696e-06
2.285770960952504538e-06
6.784497372791520320e-07
2.015188460546823990e-09
0.000000000000000000e+00
2.688770166514586890e-07
1.671037352934945375e-08
2.222089873216148703e-10
1.145650685430155136e-06
1.084597442968515679e-05
4.684231669216387672e-09
2.478651950355015288e-08
1.709733865595808311e-08
5.160281489224871621e-06
5.678203706338535994e-06
5.962395022152122692e-08
2.968442686324124224e-06
2.131219162038178183e-06
2.003430843444675702e-08
4.272789677628452409e-09
2.463977910593939669e-09
4.654559404571045889e-08
1.485680822810309110e-08
2.126397617985276156e-07
1.884537823571008630e-06
6.301115718088112772e-07
1.898910362285732845e-08
1.275222150098898055e-08
1.635393005017249379e-06
1.328507778453058563e-06
2.140600514621837647e-07
4.015807686386096975e-09
2.352144747419515625e-06
5.094528798821329474e-09
8.849119694787077606e-07
5.450192475109361112e-06
1.505360813780498574e-07
0.000000000000000000e+00
2.986410549965512473e-07
1.198163090521120466e-06
4.473789886105805635e-06
2.928938158675009618e-07
9.760736219277532655e-09
1.365334156844255631e-07
1.086427090513097937e-07
2.666039122800611949e-08
3.867516973343754216e-09
1.254780901405183613e-08
8.835614906388400414e-09
4.874949354416457936e-06
1.104924720607414201e-07
1.479484808442066424e-06
1.741527477783222366e-09
2.002422938574000000e-08
1.736206172608945053e-06
7.047329290799098089e-06
0.000000000000000000e+00
6.784479200661053255e-09
3.315818958071758971e-06
3.105763646260584210e-09
3.947362756662187167e-07
3.254318983181292424e-07
4.697228717098766992e-11
3.995917722932063043e-06
8.379512109968345612e-06
3.168598254887911025e-07
3.277684967883942591e-08
4.615953628217539517e-07
1.224561856361106038e-07
1.171350092477041471e-07
0.000000000000000000e+00
1.903315727247445466e-08
2.478680471540428698e-06
3.946166948765039706e-09
9.975011039387027267e-09
2.639780859681195579e-06
6.685548781248940031e-10
8.473340784576066653e-08
1.275418437529651783e-08
5.883820222152280621e-07
1.398865663304604823e-07
2.431515326861699577e-07
1.697884613349742722e-06
4.787407359430062570e-09
5.575258001044858247e-06
0.000000000000000000e+00
1.623278535589633975e-06
0.000000000000000000e+00
2.250682911153489840e-07
1.357341616881058144e-08
2.830155835908954032e-06
0.000000000000000000e+00
0.000000000000000000e+00
0.000000000000000000e+00
7.072991365930647589e-07
1.112012313342347625e-07
6.478074965343694203e-08
1.110356073752427619e-08
1.243357559133073664e-07
4.364866072137374431e-06
1.513451408641230955e-08
3.193592590378102614e-07
4.630662260751705617e-06
3.808954573969458579e-08
3.573967788383924926e-08
1.718429530228604563e-06
5.073954034706673610e-10
1.531805935428565135e-07
9.295497704897570657e-09
1.765148582855147197e-09
5.616316656187336775e-08
1.053663751804378990e-07
3.258634251324110664e-06
1.379220915254109059e-08
2.879586872950312681e-06
2.170030938941636123e-06
8.988031368062365800e-07
1.243029601027956232e-06
3.195924636045788247e-09
4.943544240632036235e-07
2.738335247443046683e-08
6.804530716664203283e-09
7.130074095584859606e-07
1.135412048824946396e-06
3.655546549907739973e-07
4.034289702303794911e-07
3.905633434442279395e-07
1.136339164986566175e-06
6.086258164117452907e-10
3.368626977362509933e-08
3.441735998421791010e-07
1.594011109773418866e-07
3.447320864324865397e-07
3.706031748151872307e-07
3.057610697965174040e-08
5.820903936637478182e-08
2.565065187809523195e-06
2.428591585612593917e-07
0.000000000000000000e+00
2.974358759288975307e-09
6.397243623723625205e-08
1.029741447666765453e-08
3.462225395267637396e-09
5.133008471602806821e-07
0.000000000000000000e+00
1.978998852791846730e-06
2.460402811266249046e-06
1.092458205675939098e-06
0.000000000000000000e+00
4.483885732042836025e-06
1.071134420271846466e-06
2.434656989902528323e-11
0.000000000000000000e+00
2.970356945297680795e-06
0.000000000000000000e+00
6.768551884306361899e-06
2.291812506882706657e-06
4.475805681636302324e-08
1.170261443306230831e-09
4.707847836016298970e-07
2.283544020542649378e-08
0.000000000000000000e+00
7.034453020082764851e-10
0.000000000000000000e+00
0.000000000000000000e+00
1.380870031653103069e-07
2.112776883222977631e-06
2.534131908760173246e-07
6.067500635253963992e-07
1.785137726528773783e-07
1.803000145628175233e-06
3.553540636858087964e-06
1.849005615284227133e-09
3.926918452634708956e-06
6.977270459174178541e-07
1.059085974475237890e-07
2.427561485163209909e-09
8.421265462743576791e-09
7.334812757164854702e-09
6.002560894557973370e-06
1.444915831427806552e-08
1.215720288882948807e-07
2.348010639252606779e-07
6.748816172574834127e-09
3.465826523552095750e-07
4.028543116874061525e-06
1.352699428025516681e-07
9.714243560665636323e-07
8.861858447062331834e-08
4.413668008851345803e-08
8.057852163290135650e-10
3.414089011499754633e-09
3.649757474022408132e-08
6.674720509636244969e-08
1.525536163171636872e-06
0.000000000000000000e+00
8.295183420159446541e-07
4.696708799656335032e-07
5.835393057651572235e-09
1.078458033987317322e-08
6.372667940013343468e-07
1.564432182021846529e-06
1.209942638524807990e-06
5.746492206526454538e-07
7.130893098228341387e-10
4.568052158759883241e-09
1.353611089882633678e-08
1.805123019948950969e-06
1.502847624124115100e-07
1.123482107345807890e-07
7.062280928948894143e-07
5.721180514228763059e-06
6.156894869491225109e-06
5.019203399569960311e-07
3.965704564734551241e-08
2.730883852386511990e-10
1.862520271345147194e-08
0.000000000000000000e+00
0.000000000000000000e+00
1.034636110119890873e-08
7.000620135672042110e-12
0.000000000000000000e+00
1.663582224864512682e-06
2.310497349000684153e-09
9.365961339824480092e-09
1.008397898516477653e-08
5.747561999669414945e-07
1.577303088140524778e-08
1.232653659144489211e-07
6.489940140852468176e-09
3.460419293332961388e-07
8.319415911728356150e-08
7.408915081441591610e-08
5.055915131002564067e-10
2.978781822093878873e-06
0.000000000000000000e+00
0.000000000000000000e+00
0.000000000000000000e+00
0.000000000000000000e+00
0.000000000000000000e+00
9.877254569801152684e-09
0.000000000000000000e+00
3.957741157023519918e-08
0.000000000000000000e+00
8.448903798807805288e-10
0.000000000000000000e+00
9.731973449333963799e-09
2.316606213526029023e-07
9.968052836484275758e-07
2.906415108583360052e-10
2.103874066960997880e-06
1.373732683163098045e-08
0.000000000000000000e+00
2.528136064938735217e-06
0.000000000000000000e+00
2.744294791412471568e-09
5.268863105811760761e-07
5.531463642682865611e-08
4.279702068288315786e-07
7.715155447840515990e-08
4.088479670372180408e-07
2.629404471932161869e-09
5.599874786099690027e-09
5.116678636341021047e-09
9.182750670966299822e-10
8.535632218809041660e-07
7.058417139660377870e-08
4.069221631652908400e-06
7.563922821418600506e-09
4.528204478049246973e-09
3.875969767364040308e-09
1.028405804959220404e-07
7.568950799452522915e-09
4.843706591373120318e-08
0.000000000000000000e+00
8.835068001644685864e-07
1.059297538574810460e-08
4.597794500682539365e-08
3.575808250388945453e-06
7.158179755606397521e-07
8.720631740288808942e-06
2.917887620412784599e-08
2.628442175023337768e-08
4.299799911677837372e-07
1.358660938421962783e-06
5.994821776766912080e-07
4.407096465541826547e-09
2.064545895352765115e-10
2.594157999524782099e-09
5.866021979272773024e-07
1.417675889570091385e-06
6.769496962988341693e-07
1.070403143899056886e-08
3.511754442797609954e-08
3.011757243598367495e-08
1.980306940652099001e-08
1.637538673548988299e-07
1.183920694813878072e-08
0.000000000000000000e+00
1.976990349206175779e-09
9.545098045293798350e-09
6.549972113134572282e-06
2.895853299378359225e-07
1.068562838213438226e-07
3.818990401693866943e-10
2.026234824370476417e-07
4.902975359044603465e-09
8.886606117641804303e-09
0.000000000000000000e+00
0.000000000000000000e+00
2.394991982512806317e-09
2.795561004909075109e-10
0.000000000000000000e+00
7.762021709822874982e-07
7.875376795141164621e-09
2.618388006414562597e-10
6.941562602502671098e-11
1.831734319779343423e-09
0.000000000000000000e+00
8.550187544642540161e-07
0.000000000000000000e+00
9.484246277224883670e-09
2.436559398688586953e-08
1.289707370233372785e-06
0.000000000000000000e+00
7.041531802087774849e-09
1.390702379922004184e-07
3.674692152344505303e-06
3.139474813451670343e-07
7.361730240518227220e-06
9.676118573054282024e-09
0.000000000000000000e+00
1.343595113639795002e-11
6.611518887922329668e-09
2.736592819019278977e-07
6.332212251436430961e-06
5.336958608381792146e-08
1.047239006624067770e-08
5.605828246046939967e-09
3.376999657689339074e-08
1.741088340168062132e-08
7.944337880871898960e-07
2.834275107943540206e-07
4.857056978835316841e-07
6.064989399590103858e-09
2.545538713150108379e-08
3.690611904971774493e-08
0.000000000000000000e+00
3.893859457093640231e-09
2.310875713007476406e-09
1.076733838090149220e-06
1.274058369915564981e-08
8.179622312809442519e-09
3.991931762925560179e-08
3.812471959463437088e-06
4.778118878334680630e-08
2.413895572317414917e-08
6.730251911335471959e-09
2.770842911559157073e-06
4.404967057780595496e-06
1.305354828673443990e-07
2.932048914772167336e-07
7.534788792895596998e-09
1.178858610728639178e-08
1.293232720911419165e-08
1.320876030774797982e-08
2.731088244445345481e-09
5.188294932567671935e-11
5.039021289121592417e-08
7.330339446554035021e-09
1.158014750757274669e-08
2.723397187764931004e-07
4.188507034541544272e-07
4.833181037611211650e-07
0.000000000000000000e+00
7.112116122698353138e-07
4.133529273531166837e-06
3.233954203096800484e-06
0.000000000000000000e+00
2.900374829195584425e-09
1.194829337691771798e-06
0.000000000000000000e+00
2.012360056369288941e-07
1.907889846108901111e-09
2.930145459600907998e-09
1.077906386370841574e-08
3.174728135491022840e-06
7.606591800879414222e-09
0.000000000000000000e+00
0.000000000000000000e+00
0.000000000000000000e+00
6.243442429720857945e-10
3.740013188036073188e-09
9.700749536989405897e-09
7.238395660635887907e-09
3.098781746757595101e-07
1.691633144673687639e-07
2.859164016655313389e-09
1.302513319423326266e-09
3.136022108662928076e-09
1.790766503972918144e-07
1.093098589421970246e-08
2.726395109675650019e-09
9.458412719709485827e-09
3.000573371991777094e-07
3.714753120220848359e-06
9.926342272592592053e-07
4.900888583847518021e-08
8.134411899618498865e-08
1.660437831674244080e-08
0.000000000000000000e+00
0.000000000000000000e+00
5.670874436702888488e-09
0.000000000000000000e+00
0.000000000000000000e+00
3.667150610953129330e-11
0.000000000000000000e+00
2.226702200402996823e-08
6.062097668291244190e-07
1.867866217253322247e-07
0.000000000000000000e+00
0.000000000000000000e+00
3.214958577135718087e-10
4.407074705170543893e-09
1.430489754428165838e-11
0.000000000000000000e+00
0.000000000000000000e+00
0.000000000000000000e+00
0.000000000000000000e+00
0.000000000000000000e+00
0.000000000000000000e+00
0.000000000000000000e+00
1.203688952955417335e-05
4.637165762488848486e-09
1.443374571863387246e-06
5.770063871146646761e-10
0.000000000000000000e+00
8.598641798585049401e-09
6.712581601675537968e-09
1.210855504751862100e-08
2.258254738762843772e-07
8.225350711654755287e-08
0.000000000000000000e+00
9.118834576327117247e-09
5.096438382423684743e-09
0.000000000000000000e+00
2.123532340192468837e-06
0.000000000000000000e+00
1.833358709291132982e-08
0.000000000000000000e+00
5.656383805785480945e-09
6.534271790314960526e-09
0.000000000000000000e+00
8.690373931585781975e-08
3.497342731861863285e-06
1.011874473988427781e-06
8.028293336792557966e-07
3.899991440903249895e-09
9.244703669253340195e-09
5.416061981122766156e-07
9.877148876569208369e-09
1.387122150475761373e-08
5.743533506574749481e-07
2.666697298536746530e-07
3.298061557188702864e-08
1.607100230671676400e-08
3.356682043431646889e-08
5.668262019753456116e-06
7.667449608561582863e-08
2.132750198668986741e-09
9.835103564892477834e-11
1.125907260757230688e-06
9.264004674491843616e-09
1.044895384438859764e-06
7.193264536908827722e-06
1.022203299783086550e-08
1.858650620079060900e-07
6.006275299341723439e-08
2.575216285549686290e-06
4.720659418921968609e-08
6.062408033358224202e-07
1.296612708756583743e-06
4.827077191293938085e-07
1.996925291791740165e-08
2.147578825884011167e-08
3.902364937857782934e-07
4.207131087952120652e-09
1.669772444756745244e-07
2.811723909257324294e-10
2.451906677691795267e-09
7.557713615824468434e-06
1.598804111324625410e-08
0.000000000000000000e+00
3.581824614684592234e-08
3.046050949251366546e-07
1.960542164169964963e-07
1.633059270034209476e-07
1.646878050598488130e-10
8.960213127018334944e-10
1.602308884685044177e-06
9.246596266443418699e-10
8.958672914616272465e-09
2.909496465974825696e-08
6.743645286633181968e-08
0.000000000000000000e+00
9.888035279459472804e-09
7.934292112210528103e-12
0.000000000000000000e+00
4.580084755900770688e-09
5.957392801292371587e-09
3.094509182233196043e-08
2.300630606161258029e-12
3.203625169589940924e-07
0.000000000000000000e+00
9.992967342498104699e-09
2.511221055101486854e-06
9.235616715841388213e-09
4.744888926211388025e-08
1.174818020643897398e-09
5.367852295989905542e-08
7.049928996138987713e-08
9.499362931819632649e-07
5.827265781022106239e-09
1.843510375465484685e-07
1.893554326670709997e-06
1.202089379148674197e-07
1.815924974835070316e-07
8.935792550346377539e-09
7.634525900357402861e-09
8.037376098002368963e-09
6.494658144617915241e-09
8.031167397781757700e-10
8.765940151533868629e-08
1.164401997044706150e-08
0.000000000000000000e+00
9.484890739486218081e-08
3.727962383237581889e-09
7.619026121119532036e-08
0.000000000000000000e+00
0.000000000000000000e+00
0.000000000000000000e+00
7.354848463592134067e-08
1.484283629338278843e-08
0.000000000000000000e+00
0.000000000000000000e+00
1.008672612101690902e-07
0.000000000000000000e+00
0.000000000000000000e+00
0.000000000000000000e+00
1.290610285309412575e-09
2.644610974655847713e-09
1.332640295004239306e-06
0.000000000000000000e+00
0.000000000000000000e+00
0.000000000000000000e+00
4.191220796201378107e-06
1.819211781217688895e-09
0.000000000000000000e+00
1.017923949575560982e-07
0.000000000000000000e+00
0.000000000000000000e+00
6.230977955823391312e-09
0.000000000000000000e+00
0.000000000000000000e+00
2.130564382696320536e-07
0.000000000000000000e+00
7.093723866091750097e-07
8.759884373432669236e-09
1.288231032958719879e-06
4.052636981555224338e-08
9.555370894531733938e-08
1.084052883015829138e-06
9.845813110587187111e-06
8.482105295914976750e-11
0.000000000000000000e+00
0.000000000000000000e+00
4.307785275159403682e-07
0.000000000000000000e+00
1.401166471737269603e-08
9.597830796792550245e-08
2.810566854805074399e-07
2.964136136540673760e-08
5.243159240109207531e-09
1.536100171506404877e-05
2.165794299457957095e-08
1.400626615577493794e-06
5.984829298810723230e-10
8.475174126942874864e-07
1.419699344751279568e-07
2.627410822242381983e-07
3.890557763952529058e-06
1.967872620411981188e-08
4.224888527915027225e-08
4.562764843285549432e-06
8.443076353614742402e-07
1.041595490414159997e-10
1.213291511703573633e-07
1.233804255207360256e-06
1.043407049650113549e-08
1.755286461957439315e-06
7.075423802405111928e-09
1.703343133208079507e-09
1.240368963095761501e-08
4.089598437673203080e-09
1.530160318452544743e-07
4.535796449545159703e-07
7.248878386434398635e-09
2.688222533464568187e-09
1.044195755639520939e-06
1.933833004841289949e-07
4.560486104310257360e-06
2.834338204138475703e-07
7.599530782442798227e-09
3.641021706357605581e-08
6.243774919312272687e-07
4.353144333890668349e-08
3.149584415496065049e-08
7.046831342449877411e-06
4.671213194029633087e-09
2.419399347530770683e-09
3.335862857056781650e-06
1.141871663890015043e-08
4.094218297723273281e-09
1.215363596429597237e-07
0.000000000000000000e+00
1.265859899540755507e-11
3.742043190868571401e-07
9.620757523975953518e-09
2.400458676277139602e-08
0.000000000000000000e+00
2.397632101747149136e-07
4.818072056878008880e-07
1.193297748613986187e-06
7.051658146295380902e-10
8.401857876094709354e-09
5.012251058644778823e-09
3.669931580851937269e-10
1.609667399371517149e-09
3.318794838946814707e-08
1.052034015458502836e-08
3.398488379602326859e-09
0.000000000000000000e+00
2.161186962723604665e-08
0.000000000000000000e+00
6.965541032855071535e-09
2.050875913539584872e-09
3.157235184403361927e-08
7.335523855012127115e-11
5.085450993647100404e-07
0.000000000000000000e+00
0.000000000000000000e+00
0.000000000000000000e+00
0.000000000000000000e+00
3.862177688773726913e-09
0.000000000000000000e+00
6.048701379768317565e-07
0.000000000000000000e+00
0.000000000000000000e+00
1.037183551488851663e-06
3.925614180388947716e-07
1.028278902026613650e-07
8.700918319171080384e-10
3.745323340353934327e-07
2.374432312990393257e-07
1.021658704303263221e-07
2.751242504928086419e-07
5.494390507010393776e-07
0.000000000000000000e+00
3.432254231938713929e-07
5.767683664004152888e-09
6.300335542164248182e-08
4.723611652934778249e-07
5.271971872389258351e-07
0.000000000000000000e+00
1.312874360337445978e-07
5.447925559565192088e-07
0.000000000000000000e+00
2.138362958925554835e-10
2.887172456667030929e-08
0.000000000000000000e+00
0.000000000000000000e+00
8.922456551374580158e-09
0.000000000000000000e+00
0.000000000000000000e+00
0.000000000000000000e+00
1.139760108515019965e-08
0.000000000000000000e+00
3.412949567405121343e-08
0.000000000000000000e+00
9.232403499481733888e-07
7.165513959961344881e-09
1.603253707571639097e-07
0.000000000000000000e+00
0.000000000000000000e+00
3.138424409243611990e-09
8.670637541285941552e-09
0.000000000000000000e+00
3.421157757088622020e-08
1.259950437315637828e-07
3.270561155233053796e-09
6.075820291329137035e-09
0.000000000000000000e+00
3.540883497521463141e-08
1.411503025572358183e-09
4.358529093195784299e-09
7.414891811663437693e-09
4.392308183831516999e-10
2.156749223658493975e-09
1.392097459529395564e-08
6.269380037338123657e-08
0.000000000000000000e+00
1.193013872580195311e-06
0.000000000000000000e+00
0.000000000000000000e+00
2.576387032604543492e-06
1.524717241352391284e-08
0.000000000000000000e+00
0.000000000000000000e+00
6.285657860871651792e-08
4.036102652094086807e-08
7.945045732427047369e-10
4.322444965509930626e-06
2.605912641229224391e-06
2.575512212388275657e-07
1.410484795627553467e-08
2.658103459562966009e-10
4.445204808689595666e-07
5.858443614670250099e-07
6.044233202828763751e-08
8.399485551535690320e-09
1.622834417958074482e-07
2.492836692624678108e-08
1.752461685100570321e-06
6.083275820856215432e-07
3.270451021109010981e-09
8.613818067715328652e-07
1.724444409489933605e-08
7.860962369932167348e-08
4.234818504755821778e-07
1.391577825415879488e-06
2.384919639553118031e-07
4.384402245705132373e-07
8.235782722465501138e-09
4.596560998493259831e-08
4.272642684099992039e-07
8.239346094285338040e-09
1.325905145677097607e-06
9.963392777478929929e-09
5.264701599116961006e-07
3.182404384460824076e-08
2.646452301746649027e-08
8.325879718995565781e-08
2.696725914574926719e-06
2.755366779183532344e-07
3.283048055635617857e-09
2.475821702319080941e-06
1.205740618459572033e-09
4.931385788609077281e-08
6.640390459722311789e-09
6.815041331265092595e-08
8.339874568719096715e-09
4.525110286479616661e-10
5.557215576601493012e-09
3.593605697460588999e-06
2.065968516262728372e-07
1.787158865340643388e-08
0.000000000000000000e+00
1.263604332280010567e-07
3.380431223831692478e-08
1.375563272176805185e-07
3.163142991979839280e-06
6.599649299277032810e-11
3.510548518548262109e-09
1.414198891325213481e-08
1.409870276081193197e-10
5.210965809965273365e-06
3.188910246976206508e-09
7.186616191035000156e-09
0.000000000000000000e+00
4.908273609771640622e-08
7.174141725130311897e-09
0.000000000000000000e+00
0.000000000000000000e+00
0.000000000000000000e+00
2.536994486018739892e-12
0.000000000000000000e+00
1.053747400447946347e-08
2.020771638910900947e-08
6.645561825280310586e-07
2.703646639901080562e-09
2.249216777272522449e-07
3.724279906691663200e-07
1.172996704212891927e-07
8.927083072762798110e-09
0.000000000000000000e+00
3.514539059779053787e-07
4.931222985504746248e-09
5.178949322726111859e-07
5.250461176942167185e-10
8.281957342148871248e-09
7.904517929091525730e-09
1.349677063444687519e-07
1.796832571621109764e-09
0.000000000000000000e+00
0.000000000000000000e+00
0.000000000000000000e+00
2.911088081702928321e-08
5.849139506075573536e-10
1.597366434680225211e-07
0.000000000000000000e+00
1.718173869846850721e-08
9.848029094428056851e-07
2.432386054351809435e-06
1.097015145390400903e-09
0.000000000000000000e+00
1.417865491681880030e-09
1.630142598685324629e-08
4.004012765790321282e-08
0.000000000000000000e+00
1.992525788807597564e-08
3.106505053196428889e-09
1.022772533332272360e-09
3.221520827878521231e-09
0.000000000000000000e+00
0.000000000000000000e+00
1.566354712601025767e-09
0.000000000000000000e+00
1.612006705897783831e-08
1.726421459125049296e-07
6.881759162524758722e-09
1.199173382815388322e-08
8.850727262199598044e-09
0.000000000000000000e+00
6.555496701032836881e-10
2.338200078000340909e-09
1.504918273331767864e-10
3.134361747925140662e-08
1.821880424301980383e-10
6.712161138011651929e-08
0.000000000000000000e+00
0.000000000000000000e+00
1.367048980682739057e-07
1.014258117493227473e-07
0.000000000000000000e+00
7.750442065912466205e-09
7.182475059153148322e-09
1.100817598853609525e-06
0.000000000000000000e+00
2.393957254653855671e-09
1.344904347888586926e-07
8.001292961523631675e-09
4.863399283294711495e-08
0.000000000000000000e+00
2.985009075473499252e-07
7.340528629384834858e-09
8.331567435959641443e-09
0.000000000000000000e+00
0.000000000000000000e+00
3.658860436850375208e-10
0.000000000000000000e+00
5.474100728264374993e-09
0.000000000000000000e+00
8.942537377265580290e-09
0.000000000000000000e+00
5.855842459823179524e-07
0.000000000000000000e+00
5.193398422420614224e-08
3.213047605754582037e-08
1.124625796933287347e-07
2.687200906237308118e-09
1.438837557543592993e-06
5.974188699298110805e-09
1.730769696450806805e-07
2.744707572333027201e-08
4.269535391898671151e-09
1.199148891295465091e-09
4.855665314273949207e-10
5.655850188190925110e-08
2.704956436616612336e-08
1.598752952247650683e-08
2.683317177343269577e-07
3.014730154404787754e-08
1.517804690820412361e-07
3.476596432960832317e-08
5.876569630913763831e-08
7.582953820417515090e-09
5.836450327478814870e-07
2.630331437103450298e-06
0.000000000000000000e+00
1.343280615628827945e-07
1.107026832869451027e-06
4.602806580322749141e-09
1.596056449670868460e-06
6.900508537910354789e-07
3.471763818652107147e-07
5.012626980160916901e-10
1.165829246474459069e-07
2.814903510284239019e-08
1.402863858857017476e-06
1.917993358802050352e-06
6.093113825045293197e-06
2.538780108807259239e-06
1.679537035670364276e-06
5.632502961816499010e-07
5.111757218401180580e-06
1.489420364819693532e-09
0.000000000000000000e+00
3.257286493862920906e-07
4.398300834651536206e-09
5.134371150461447542e-09
5.819714488097815774e-09
3.914533692750410410e-07
6.011478603795694653e-07
1.264432512471103109e-06
7.576441589662863407e-07
1.444529162952790102e-09
6.969623456143381190e-08
2.755485866146045737e-07
5.797291535714066413e-09
1.053492610481043812e-06
9.072503637241879915e-09
9.118571142607834190e-07
0.000000000000000000e+00
1.318300668629035499e-08
1.983381103798365075e-08
1.577435227773094084e-06
1.510236735668968322e-08
6.069221569759974955e-08
8.222488467879429663e-09
9.473558826300632063e-09
2.408897046279889764e-07
7.760341986795538105e-07
1.300376606394593182e-08
4.705214280420477735e-07
6.437586762331193313e-06
3.085282060055760667e-06
5.381888823485780904e-10
3.134584813935248349e-09
1.787681753739889245e-07
2.232413420788503799e-10
5.116029128116039715e-13
5.118919830238155555e-07
4.398949116080075328e-08
8.780523863549660746e-09
0.000000000000000000e+00
1.850647457501963800e-08
0.000000000000000000e+00
1.491432044531393331e-08
2.224116315119317733e-06
6.443759970053974939e-10
1.661882714776297121e-10
0.000000000000000000e+00
3.706963555560882639e-12
1.715434763127632323e-07
1.781750214036037505e-08
1.032120656302426553e-11
2.011574196103538270e-08
0.000000000000000000e+00
6.082972959120525047e-06
3.492473155120023875e-08
6.586997187696397305e-07
9.286619473414248205e-09
3.866327702439775749e-08
7.946190372365435906e-09
1.081009145309508312e-06
4.878343951020269742e-09
0.000000000000000000e+00
5.802605187454901170e-07
1.049516473727862831e-09
1.140655925269129511e-08
5.522167167981706370e-09
1.196646393086808757e-10
1.328262669630930759e-06
5.323653184952092943e-10
1.038582775336749364e-09
1.703723029322645743e-07
1.355553990833868738e-06
0.000000000000000000e+00
5.029078042895207545e-09
8.846618584357202053e-07
0.000000000000000000e+00
1.010424512060126290e-06
1.061181476025296888e-09
7.499352960849137162e-08
6.638219834931291530e-11
8.379511307055054203e-09
5.492290711117675528e-06
1.204416832933929982e-07
6.596764245969666263e-10
0.000000000000000000e+00
7.226001343951793388e-07
0.000000000000000000e+00
0.000000000000000000e+00
1.096037038905706140e-09
5.453193807625211775e-08
0.000000000000000000e+00
0.000000000000000000e+00
3.013205329693846579e-08
6.362072535459617484e-10
0.000000000000000000e+00
4.794757657577974896e-08
1.231740753837584634e-08
0.000000000000000000e+00
0.000000000000000000e+00
4.774922857109231700e-08
0.000000000000000000e+00
1.720654552173073171e-08
4.798201835853888042e-09
0.000000000000000000e+00
2.365891482725146489e-08
7.516795221818028949e-07
2.732178927544737235e-07
0.000000000000000000e+00
6.744772917954833247e-08
7.461726880819696817e-08
1.325165754906265647e-08
1.933176951851578451e-10
0.000000000000000000e+00
0.000000000000000000e+00
5.661299120468532564e-12
1.564649743102108914e-09
0.000000000000000000e+00
4.754893723202258116e-07
0.000000000000000000e+00
0.000000000000000000e+00
1.185501419254109123e-10
0.000000000000000000e+00
0.000000000000000000e+00
0.000000000000000000e+00
2.713462232684094033e-10
0.000000000000000000e+00
0.000000000000000000e+00
2.054498793313541682e-09
1.123482196163649860e-09
3.353318289711637590e-09
0.000000000000000000e+00
1.259384263541107885e-09
1.752387568387803185e-08
5.105715406017452551e-09
9.994868044316262967e-09
4.861044544668402523e-07
0.000000000000000000e+00
9.947967782863997854e-09
5.545944148366288573e-08
2.388373276929200983e-09
6.330708401947049424e-09
5.127133704263542313e-07
3.791238256667384121e-08
1.611196807971282396e-06
1.974102215029915897e-09
3.952360998482618015e-07
2.616766096252831630e-06
1.212041524922824465e-07
1.522930006103706546e-06
5.670181657535522390e-09
0.000000000000000000e+00
1.459585178054112475e-06
8.603509513704921119e-07
2.265067905682371929e-06
1.835757188928255346e-06
2.436705415220785653e-08
1.255940674127487000e-06
0.000000000000000000e+00
1.567065282870316878e-06
3.581226906135270838e-07
9.809919803566158336e-13
4.614630313426459907e-07
4.678760490151034901e-08
1.854237596798924415e-10
4.299133138374600094e-08
2.304394719487845578e-08
6.989356649000910693e-09
4.880564574705203995e-07
7.224029374697238381e-09
4.669509223731438396e-09
1.005742660709074698e-06
3.126598642211320112e-07
8.819219132760736102e-09
2.033956008062887122e-07
2.879864098304096842e-07
6.707295341357166762e-08
3.935416881262199240e-09
2.169382362637861661e-08
6.151527713882387616e-07
5.625881094317719544e-09
2.398815723836378311e-08
4.733121841127285734e-06
7.583624039853020804e-08
9.451652260850096354e-08
5.252815427070345322e-08
4.951585808044001169e-09
0.000000000000000000e+00
1.745377517181623261e-06
0.000000000000000000e+00
9.433051673113368452e-08
8.300359013446723111e-07
7.440951854675859067e-09
0.000000000000000000e+00
4.969522819919802714e-07
1.013681583117431728e-08
0.000000000000000000e+00
5.741629394151459564e-09
2.495050637207896216e-07
1.328951611867523752e-06
1.135116249884049466e-07
3.640429513396270522e-09
2.087214623358590870e-09
1.148996897626375358e-09
3.288414873736655863e-09
2.822735289953470783e-08
9.691422775404134882e-09
9.752490370829036692e-09
4.252154461870105706e-10
0.000000000000000000e+00
5.361059862707406865e-08
0.000000000000000000e+00
0.000000000000000000e+00
5.670958813652760000e-08
1.802942506401450373e-08
3.934913284098229269e-09
8.947576013440539100e-09
6.573951383259668546e-10
8.657195849082199857e-09
2.092574931111812475e-07
1.965400713288545376e-07
3.487386379674717318e-07
5.987749318592250347e-08
1.553545132537692552e-07
8.509002213941130321e-08
0.000000000000000000e+00
1.726039727145689540e-06
4.362457950435327803e-09
9.611169815570974606e-08
1.291011102466654847e-07
0.000000000000000000e+00
2.857168057701642283e-09
0.000000000000000000e+00
5.888943110932132186e-09
6.619454318013140437e-09
1.826337414634338074e-09
6.898862636717240093e-08
2.239235463719069230e-09
0.000000000000000000e+00
0.000000000000000000e+00
0.000000000000000000e+00
7.886803388146290672e-08
2.042969793336624207e-09
1.181014286366632859e-09
7.858346862121834420e-09
0.000000000000000000e+00
3.361967628734419122e-07
0.000000000000000000e+00
1.667667426374919160e-08
0.000000000000000000e+00
1.255005432909683805e-08
3.254594105328578735e-08
6.443264588540387194e-09
0.000000000000000000e+00
2.804636523023873451e-09
0.000000000000000000e+00
5.406513423622527625e-07
8.939972317989486328e-09
0.000000000000000000e+00
1.704243004496674985e-06
0.000000000000000000e+00
0.000000000000000000e+00
2.507296812837012112e-06
1.025834777124146058e-07
1.094928325784394474e-08
0.000000000000000000e+00
1.472763244692032458e-09
7.740045049331456539e-09
1.561037947794829961e-07
0.000000000000000000e+00
2.202017981289827731e-07
1.850314788498508278e-06
4.061313575220992789e-06
0.000000000000000000e+00
0.000000000000000000e+00
0.000000000000000000e+00
2.852478019121917896e-06
0.000000000000000000e+00
1.545436223437945955e-09
0.000000000000000000e+00
4.005354625746804231e-08
3.809233373175402448e-09
8.266630935338525887e-09
9.294030434148226050e-09
0.000000000000000000e+00
0.000000000000000000e+00
6.265156002882577013e-07
1.779789648992391449e-09
0.000000000000000000e+00
1.114032130433706413e-10
7.500616239219937142e-10
6.515095574144424972e-09
0.000000000000000000e+00
7.866278295409756538e-09
3.070419097639387473e-06
0.000000000000000000e+00
0.000000000000000000e+00
0.000000000000000000e+00
4.951149712439928408e-09
3.633752326814843059e-11
0.000000000000000000e+00
5.926274138090548149e-09
1.583736519705780665e-08
1.096960176028005662e-07
5.630083954599740537e-09
3.500368705999790109e-08
1.082238441085792147e-07
5.293104821633975998e-13
3.838483308982176823e-09
5.906785727205488001e-09
7.703721962570853066e-07
1.555043525058863452e-07
2.863688131071739917e-08
3.185736119348803186e-08
1.748875533280624950e-08
6.960323428728543149e-09
1.002297889129977193e-08
2.908619833874581673e-08
1.460748055848171134e-08
1.308898411878089973e-08
8.729739420232363045e-07
4.295692633604630828e-06
4.137578798690810800e-06
0.000000000000000000e+00
2.515550079351669410e-07
3.118748850283736829e-07
1.578836616999979015e-08
3.193466454831650481e-06
2.572814850054783165e-09
1.442799302253661153e-08
1.007607108860497647e-09
1.192254330817377195e-07
4.190177094187674811e-07
1.107273561729016365e-08
2.306276059016454383e-07
1.161884100042698265e-07
1.612245803528367105e-08
1.285882899537682533e-05
8.295879752040491439e-07
4.805038997801602818e-07
9.276472034969174274e-09
5.869312147410710168e-08
2.018381550783487910e-08
4.984272550245805178e-09
8.984771149300740944e-09
6.238974670225161390e-09
9.369649944801494712e-09
1.426717677333044776e-08
3.872594245279969982e-09
1.520631485618650913e-06
3.945971016605653858e-08
1.238100466594005411e-08
3.407442818570416421e-06
3.235668089018872706e-07
2.734085668976149464e-08
3.347008714627008885e-08
6.513306516353623010e-08
1.752053790937679878e-08
1.700743496257928200e-06
1.315124009693136031e-09
8.513127702780565187e-11
3.248238789055335474e-09
1.618707528905360959e-06
3.402397252827427110e-09
1.600054488903879246e-08
8.071877388715620327e-09
1.369556912322877906e-06
1.344212279263956589e-07
1.092928414436755702e-06
5.941259573205570632e-08
1.329566456931274843e-09
9.648734256018087763e-09
2.892848460778196795e-10
2.585919922637458512e-09
2.357433004362974316e-06
2.789730113583743787e-10
0.000000000000000000e+00
1.366030062399659073e-07
0.000000000000000000e+00
4.413597265440216688e-10
1.643498226400197382e-09
4.472579107073215710e-08
1.833827013797417749e-06
3.406039006392802548e-09
1.446118425008080521e-08
0.000000000000000000e+00
0.000000000000000000e+00
1.109730334292180487e-07
2.011985777983227308e-08
1.636812108074536809e-08
0.000000000000000000e+00
3.421796463953796774e-07
2.185371670293534407e-07
9.536159268463961780e-06
2.535255561042504269e-09
3.704239359691996469e-09
1.909951379275298677e-07
1.164208818238421372e-08
8.796850470282890910e-10
1.186098529615264852e-06
9.432564240796637023e-08
4.064056202679466878e-09
3.414058483031112701e-06
7.252144995639753233e-10
2.529296772024736129e-08
2.807342696087289369e-07
1.081164526794964331e-07
1.224613077610570144e-09
8.529652539834842173e-09
0.000000000000000000e+00
9.831442326913020224e-09
8.344462010256847861e-09
1.327078109625290381e-07
9.688674751373582694e-09
0.000000000000000000e+00
0.000000000000000000e+00
3.561626158443687018e-07
4.654711460716498550e-07
0.000000000000000000e+00
8.022293940257441136e-09
9.497460240481814253e-08
2.046675939837427904e-09
6.545289310544433192e-10
3.307306650768282452e-10
1.280644479351167320e-10
1.034293788393370050e-07
0.000000000000000000e+00
9.930363198407121672e-09
5.093530486277586533e-09
5.984791187074733898e-07
2.834465551160292307e-09
4.317470825299096759e-07
2.253351727432573171e-09
0.000000000000000000e+00
4.203521442036617373e-08
0.000000000000000000e+00
4.458028968201688258e-08
2.477936256184420927e-08
6.200881585982642719e-09
5.402466172199638095e-07
7.458738515708773775e-09
0.000000000000000000e+00
2.064674653468046017e-08
3.426547223739362380e-08
4.073481552069324607e-09
5.645746092852732545e-09
5.692667670587070461e-09
9.573377610649913549e-07
3.551605587404083053e-08
4.847530821194823147e-09
2.636231499764107866e-08
3.749211163750487685e-09
2.718033131898778265e-09
2.076435237086116103e-07
0.000000000000000000e+00
1.094356272268726116e-09
3.776865042937060934e-09
1.969576723936938834e-09
5.416822990156333617e-09
6.954722721275174990e-06
0.000000000000000000e+00
0.000000000000000000e+00
0.000000000000000000e+00
0.000000000000000000e+00
0.000000000000000000e+00
0.000000000000000000e+00
9.803388323348372069e-09
1.307849828435792006e-08
0.000000000000000000e+00
1.794805939425714314e-07
4.395993791206365131e-09
1.920946735012307727e-09
1.692004474307395867e-07
3.354316646664301516e-08
4.024461830454129085e-08
3.124439373891618743e-08
5.307422270561801270e-07
3.867842490734574312e-09
3.837789819272074965e-08
2.014783362369598763e-08
1.374474312143547650e-08
5.795578417178148811e-08
2.312571645290972810e-08
7.988832635419385042e-07
1.083762072084937245e-05
1.338265498418422794e-08
8.557936581610192661e-09
2.277197985733891983e-08
5.276423848954436835e-07
1.483613232267089188e-08
1.229926283485838212e-06
2.978926083585520246e-08
7.331715551117667928e-06
8.262488222499086987e-07
2.754763499979162589e-06
1.267497464141342789e-05
1.002674832051297926e-08
1.478627922324449173e-07
1.432941498791251433e-08
5.236413471720879897e-07
3.437588986798800761e-07
1.417296630279452074e-06
3.715960588124289643e-07
1.720527365023372113e-07
2.489282451278995723e-06
5.722033069588405851e-09
2.070964955080967229e-09
2.228542464498620146e-13
1.089244516805365492e-08
2.156300240585551364e-07
3.216738662104035029e-07
2.649997270509629743e-07
4.003999833912530448e-07
3.098093559472658853e-09
5.148556851963803638e-07
6.907742173406505870e-12
1.734615118209603679e-09
6.133500818350512418e-09
5.904480376850429479e-11
1.210020639241804474e-09
2.397072407234190905e-08
0.000000000000000000e+00
0.000000000000000000e+00
3.862795097120397259e-07
2.724541703358340783e-09
1.454071446582716476e-10
0.000000000000000000e+00
0.000000000000000000e+00
5.112420708996978647e-09
7.699068760302907322e-08
3.464409473963314667e-06
8.483261382252749172e-08
9.376482807965658139e-07
0.000000000000000000e+00
5.489981802497823082e-08
5.594415902754334979e-11
1.906659150563427829e-07
6.686417641788011679e-09
1.450995990026626714e-09
1.766217110343859531e-07
5.002602279091661330e-07
2.410342176517588086e-06
0.000000000000000000e+00
1.493651780037907884e-07
2.392275932905363334e-09
3.348719346263351326e-08
1.205498278977756854e-08
1.863918299704891979e-07
0.000000000000000000e+00
3.134100978741116705e-08
5.335414332563459539e-09
4.989279318579065148e-07
1.225610049004899338e-06
2.934728513537265826e-07
1.025252984732105688e-07
5.394194246832739736e-08
0.000000000000000000e+00
1.953425510237138951e-08
5.123917956595391843e-10
5.299920946555403134e-09
1.254117520943509589e-08
2.639310878294054419e-06
0.000000000000000000e+00
7.654608197293910621e-11
1.714362042548600584e-05
1.403335954819340259e-05
0.000000000000000000e+00
2.311677008037804626e-06
2.840742086007708167e-09
0.000000000000000000e+00
0.000000000000000000e+00
4.868727296325481291e-11
8.408950202820619779e-10
2.590959891080046873e-09
9.359056321045500226e-07
1.465781451770453714e-08
0.000000000000000000e+00
1.497041424158851441e-08
1.369510442827959196e-07
0.000000000000000000e+00
5.043470530097238225e-09
0.000000000000000000e+00
6.261787888206526986e-08
2.568721013673780362e-09
0.000000000000000000e+00
0.000000000000000000e+00
2.070873472703738116e-10
3.874214371535344981e-08
8.341203283634968102e-10
1.019653428357969460e-08
1.258043558216570545e-09
2.424622778107732302e-07
2.357268158448277973e-06
8.110420424145559082e-08
2.918591519573965343e-07
1.991116050703567453e-06
3.251220448419189779e-08
2.697103354876162484e-06
2.656306996584589797e-08
1.311981492335689836e-07
7.478456041098979767e-07
3.840242754904465983e-07
1.598395158453058684e-07
3.381847468730825312e-09
0.000000000000000000e+00
2.711944091515761102e-07
4.288142108066494984e-08
0.000000000000000000e+00
3.769336444747750647e-06
9.969444159096951807e-10
1.701691738908994722e-11
5.272398198030714411e-07
6.212947596395679284e-07
4.713059387206897100e-10
0.000000000000000000e+00
8.615128166411523125e-09
2.449255553926832363e-08
0.000000000000000000e+00
2.113165864514598979e-09
4.959837497153785080e-06
0.000000000000000000e+00
0.000000000000000000e+00
4.434180578272162165e-09
6.908635885594094361e-09
0.000000000000000000e+00
3.921460347555694170e-07
1.423695472624331160e-08
0.000000000000000000e+00
5.504283535628928803e-07
0.000000000000000000e+00
9.443428261590725015e-09
0.000000000000000000e+00
6.523074969067010898e-09
0.000000000000000000e+00
1.651641383659807616e-07
4.727231051049329835e-09
1.458457132841317616e-09
0.000000000000000000e+00
5.310142114467453212e-06
1.672809091246563185e-08
8.347978974754255432e-10
1.125761150966297919e-09
5.149818939342853952e-12
0.000000000000000000e+00
1.044712476527820399e-07
9.486408325543038700e-10
0.000000000000000000e+00
0.000000000000000000e+00
5.166511414245178457e-07
5.028919555088995352e-12
8.172617249613267632e-09
6.558365157616208307e-07
0.000000000000000000e+00
0.000000000000000000e+00
9.515747301236388012e-09
5.295519134307369313e-09
0.000000000000000000e+00
0.000000000000000000e+00
1.453077658197798883e-09
2.514131480779724370e-08
2.661374082890688442e-06
4.049770296887800214e-09
6.710084790029213764e-07
9.904345787958845904e-09
0.000000000000000000e+00
3.067472942319682261e-09
5.353257392926025204e-09
1.198742172192623912e-08
3.907592027729833717e-09
5.522903911980847624e-09
3.582762753140400491e-09
1.317928521871181147e-08
6.409619572878000326e-07
2.989247960272223281e-09
3.426164539632736705e-06
0.000000000000000000e+00
0.000000000000000000e+00
5.367894573282683268e-08
7.583810656797140837e-06
8.002374762838826427e-09
7.280704039658303373e-09
4.249667142630642047e-07
5.891007148761673307e-08
8.217852176528595010e-09
5.208920850208187403e-09
3.894150779615301872e-08
3.657969571690955490e-08
2.521097108854064572e-08
1.627023493711021729e-06
1.217160956912266556e-06
1.374849148305656854e-06
1.604387178666399905e-10
2.164670526161316388e-10
1.138551169788115658e-06
1.429771234739973806e-08
3.712011809042792265e-09
5.382967742662003729e-07
2.459688914768776158e-07
8.029036463463867790e-11
1.132283273364009801e-06
1.255603798711035779e-08
2.435366013742168434e-06
7.193707851627095806e-09
2.358192219276133983e-08
6.689386282232590020e-06
9.845652071405197603e-11
5.603889574601339518e-10
8.194994904897612287e-08
7.366374177308898652e-08
2.396406628690783691e-09
8.473948653886509419e-09
6.807605590353205116e-10
1.194992819364415482e-06
2.769863005624983998e-09
1.233652291432463244e-09
1.475723024668695871e-06
2.615788252668949099e-09
5.768589517174405046e-07
0.000000000000000000e+00
8.426153996765606280e-09
4.520610108471601052e-09
0.000000000000000000e+00
3.285404091002419591e-07
5.653768009317161614e-10
5.097985322777276451e-08
8.265557127629108436e-10
1.551737183191903569e-09
7.878566776753359591e-08
6.834077304063157499e-09
7.789674683067460137e-09
4.040533241322918911e-09
3.109986153049248969e-07
1.535966132060195832e-09
9.461968097923545429e-09
8.287806885221016273e-09
1.505617319708107971e-08
6.951943187782916311e-11
0.000000000000000000e+00
0.000000000000000000e+00
1.524209736203374632e-08
4.019057996629271656e-06
2.724837300238647231e-10
2.119473929695914194e-09
1.101651250223767420e-07
4.260185607063426971e-11
1.129625957219104748e-06
5.322330354218252069e-10
7.416467884269195565e-09
1.070961896942890235e-08
6.658779483359467122e-08
7.777323673963110195e-08
1.839475487486197380e-07
1.437135921378285275e-07
2.609523086505305400e-08
5.952431603173380381e-11
8.721313093928984017e-08
0.000000000000000000e+00
7.684237246508018870e-09
4.339119996643603372e-08
0.000000000000000000e+00
2.385961828110794158e-08
0.000000000000000000e+00
1.381272540790234871e-09
2.131494807044997941e-11
2.486356436293135630e-07
1.061951082625967047e-09
2.798043396978755482e-07
7.028465347502788063e-07
9.968207592692124308e-09
1.524807373698422452e-07
1.593618015327535886e-09
2.190077230679321474e-09
2.974537210320704617e-06
2.804687149193796358e-08
0.000000000000000000e+00
7.706809697083372157e-07
6.626581239288498182e-07
6.617748482540264376e-08
2.092997419822495431e-06
2.071028575301170349e-06
0.000000000000000000e+00
0.000000000000000000e+00
0.000000000000000000e+00
2.949584754219358729e-08
0.000000000000000000e+00
3.492460765031069059e-09
0.000000000000000000e+00
9.001163009392243453e-11
5.109645595524625605e-09
4.075889705745794345e-07
9.687050095408267225e-08
1.326920056444287274e-14
0.000000000000000000e+00
7.380051414429544820e-08
0.000000000000000000e+00
0.000000000000000000e+00
0.000000000000000000e+00
3.547770432987817912e-08
9.904567832563770935e-09
1.806367166956590609e-09
1.331933261600193319e-11
5.863905472303088118e-10
1.882205502568012889e-08
5.968738392425620987e-09
6.705808353046904813e-09
3.786073232703301983e-09
0.000000000000000000e+00
0.000000000000000000e+00
2.775285778966463113e-08
0.000000000000000000e+00
0.000000000000000000e+00
0.000000000000000000e+00
2.261116662793938303e-07
0.000000000000000000e+00
2.415425671975501842e-11
8.642907722844483942e-09
0.000000000000000000e+00
8.866727907452798263e-10
6.493900528425911034e-09
3.874422986882564146e-07
1.025273683769208077e-13
9.118700177168648224e-07
0.000000000000000000e+00
8.028286515582294669e-07
4.823906163409219516e-09
3.425567030035381322e-08
0.000000000000000000e+00
6.268168206702284806e-10
0.000000000000000000e+00
0.000000000000000000e+00
0.000000000000000000e+00
3.609112564362249032e-09
0.000000000000000000e+00
0.000000000000000000e+00
2.258072617777884261e-10
1.783996772530827002e-08
1.174516151003501818e-09
0.000000000000000000e+00
0.000000000000000000e+00
3.633333856001286222e-09
8.163111075987217191e-09
7.900713683284266153e-08
5.922790435874958348e-08
6.852560119341433165e-08
2.108399232980673332e-09
2.985039104785869313e-09
7.991548045538365841e-07
8.050363042855224194e-09
2.108313992721377872e-06
3.417676808226133289e-09
2.788268460562903783e-08
1.166723717638262769e-09
5.221729679760755971e-07
1.723102904804818536e-08
3.679997195860096326e-09
2.717539615559871891e-08
1.185064713027372818e-09
1.164259288088942412e-06
5.277768888589662311e-09
1.474534522261095049e-10
5.629750532420985110e-08
4.242248451191699132e-06
2.552031830305168114e-08
2.455272873902458741e-09
1.039248118672730925e-07
2.740883928709081374e-07
8.416687791168442345e-09
1.640005052649939898e-06
8.375105053914921882e-09
1.852928761536531965e-07
3.350822908032569103e-06
0.000000000000000000e+00
1.926855297540441825e-08
9.520879018509731395e-08
6.591459111859876430e-08
5.179246727493591607e-06
2.580959668208038238e-09
2.880287675033343930e-10
4.004837705906538758e-07
2.739555782227398595e-08
1.119183412612301254e-08
3.493560640777104709e-08
2.717546188080177672e-08
2.863190795565628832e-10
1.238227724797980045e-07
1.562921347897372470e-08
9.289560787273387632e-11
6.062065693868134986e-08
1.305871766277277857e-08
7.465343898616083607e-09
1.057510790047899718e-08
3.097129308571311412e-07
2.073237652666648501e-07
7.312190177799493540e-07
1.035373031754716067e-08
1.582503550423552952e-08
1.754854705993125208e-09
4.788569540892240184e-09
5.857233986716892105e-08
1.098548896294460064e-08
9.809602019572594145e-10
1.746298750049390947e-08
2.458088488310750108e-07
6.727796630912052933e-08
0.000000000000000000e+00
2.006524013609123358e-08
9.200878281490076915e-09
5.692213989050287637e-08
4.939938236248053727e-08
7.288740562216844410e-07
2.071985534257692052e-07
8.279785745912704442e-09
2.469899698098743102e-07
2.750600742729147896e-07
2.417993930081685505e-11
0.000000000000000000e+00
8.768238757284052554e-08
7.881198804682298942e-09
6.043521683096741981e-09
9.259248479054349446e-09
4.770970285505882202e-09
2.693246292650997020e-09
1.216905161527392920e-06
9.067019357544836566e-10
1.971687879631645046e-08
1.070229487254437117e-07
1.528178583676265134e-09
0.000000000000000000e+00
1.072128696932850289e-07
1.145209438391248113e-08
9.390338107095885789e-08
1.254339423439887469e-07
0.000000000000000000e+00
9.579742936693946831e-07
0.000000000000000000e+00
0.000000000000000000e+00
0.000000000000000000e+00
3.169816764625466021e-08
1.657681458766546712e-08
2.688323341715204151e-09
4.549470844494862831e-08
0.000000000000000000e+00
0.000000000000000000e+00
0.000000000000000000e+00
1.744560718108800756e-09
9.339955475695660425e-09
5.907982369990349980e-08
2.870982562797053106e-09
6.356517445738063543e-08
0.000000000000000000e+00
0.000000000000000000e+00
6.063373234610480722e-07
0.000000000000000000e+00
5.456243790114001513e-10
9.811481049837311730e-07
1.359730550376525571e-08
1.524154527032806072e-07
4.174931067524312311e-09
9.132546274770447781e-09
6.183598770803655498e-07
2.275085120295727847e-10
2.437897173024339281e-08
0.000000000000000000e+00
1.347687117458917783e-07
7.795817325018106203e-09
4.646766527116596990e-09
0.000000000000000000e+00
2.668579845988006127e-08
0.000000000000000000e+00
1.289089529565856651e-10
3.008564286588466530e-09
2.926127784519394481e-08
0.000000000000000000e+00
1.379960679059877293e-07
1.661531534580262814e-08
1.546983874334273423e-08
4.872731995675394501e-09
0.000000000000000000e+00
1.853362081860598920e-11
9.232427267136245064e-09
1.390715276272658230e-08
6.160331356142023651e-09
0.000000000000000000e+00
1.950195116506847626e-09
0.000000000000000000e+00
0.000000000000000000e+00
0.000000000000000000e+00
9.944513268411725448e-11
1.399173887861593357e-09
0.000000000000000000e+00
5.544548820068939676e-09
0.000000000000000000e+00
1.424682705142288341e-09
3.973329998352426173e-11
1.496473944762044539e-09
0.000000000000000000e+00
0.000000000000000000e+00
2.286461464606759364e-09
0.000000000000000000e+00
5.249574108745491685e-09
0.000000000000000000e+00
0.000000000000000000e+00
3.857345831637104538e-10
1.192593668264407825e-08
3.711433604891567484e-09
5.190281537892360575e-09
6.230185789490860770e-08
2.079766971974095213e-07
4.317170620993238117e-08
2.465948112373439471e-09
4.797202635131725401e-09
7.885592179235345611e-10
4.519736762631509919e-07
8.024598763256562961e-09
5.186464591133699287e-08
6.726445462845731527e-07
2.432914243399864063e-07
3.884498944728420611e-09
3.557152628008708461e-10
5.044526130149051824e-09
1.420582318445440251e-09
4.697768417827319354e-06
8.941490392544437782e-08
5.198441499487671535e-07
3.432230277766734616e-09
7.874095153681537340e-09
2.686026867593227507e-08
1.327957903640708537e-07
0.000000000000000000e+00
1.592929379512497690e-06
6.990981660237594042e-07
4.369008266280616226e-08
1.653666537038134265e-09
7.001066948397749456e-10
4.597095681901919306e-08
0.000000000000000000e+00
4.863765834528521737e-09
0.000000000000000000e+00
0.000000000000000000e+00
8.717686910131305922e-07
1.078881761706895759e-09
1.354996584268519655e-06
2.956686895316806840e-09
7.716766781129535957e-09
2.117980329785495996e-06
1.390744500895380042e-06
6.038425759413712512e-09
0.000000000000000000e+00
4.496833128087018849e-09
4.092898520102750126e-10
8.266764495168388294e-10
2.728767611870352994e-08
3.353830324570594712e-09
4.220173011049155321e-08
1.217076430748420535e-07
9.479249030164282885e-08
5.690403259706044992e-09
3.837636086245765910e-06
2.639694969275296899e-07
1.988932126550935209e-06
5.965597438262193464e-07
5.226981514283579600e-08
3.232412950637808535e-07
4.702284002178203082e-07
2.204971494279561739e-08
2.923296165135980118e-07
5.882628784092958085e-08
2.158388241468855995e-07
3.519432212328865717e-08
3.982393081969348714e-09
4.487838012323663861e-08
2.993695602526713628e-07
9.984172516519507212e-11
6.228701554533699891e-09
4.062174866703571752e-06
8.032112646105815656e-07
1.977834926947252825e-07
1.517569181430644676e-09
1.876046518134444341e-08
2.492824364708212670e-07
1.255151431678314111e-07
3.493479283633860177e-09
2.788016750798760768e-08
1.825830509005754720e-07
3.959029992728346770e-09
8.634251091876876671e-10
1.691031620287830606e-10
2.108322583183053212e-08
3.424451000544337376e-10
0.000000000000000000e+00
1.590479392632460076e-08
2.298279122570079380e-09
0.000000000000000000e+00
8.659348238460040648e-10
2.392646081261773361e-08
0.000000000000000000e+00
1.228430157595994388e-08
3.157563810418650974e-08
6.406971397865390827e-09
1.011503741210617591e-06
7.303590891793998452e-12
1.614197628896363312e-07
9.483628105044772383e-09
0.000000000000000000e+00
6.530046903208130971e-08
2.915373187306613545e-08
0.000000000000000000e+00
6.296839050179414699e-09
1.305222440350917168e-06
7.833016866243269760e-07
6.775183436502629775e-08
0.000000000000000000e+00
1.596543341975120711e-08
0.000000000000000000e+00
1.262335672436165623e-06
0.000000000000000000e+00
6.377233319199149264e-08
7.039553266479856020e-14
3.127399672564479260e-09
8.208741242299311125e-09
1.308129826682602470e-09
1.717957189839580678e-07
9.931621036685100989e-08
9.375305864978145109e-08
3.673429915806991630e-08
6.768001981072302442e-08
0.000000000000000000e+00
0.000000000000000000e+00
3.746120302849931250e-09
4.612842552376150707e-09
0.000000000000000000e+00
0.000000000000000000e+00
8.175731203152736271e-09
5.142154257953279739e-09
0.000000000000000000e+00
0.000000000000000000e+00
1.587136311265169297e-09
6.656791229353586914e-10
4.161243438716155651e-08
2.411626631726448977e-08
3.521731883893153281e-08
4.385382723626207735e-08
3.442897966721147895e-09
1.792795501387445256e-06
2.125503861805100314e-08
0.000000000000000000e+00
3.708726437068321502e-09
5.461600949274725281e-07
5.444084627548306798e-10
1.131003728005453013e-06
5.528758784123510850e-09
0.000000000000000000e+00
0.000000000000000000e+00
0.000000000000000000e+00
2.194989745518682867e-09
0.000000000000000000e+00
4.696785627089639092e-09
9.198055650472269917e-10
2.046226796892369748e-07
5.216855925027630292e-07
9.754285157370645720e-10
1.326945522350797546e-07
9.684046062830020674e-07
2.585394440757227130e-06
6.033486904533091888e-11
2.673359489335780381e-08
1.062849008803823381e-08
1.971233842823494342e-07
6.448287681593001253e-09
5.049715090521544880e-10
2.200461608481418807e-07
0.000000000000000000e+00
1.608711045264499262e-06
3.021311911766133562e-08
5.111873147001233519e-10
9.688679546149270294e-12
8.940803652990325645e-09
2.159681855573580833e-08
0.000000000000000000e+00
0.000000000000000000e+00
1.764190216135830269e-08
2.473536255820363294e-07
0.000000000000000000e+00
0.000000000000000000e+00
0.000000000000000000e+00
0.000000000000000000e+00
4.514767670826813628e-09
1.048448893925524317e-06
5.623144616606623458e-09
0.000000000000000000e+00
0.000000000000000000e+00
5.468105968020608998e-09
0.000000000000000000e+00
6.860897201477200724e-07
0.000000000000000000e+00
0.000000000000000000e+00
0.000000000000000000e+00
0.000000000000000000e+00
4.611999671055855288e-08
2.172707569414455975e-09
5.126618685125094999e-09
3.559216810167242784e-10
3.541682872310047969e-06
6.595919899154978339e-08
1.318332749633555068e-07
3.901515697180002462e-07
1.992081877233431442e-08
7.612150909608317306e-09
2.212345435737006483e-07
3.827720085336494549e-11
1.963867823917553324e-08
0.000000000000000000e+00
4.400814361815719167e-07
4.854061153025668318e-09
3.651552660244306026e-08
1.211128051181731280e-07
9.465690027354867198e-07
2.797179092794976896e-07
1.742223609824122832e-08
0.000000000000000000e+00
4.493929495197335200e-08
4.636851347328274642e-09
1.903192128338559996e-07
4.266395237095821358e-08
3.047923371468641562e-07
2.046741220951275864e-09
0.000000000000000000e+00
4.206593075650744140e-06
6.945869699848117307e-06
9.604941730856353388e-09
6.810753916397516150e-08
1.334744403891363618e-08
9.168268810810786817e-09
3.368322722963057458e-06
2.484410401848435868e-07
3.893968312240758678e-07
1.461665188884353483e-08
1.538609353701758664e-06
1.163777296753210067e-09
6.557286980068965931e-08
7.815137870181843027e-09
7.437346294381086409e-09
3.422483407788945442e-09
3.163387954363550136e-12
1.291743245701582055e-07
0.000000000000000000e+00
2.123983051660616184e-07
1.130952043126853823e-07
1.860182123891718220e-06
2.005554762263273005e-07
5.229287225461121125e-08
1.059031085048900422e-09
0.000000000000000000e+00
8.092414560678662383e-08
7.661899559252560721e-09
2.461910924012045143e-07
1.286043449510998471e-08
1.063101606746386096e-07
0.000000000000000000e+00
7.723157295913551934e-07
6.081753323172733872e-09
7.287760439567136928e-08
1.206343256399122765e-07
0.000000000000000000e+00
8.079046409648071858e-08
5.561446059232366679e-08
5.925062218636867328e-09
5.182537776704521093e-08
5.454313395603094250e-06
1.069636823558539618e-06
1.506194280409545172e-09
3.661569181190316158e-08
1.898660251242745289e-08
0.000000000000000000e+00
7.315948380437475862e-08
0.000000000000000000e+00
3.256981244703638367e-07
3.140121407341212034e-08
2.915064856168214646e-10
1.162093621331905524e-08
0.000000000000000000e+00
0.000000000000000000e+00
1.200011467972217361e-07
6.060231871884980137e-09
0.000000000000000000e+00
0.000000000000000000e+00
4.241472451038674762e-10
1.142640127481386880e-12
6.609059410855877559e-10
8.428328257537032187e-09
1.175797237351616786e-08
5.362109689599492413e-08
0.000000000000000000e+00
3.000998755053885247e-12
9.199595041309294174e-08
2.013445943305214314e-08
7.390687528641137760e-08
0.000000000000000000e+00
0.000000000000000000e+00
6.894821780178972404e-08
4.074161452649605053e-08
1.714674198183274711e-07
7.772185117715935121e-10
3.992351693682394398e-08
0.000000000000000000e+00
6.646791206321722711e-08
0.000000000000000000e+00
6.175169708910743793e-09
6.439640820588010683e-09
1.407955920740278088e-07
6.923972029407310380e-13
2.907180807198983530e-08
0.000000000000000000e+00
1.431597951295771054e-09
0.000000000000000000e+00
0.000000000000000000e+00
3.235829737491258129e-08
5.862419527602469316e-08
1.120302961510333262e-09
0.000000000000000000e+00
0.000000000000000000e+00
1.595093945816472569e-09
0.000000000000000000e+00
8.629478998045669869e-08
0.000000000000000000e+00
0.000000000000000000e+00
3.006509263769885365e-09
0.000000000000000000e+00
0.000000000000000000e+00
7.628544741429890697e-14
3.168097173489314855e-10
0.000000000000000000e+00
1.577816904907436424e-10
8.159081410497037723e-09
4.672115139214838564e-09
0.000000000000000000e+00
0.000000000000000000e+00
0.000000000000000000e+00
1.513162095623243886e-10
9.938659673025540542e-09
0.000000000000000000e+00
9.028314984504959284e-09
0.000000000000000000e+00
6.452104628351662541e-09
1.616586864372493437e-09
0.000000000000000000e+00
0.000000000000000000e+00
5.104990208337767399e-09
6.427503418393598622e-09
3.640470369603576728e-09
3.220795186109626229e-09
1.747517908157192323e-09
4.880944004526099889e-08
0.000000000000000000e+00
9.765531672201177571e-08
0.000000000000000000e+00
0.000000000000000000e+00
2.188415670900667465e-09
2.277052502108745102e-08
0.000000000000000000e+00
0.000000000000000000e+00
7.844781748644891195e-07
1.210560540698679688e-09
1.410542460611452498e-09
3.030207862408929032e-09
7.079631991757651122e-09
1.643195588485468761e-07
1.843974573034756759e-08
9.807887835222572903e-09
1.459720579077838920e-06
5.198307562181980757e-09
1.925423376292201283e-08
5.641721312343861428e-09
1.477366340374430820e-09
3.741847942606568722e-10
2.333801988468886535e-12
6.522965279032177932e-09
0.000000000000000000e+00
2.184777159186523932e-08
5.648440719596692361e-07
5.006980247079795276e-11
1.280820338678267944e-08
3.309116314298421457e-09
2.073877993780115503e-07
6.201977265085645286e-10
3.617753319140604162e-10
2.032833101850428648e-08
1.174399206355092318e-11
4.986765844705587369e-08
1.165769418776108068e-07
4.730954472620396700e-08
0.000000000000000000e+00
5.605992328128195368e-07
0.000000000000000000e+00
2.294025591709214495e-07
2.104078248521545902e-06
3.429449224601199830e-10
7.122872291986936943e-10
3.819720983955221527e-09
1.548475347945554859e-09
9.391230154642826733e-11
6.811870623124605117e-09
4.881218274022103287e-08
2.582430269626456720e-09
2.654032904558789596e-08
5.076559832228877411e-12
1.082610538105654996e-06
5.168337793293176219e-07
2.741796345517855116e-09
5.807723368889128324e-08
5.230555988333662754e-09
2.241157289972761646e-06
5.341584028428769670e-07
1.840669305863684713e-08
1.703060235058728722e-07
2.497929330047554686e-08
4.087640803618342034e-08
1.249616143894627385e-08
1.173544092125666793e-06
7.495944487345695961e-08
1.516142100754791500e-09
1.028574160955031402e-06
2.419750400051157158e-09
4.110512374921881928e-09
1.100224267247540411e-08
2.836475943013283540e-08
7.106574173576518660e-08
3.742769205672402677e-09
4.620332116900272013e-09
8.497350600933373244e-10
1.036143970623015775e-08
0.000000000000000000e+00
1.994400804505858105e-07
1.043704145331503241e-08
1.230829838050340186e-08
3.697732786633878277e-09
2.594658266019678194e-09
5.769015043455283376e-09
2.147613864522668337e-09
7.027255666258724887e-09
2.782783448118664182e-10
3.329753972547422336e-10
4.022051580676588856e-09
8.406284557338494778e-10
6.385342032899643527e-09
9.071392526038835058e-09
8.397191777476109564e-07
1.095594504008090553e-09
1.150476519606868919e-10
4.083404192556372436e-08
0.000000000000000000e+00
8.698304441168147605e-07
7.004614985817170236e-07
2.052916059369636059e-09
1.195655663366324006e-08
2.308935542760792714e-10
9.103383824538013869e-09
3.329522435535636760e-09
7.342180907699003001e-08
1.958278650349143390e-09
0.000000000000000000e+00
8.843040744110908236e-10
0.000000000000000000e+00
0.000000000000000000e+00
2.415861466431579174e-08
2.644493068970632521e-09
0.000000000000000000e+00
5.700960148402600680e-09
1.291958096061307515e-08
1.592924014914842701e-09
3.012778293509654759e-08
1.235771719620970543e-06
1.538214462470932631e-07
5.169095373958043638e-09
1.899626411727695086e-08
6.293763732401203015e-08
1.476222366569857058e-09
7.354702957762526694e-10
6.710396238673865810e-09
8.459862255172367895e-10
2.326779047212568230e-11
0.000000000000000000e+00
0.000000000000000000e+00
1.439482161913474556e-06
0.000000000000000000e+00
0.000000000000000000e+00
6.805937147191798431e-09
0.000000000000000000e+00
0.000000000000000000e+00
0.000000000000000000e+00
9.898128610075218603e-07
0.000000000000000000e+00
4.213652982087978671e-09
0.000000000000000000e+00
1.568776042404351756e-07
6.695431693515274674e-07
0.000000000000000000e+00
0.000000000000000000e+00
0.000000000000000000e+00
0.000000000000000000e+00
0.000000000000000000e+00
0.000000000000000000e+00
3.095560252575069171e-09
2.874438465028106293e-09
1.824673967476542202e-09
3.664087344645849953e-08
1.212702382957786540e-09
2.727623460430095292e-08
5.275563452755704930e-08
7.164800877035304438e-07
1.461532850299818165e-08
4.474279613475573569e-09
9.660993782745208591e-08
9.679234125314906123e-08
5.903209299162881507e-08
2.070584059765678830e-06
2.419514311124970618e-10
0.000000000000000000e+00
0.000000000000000000e+00
1.750875888717473572e-08
4.718766533073903702e-08
4.932330655016414767e-10
2.759162676113646739e-09
1.380803809070130228e-07
0.000000000000000000e+00
0.000000000000000000e+00
0.000000000000000000e+00
5.290644367050845176e-09
1.025208788973941409e-07
9.068399364764445636e-09
1.785225656192324095e-08
7.572944049627494678e-09
6.191167717384260527e-11
0.000000000000000000e+00
0.000000000000000000e+00
0.000000000000000000e+00
1.437440033669190598e-07
1.441319952277808625e-09
2.013438304970804893e-09
7.127836987308455718e-09
1.050363493959594052e-07
6.105101135744916974e-08
1.096749429052579217e-06
1.268335325654845747e-09
7.001808022266686748e-09
0.000000000000000000e+00
9.412210566495105013e-09
7.111760513822673602e-09
4.244057993929573058e-09
7.107107791171074496e-09
5.734653996114502661e-08
8.117343242020069738e-09
1.309696084916822656e-08
8.167558296356958181e-10
7.232387466693523947e-10
1.020632645065688848e-08
6.467296920220633183e-09
2.241555163706721032e-09
1.127075803901964914e-15
3.494665179459843785e-08
2.654283043357352767e-12
1.155871629521243449e-07
8.015253172288794303e-08
2.725091485800135160e-09
3.676833282284519555e-10
1.362084489642256813e-08
3.170747345238034143e-11
2.500409657102409255e-08
6.445699551362038537e-13
0.000000000000000000e+00
5.351875609349576735e-10
0.000000000000000000e+00
1.969653086464351333e-11
4.630236389857600443e-07
1.438605945480730952e-08
1.456122600274056822e-08
2.969564434351923410e-07
1.028842689265729859e-06
2.148480575669964310e-07
2.477563265657067859e-09
2.784415471523971064e-07
6.736788644295943485e-12
6.728200219185964670e-07
3.456570141224801773e-07
7.963293136015181517e-09
1.090285408622548857e-07
2.303720378904472454e-07
3.928855107915296685e-07
1.257935533516274518e-09
5.349452880665239718e-09
6.375716843365353270e-09
3.748737356090714457e-07
4.178480139671592042e-08
0.000000000000000000e+00
1.196030893879651558e-06
5.031427718904524227e-08
2.493138424597418634e-07
1.627490519240382127e-06
9.212282492399026523e-09
1.154287360805028584e-06
2.285129951928865921e-08
1.438030028388936898e-09
8.629857006781094242e-07
6.636162197537487373e-07
2.787953201632831224e-10
3.597033355617895722e-07
1.355421886728436220e-06
1.515353119430074003e-06
2.080129206660785712e-07
1.838146701516052417e-08
1.503060730101424269e-06
1.190417492580309045e-06
1.368790147893150788e-08
1.607287913429900073e-06
2.300636303687042528e-08
0.000000000000000000e+00
0.000000000000000000e+00
1.300431939910140500e-08
1.262433380055938414e-09
3.324334141296958478e-10
3.986976437886369240e-08
7.588889516796371026e-10
2.578153690535600617e-09
3.005741655570659532e-09
9.663399858084176230e-09
2.123564399880706333e-07
1.563055107567379309e-08
2.393033771141972466e-09
0.000000000000000000e+00
1.588735329960400122e-07
4.059156122337981287e-09
3.677595339368622263e-09
6.189879968587774783e-06
2.124234868006169563e-07
3.785691760072040779e-09
2.471659399816417135e-06
3.904201406612628489e-08
6.232739213629656660e-09
3.752710711069084937e-07
1.373185676278865230e-09
1.218132018865336619e-11
1.559087422720040195e-06
1.130652265146636637e-07
3.129371961563265359e-08
1.276603029509715270e-06
1.976398156244840720e-09
7.308888427814963507e-08
5.670581515460071387e-08
0.000000000000000000e+00
1.240545532965597886e-08
4.467976821853625324e-10
4.331411618263558694e-10
0.000000000000000000e+00
1.080730949176711420e-09
1.996210308163881564e-09
5.804068337056378368e-08
0.000000000000000000e+00
6.472875568874769669e-09
1.708601038430401786e-10
6.655363371521616500e-09
1.266727167603676207e-08
4.240560125268189040e-10
8.965747255729183962e-09
0.000000000000000000e+00
0.000000000000000000e+00
0.000000000000000000e+00
0.000000000000000000e+00
0.000000000000000000e+00
2.351230477870558389e-06
1.360709092068645987e-07
1.466458510179791119e-08
1.159676571660384070e-06
6.180088263363359147e-08
1.014354555906038513e-08
4.257733610124603274e-10
4.859576847593416460e-07
1.204350930095188232e-08
0.000000000000000000e+00
7.306411031748893947e-10
0.000000000000000000e+00
1.648717073976513348e-08
0.000000000000000000e+00
0.000000000000000000e+00
5.510665188057650710e-11
0.000000000000000000e+00
8.802764739357371582e-09
5.157699267677173793e-10
1.004339278409815961e-08
0.000000000000000000e+00
2.289028060431519407e-07
9.275473722425431333e-09
0.000000000000000000e+00
3.309329156195306432e-12
7.603694562874352414e-09
1.929100790221127681e-06
6.282436260107715498e-08
0.000000000000000000e+00
4.057979481331130955e-07
1.000126914618704177e-07
2.218787642505049007e-08
2.681640687285380409e-09
0.000000000000000000e+00
1.092411716641095154e-09
1.534739766384518589e-07
8.353233660329806298e-10
0.000000000000000000e+00
0.000000000000000000e+00
7.161515469533696887e-08
6.245008954408604041e-10
2.664529006324301008e-07
8.642931703661815845e-09
4.511803908258116280e-08
1.587400766389635010e-09
1.558200790618968767e-10
1.628954038324081921e-08
5.553738091634841112e-08
3.846983620547916871e-09
5.335521469085335866e-10
0.000000000000000000e+00
9.139811130154384955e-10
5.343237319266336272e-08
0.000000000000000000e+00
1.920370390484649192e-10
8.054520890254934784e-07
2.916664465502094572e-09
7.605356448781019907e-12
2.825214950874510578e-09
1.943397942572033799e-10
7.276197422356744937e-10
1.537300953202702658e-09
9.513858856280421605e-08
8.715216637256162358e-08
9.292009828243408265e-09
1.747692834896952263e-08
1.737297639081702982e-09
1.756759737681079514e-09
3.643029231170658022e-06
6.995138690513158508e-09
3.187374275626098097e-08
1.595290228806334198e-07
8.337185802842483895e-11
3.942746502616500948e-07
0.000000000000000000e+00
1.260746802095313868e-11
4.753023752357421472e-09
1.479229609913090826e-07
1.155425444210322894e-08
6.142172281897728681e-08
3.165972206620182305e-10
0.000000000000000000e+00
0.000000000000000000e+00
3.562236088328063488e-07
1.081482237097475263e-09
1.091449014500867065e-10
2.582240021808956953e-08
4.264103381501627155e-07
1.112057823604573059e-08
3.811579496471040329e-09
1.895316472655395046e-06
3.693648165103979863e-11
6.410466379946910820e-09
2.981019520120753441e-07
3.236829826391840470e-08
2.122329050280313822e-07
4.753032811777302413e-08
3.781704549510322977e-08
1.551721773296321771e-08
3.947147331206934950e-10
1.533002702558405872e-08
1.022452078558444555e-08
7.732150919537161826e-09
6.600506252674165353e-10
0.000000000000000000e+00
3.518613456154895403e-10
2.489979555875265760e-09
1.016097517236858039e-08
2.102055862707175038e-09
8.421474007036522380e-08
2.065312809662600557e-09
6.062371085135964677e-07
4.934155839464438031e-08
6.927717066673722002e-09
7.647787469977629371e-07
7.462745976738460740e-09
9.710594994771781785e-09
2.505944394215475768e-07
1.463992020944715478e-06
5.391467539084260352e-07
2.103437566347565735e-07
2.381508501514417731e-08
1.042110753246561217e-07
1.509295444179770129e-08
7.267817903056084106e-09
2.157189316065455387e-09
4.418974519637686171e-09
1.531418014621976909e-08
0.000000000000000000e+00
0.000000000000000000e+00
2.979847977258032188e-06
1.612179119092616020e-07
8.389860539637084003e-08
8.395271144934213225e-09
3.772181234040772324e-09
0.000000000000000000e+00
1.870583909990841676e-09
2.860301719920244068e-07
1.226406311616301537e-06
2.246210994982789089e-09
7.095763265851928736e-08
3.873064713388885139e-08
2.612148080061160726e-07
1.523023374083720682e-09
1.449895847827065154e-08
2.335523552332574582e-09
3.402175430267107004e-09
4.516883507221791660e-07
0.000000000000000000e+00
3.718857897183625028e-06
8.254407646290928824e-08
3.345691945710882464e-09
1.657085363149235491e-06
1.342497597534020315e-07
1.904948554454222176e-08
0.000000000000000000e+00
2.948792543477907202e-09
8.317741873042905354e-08
0.000000000000000000e+00
2.698443024584662453e-09
7.042945671109634986e-10
3.068255094440530684e-10
0.000000000000000000e+00
0.000000000000000000e+00
3.112172075603325538e-09
2.132056087233991093e-09
1.634488988599969161e-08
0.000000000000000000e+00
3.362872575962683186e-07
3.618308541675219203e-09
9.567022729584095941e-09
0.000000000000000000e+00
0.000000000000000000e+00
0.000000000000000000e+00
0.000000000000000000e+00
1.753267326876084553e-07
8.384656302595772104e-10
0.000000000000000000e+00
1.217324097524397075e-06
5.011425514567235950e-07
0.000000000000000000e+00
1.237385927055356660e-08
0.000000000000000000e+00
6.053152219465118833e-07
8.872156342931702966e-10
4.045539299113443121e-06
3.453643482309587398e-10
7.216777841989596709e-09
8.743831436675009172e-09
0.000000000000000000e+00
1.796189849301299546e-06
0.000000000000000000e+00
0.000000000000000000e+00
2.177719515827902796e-08
2.545061306591378525e-06
4.324056224191963338e-09
7.031464743789683780e-09
0.000000000000000000e+00
5.979125639044013951e-09
9.761196295698937320e-09
1.198041887917611348e-09
7.890667319543354097e-08
3.000388382190521952e-09
2.279723965159519139e-09
7.373975563496060204e-08
5.228315913541337068e-08
1.350216188855668520e-10
0.000000000000000000e+00
3.458134223421893694e-09
0.000000000000000000e+00
2.115943743774550967e-06
1.128185100895962023e-08
3.941642887639318360e-07
2.628859085973545007e-08
0.000000000000000000e+00
1.491837764433512348e-07
0.000000000000000000e+00
9.431231351442193045e-10
7.300876632143626921e-07
3.221999520519602811e-07
1.233437387782032602e-07
1.425087714501671599e-09
5.548662684873306716e-08
2.474167981603159205e-09
5.567153493757359684e-07
5.885163911756308153e-09
1.060892245163813641e-07
9.848288406999472500e-09
6.339340163918905091e-11
3.718829759691288928e-07
4.266508535355484355e-10
0.000000000000000000e+00
1.917581812449498102e-06
4.869010972186060826e-09
1.054368770070368555e-08
7.980795544426655397e-07
0.000000000000000000e+00
4.179151247285517456e-08
0.000000000000000000e+00
0.000000000000000000e+00
0.000000000000000000e+00
0.000000000000000000e+00
3.029393838005489670e-07
9.888610763564287254e-12
1.120810000365679571e-09
0.000000000000000000e+00
3.539861459511683961e-11
3.660673186800522672e-08
1.082910983107865377e-09
4.147684649069560692e-07
1.597023291388666166e-09
3.777630638857054635e-11
1.018876538694257761e-08
0.000000000000000000e+00
3.501514456161203270e-08
0.000000000000000000e+00
0.000000000000000000e+00
1.001102395832521516e-14
5.306420547412926680e-08
0.000000000000000000e+00
8.064825474107806258e-10
0.000000000000000000e+00
2.309814783885144607e-09
5.335040853537975636e-09
1.340893368562134924e-10
9.866406358582935354e-09
4.171404111019683114e-09
1.294622187231198041e-08
0.000000000000000000e+00
4.309093359911031484e-11
2.765792483927498324e-09
3.462034436907401869e-09
0.000000000000000000e+00
1.169428553993157038e-09
4.293128963439585277e-09
0.000000000000000000e+00
0.000000000000000000e+00
0.000000000000000000e+00
1.820166858124139253e-06
0.000000000000000000e+00
1.066943533523101451e-09
1.546479637681841268e-07
0.000000000000000000e+00
5.451478379825402953e-09
0.000000000000000000e+00
4.456876823155653256e-08
1.962502604868632261e-09
8.777534254988950124e-09
5.975530736890277694e-09
8.225104153325446532e-08
2.651456476598923473e-08
4.579644219404599426e-09
2.194400678945385152e-07
1.183891171763207240e-07
1.705212184788251761e-06
1.046680267791089136e-06
8.920481775476218900e-08
8.085385161393787712e-07
5.260713464849686716e-07
1.245906933178275722e-08
9.138400258734691306e-08
3.359779157108278014e-07
8.104302651190664619e-07
2.234681915069813840e-06
6.564033014910819475e-07
1.297890150908642681e-07
5.106176672597939614e-07
1.091716370638096123e-07
4.567354494611208793e-09
4.160853439572065327e-09
1.042286967845029722e-07
2.199768687205505557e-07
2.248778940838747076e-09
1.181108018499799073e-06
4.505562571921473136e-07
1.911464835302467691e-07
5.175645014787733089e-07
3.619006463395635365e-07
1.295309282056678057e-08
1.069457677971286103e-08
4.847972832067171112e-07
1.981656652105812100e-07
6.676438033537124284e-07
8.280721663922463449e-10
3.057856190480379155e-08
1.200592123495880514e-07
1.166729433066393540e-07
6.937827645714378377e-09
2.789738751118875371e-08
9.242516512131260242e-07
2.722442218328069430e-07
3.884706334389420590e-09
5.504021771685074782e-08
6.618633960897568613e-07
6.007077217873302288e-07
2.299681000295095146e-06
2.603858462180141942e-08
1.291268972636316903e-06
3.278070792589460325e-08
1.976096442035668588e-08
3.377340078714041738e-07
1.583477704514280049e-08
4.903779426967957988e-08
4.555975152698010788e-08
3.740204945756886445e-08
5.905873123879246123e-08
1.551892303552904195e-08
2.818815687533060554e-07
6.020731291300762678e-08
2.180967015874557546e-07
0.000000000000000000e+00
3.538795283475337783e-07
3.779054225105937803e-08
9.388507038465832011e-08
2.505051270418334752e-06
3.100658886978635564e-06
1.738607693368976470e-07
1.548007730889366940e-07
4.281561771790620696e-09
4.103557955659198342e-07
2.587164260603458388e-07
1.765691926003398748e-09
0.000000000000000000e+00
2.396371545643205536e-09
0.000000000000000000e+00
9.729699712579531479e-09
4.632601857679219393e-08
1.744707711637261127e-10
3.144742688476753756e-09
2.198345860904282745e-08
3.610865384473527229e-09
0.000000000000000000e+00
6.659207087977847550e-07
0.000000000000000000e+00
0.000000000000000000e+00
5.526958057888720077e-11
1.665129545358468022e-08
1.524056983726040926e-06
3.138548532177765082e-09
5.031715133441139187e-08
1.862348497638777189e-08
2.379104691030420327e-09
9.281754032031130919e-09
8.880129520605350990e-09
3.941518116334918886e-07
6.146090303360551843e-09
0.000000000000000000e+00
4.052222724038045953e-10
2.787272457283052063e-08
0.000000000000000000e+00
0.000000000000000000e+00
2.414272159967367770e-08
2.747638063738122582e-06
3.527926173418904909e-09
1.335581956141140836e-08
2.179495595555636100e-06
1.634915425263727684e-09
7.190257633737928700e-08
3.693370886903579731e-10
0.000000000000000000e+00
0.000000000000000000e+00
5.647232247801836635e-12
5.247558121368456341e-08
8.080845326219332492e-09
1.236889630717996624e-07
4.316215385102850632e-09
2.747938765423896257e-09
2.510246233100588142e-08
0.000000000000000000e+00
2.800284726323098994e-10
1.391759507640699667e-08
9.614894658227512991e-09
8.557292119348858250e-08
1.812350944874197012e-07
3.205780672033142764e-07
2.587324798852819185e-09
2.171339588130649645e-07
0.000000000000000000e+00
0.000000000000000000e+00
4.934924504595983308e-07
1.303846204336878145e-07
9.265588296614168939e-09
1.542451388836241222e-09
0.000000000000000000e+00
0.000000000000000000e+00
1.176028607829948669e-08
3.739037079952822751e-09
3.338751530020805935e-13
5.018370302423136309e-06
1.962200570915229036e-07
9.643099474487826228e-07
3.240780586111213779e-07
4.291399022804398555e-07
1.838250909713678993e-06
1.302835016758763231e-06
6.526873903567320667e-07
2.765799251847056439e-07
1.771963525243336335e-06
8.349587687916937284e-09
1.380473918288771529e-06
3.899660327988385689e-07
3.086886692926782416e-07
2.823228214765549637e-06
3.414250386413186789e-06
8.661419315103557892e-07
7.127563890207966324e-07
1.417632006450730842e-06
4.625648273304250324e-07
5.751498974859714508e-07
2.787540779536357149e-06
5.057027010479941964e-07
7.278925409082148690e-07
1.362980810881708749e-06
2.257653932247194462e-06
1.025521214614855126e-06
1.025572146318154410e-06
1.478261651755019557e-06
3.353236706971074454e-06
7.587964887534326408e-07
2.155098570710833883e-07
2.112137309495665249e-08
2.307524027855833992e-06
1.247821046490571462e-06
1.721460733961066580e-07
2.336339974817747134e-07
4.950882726006966550e-07
2.767218916233105119e-07
4.679978360400127713e-07
6.737847115800832398e-07
1.743395728226460051e-06
4.289542800961498870e-07
5.666777980195547570e-08
2.434930763683951227e-07
4.601390344305400504e-07
4.700395095369458431e-07
5.206732680562708993e-07
2.837161439117608097e-08
1.474962232350662816e-07
1.738758186320410459e-07
4.562362505566852633e-07
3.249308065278455615e-06
1.839134853298673988e-07
2.615578864606504794e-07
2.620910208861459978e-06
1.590293663866759744e-06
1.249481869081137120e-07
5.739459538744995371e-06
5.265229363615731017e-10
4.367541350802639499e-06
3.358439357725728769e-07
1.742790573189267889e-06
1.855752202573057730e-06
1.534313582851609681e-06
4.473719741326931398e-07
3.941726390621624887e-06
5.838302286065299995e-07
1.629628741284250282e-06
2.201003781010513194e-06
8.490183063258882612e-07
1.915045459099928848e-06
6.222430215530039277e-07
1.952656560888499371e-07
8.957394470598956104e-07
6.605666271752852481e-07
1.197770529870467726e-06
9.069333373190602288e-07
2.436740942357573658e-06
5.566188292505103163e-07
3.709196334966691211e-06
1.346405952062923461e-06
2.585509548680420266e-07
5.980516561976401135e-06
5.558262614613340702e-07
1.556058464302623179e-07
5.138410301697149407e-07
3.791767539951251820e-07
7.001162884989753366e-07
8.712392229881515959e-08
4.388943750655016629e-07
1.046469755294765491e-08
4.468794486456317827e-06
1.462897216697456315e-06
7.595615869604444015e-08
3.662256915504258359e-07
2.855847753835405456e-07
5.066393100605637301e-07
2.224918944193632342e-06
1.277525007026270032e-05
8.981591470558214496e-09
1.283976587274082704e-07
0.000000000000000000e+00
2.220641093231279228e-08
5.915358087804634124e-07
8.037138741201488301e-07
2.434047097210623178e-08
3.980491669608454686e-08
7.204814522765445872e-08
3.780715360335307196e-06
2.515032626604352117e-09
9.195571237796684727e-08
1.646139082822628552e-07
1.888211187406341196e-08
1.359347745477634817e-08
3.181411329933325760e-07
2.910987575432955055e-07
1.022909032144525554e-06
2.634498514453298412e-06
4.892254423793929163e-07
8.340797990058490541e-07
4.746765966956445482e-07
7.399734158752835356e-07
5.959088866802630946e-07
3.718001153174554929e-06
1.323797050645225681e-06
4.841876943828538060e-07
5.374255920287396293e-07
2.961065774798044004e-07
3.765480414585908875e-06
1.069247446139343083e-06
1.481922026869142428e-06
9.317649301010533236e-07
1.217636508954456076e-06
3.531282800395274535e-06
1.333609247922140639e-06
1.057253143699199427e-06
1.345336841040989384e-06
3.489675464152242057e-07
9.638204119255533442e-07
6.782912805647356436e-06
1.186216650239657611e-06
1.340059725407627411e-07
3.709129998696880648e-07
2.835136001522187144e-07
2.750661849404423265e-07
1.104316538658167701e-06
2.056299763353308663e-06
2.416957158857258037e-06
2.094326646329136565e-06
2.278049748838384403e-08
7.263139991664502304e-07
1.217950540421952610e-08
1.677776936048758216e-06
6.008406217006267980e-08
1.486354594959493625e-08
3.236422685404249933e-07
6.932294240868941415e-07
1.787022796406745329e-07
0.000000000000000000e+00
1.434826373269970645e-07
1.464256769168059691e-07
3.060895096496096812e-06
5.810441621179052163e-07
4.819215178031299729e-07
4.744933050915278727e-07
2.595431851659668609e-07
1.004973384510776668e-07
6.024403091942076571e-07
5.417701913756900467e-07
1.373021746076119598e-06
1.216048531205160543e-06
2.836889962054556236e-06
2.014915452264176565e-07
6.991198731043368753e-09
4.837817968450508488e-08
1.027460712066385895e-06
2.103386620433411736e-08
8.916334763853228651e-07
2.361386322036196361e-07
1.735514615575084463e-06
1.356121720164082944e-05
3.250318059144774452e-07
4.225316274641954806e-07
6.967893000364711042e-07
2.096171556331682950e-06
5.527231223823036999e-07
6.897217303958314005e-07
1.307202069256163668e-06
8.345322157765622251e-07
2.405776513114687987e-06
1.036482046856690431e-07
4.930495833832537755e-06
3.649220843726652674e-06
4.306039045331999660e-06
9.538526910546352156e-07
7.785206435073632747e-07
2.183850256187724881e-06
9.982037454392411746e-07
1.237985657098761294e-06
4.956369139108574018e-06
1.175574539047374856e-06
8.612074680058867671e-07
3.086229867221845780e-07
1.386547694437467726e-07
2.206196768383961171e-06
5.503898137249052525e-07
3.677495897136395797e-06
2.928531417367707945e-09
2.049594741038163193e-06
3.212543788322363980e-06
4.430782780673325760e-07
2.038648148072752520e-07
1.243826773134060204e-06
1.934850388352060691e-06
8.497505632476531900e-08
2.679303634067764506e-06
1.618125082814003690e-07
1.239250702056438058e-09
5.092701371722796466e-07
4.189098206097696675e-07
7.874915297634288436e-08
2.903972017520572990e-06
2.638134617427567719e-07
1.475451540500216652e-06
3.516959168337052688e-06
1.826202975507840165e-07
1.033600142363866325e-06
2.979332407448964659e-07
8.545995910935744178e-08
1.198681331970874453e-07
1.753255446601542644e-06
6.943482162569125649e-07
3.714733338711084798e-06
2.371511527599068359e-06
1.129259530330273265e-08
3.011522764495566662e-08
0.000000000000000000e+00
0.000000000000000000e+00
9.072724083125649486e-08
3.747087973238194536e-09
1.954633944478700869e-06
3.163469486366921046e-08
1.818035570977372117e-06
5.096013389049858233e-09
3.509365242848616617e-08
3.602465881158423144e-08
3.362182496857712977e-07
5.695425286944555410e-08
1.553466333348296757e-08
0.000000000000000000e+00
8.121076007228111848e-07
3.761851985473185778e-08
1.272842496291559655e-06
3.962995975825833739e-08
1.197724373014352750e-07
1.311599095998872144e-08
9.932786326771747554e-08
1.410213599228882231e-07
1.272475742553069722e-06
1.561449494147382211e-06
2.318934775757952593e-06
8.818343530947458930e-07
3.174155381202581339e-06
1.570935523886873852e-06
6.742017717442649882e-07
3.236220891267294064e-06
3.826734428002964705e-06
1.703660245766513981e-06
6.300809900494641624e-07
2.070011078103561886e-06
4.698596285379608162e-07
2.953475132017047144e-06
3.482092097328859381e-06
7.271383424267696682e-07
4.566024358609865885e-07
1.258282964045065455e-06
1.429311055289872456e-06
9.712989594845566899e-07
1.434099061725646607e-07
4.351174709427141352e-07
8.988436093204654753e-07
4.057617672970081912e-07
5.913852874073199928e-07
8.293891369248740375e-07
0.000000000000000000e+00
7.306617249014379922e-07
1.504624265180609655e-06
3.130361392322811298e-06
2.438151796013698913e-07
3.199685920662886929e-07
4.495350935940223280e-07
1.519195620858226903e-06
2.577653958724113181e-06
3.409951432331581600e-07
1.605922193448350299e-06
2.651728436831035651e-07
6.646897254825034906e-09
2.893774308176944032e-06
1.446001931526552653e-07
2.854181957445689477e-08
0.000000000000000000e+00
3.090268307914811885e-07
6.175366138450044673e-07
2.813644650601077046e-09
5.291674209928487471e-09
9.386346278006385546e-08
4.999078839773574146e-08
9.996594663164160011e-10
0.000000000000000000e+00
5.884979259462852497e-07
1.607464469088881742e-06
0.000000000000000000e+00
9.544648627013430087e-09
6.533169560896112671e-09
3.584881014262464305e-08
1.377687226522539277e-07
3.111503943387106119e-09
7.346373109839987592e-08
1.849203044912428595e-06
0.000000000000000000e+00
5.285141924105118960e-07
1.425889006867464559e-08
3.099729610767099075e-07
2.274576615945989033e-07
4.380220630650910607e-09
1.652400783314078581e-06
4.033139248349471018e-06
2.566251851021661423e-06
6.088787358748959377e-06
5.035133199271513149e-07
2.699454853427596390e-06
8.793637107373797335e-07
8.481932241011236329e-07
2.736514716161764227e-06
3.260699486418161541e-06
2.059813596133608371e-06
4.666603217629017308e-06
1.667530682425422128e-06
3.834768904198426753e-06
1.789563498277857434e-06
2.173786555204060278e-07
8.177859172064927407e-07
1.467712536395993084e-06
1.084331984202435706e-06
5.024911047257774044e-07
2.164733359677484259e-06
9.788443549041403458e-07
4.856114514950604644e-07
4.217818514007376507e-06
3.436458939631847898e-07
1.548757836644654162e-06
9.694161917650490068e-07
4.489514253691595513e-07
1.463505441279266961e-06
4.273432239187968662e-07
3.918098627764265984e-07
2.777595909719821066e-06
3.898475142705137841e-07
3.606318443871714408e-07
2.569394155216286890e-06
4.259518959770502988e-09
2.251062483082932886e-07
2.718097675824537873e-07
3.897300757671473548e-07
3.526336911363614490e-07
3.803231436450005276e-07
4.526752306333037268e-09
8.282675025839125738e-07
4.979558543283246763e-09
1.400636847392888740e-05
1.667598752419507946e-07
2.336822291226781090e-07
0.000000000000000000e+00
3.449366303698297997e-08
1.160150659984537924e-07
6.071302323107374832e-07
4.279220320313470438e-06
1.525555575199177838e-07
1.310093438178228098e-07
3.732437789949472062e-06
0.000000000000000000e+00
1.042483859237108845e-06
2.310449218612120603e-07
1.274583105725923815e-08
0.000000000000000000e+00
4.268535462870204356e-07
4.097159056470900396e-09
1.986964662137324922e-06
3.179861707280906558e-09
8.285582886458087160e-09
2.707439819005230675e-07
7.155279035941930488e-07
1.521818717264977749e-06
3.084553554799640551e-06
1.837430545492679812e-07
2.108860826410818845e-06
4.193124823359539732e-06
7.460383244506374467e-07
1.497294192631670740e-06
4.168192049291974399e-07
8.910799351724563166e-07
9.591673915565479547e-06
4.016774255433119833e-06
7.339772309933323413e-07
4.129771298266859958e-07
5.201943167776335031e-06
1.284351242247794289e-06
5.219481522544811014e-07
3.303893549855274614e-07
1.392294052493525669e-06
3.243926016693876591e-08
8.817133689831280208e-09
7.855507533349737059e-07
2.791393249879092764e-08
1.491422807475828449e-07
2.391724649442039663e-07
3.326533260405994952e-06
8.246629477071110159e-07
2.431511347822379321e-06
8.255765351350419223e-07
5.555110647037508897e-07
7.079262331899371929e-07
8.823855637274391484e-07
1.816454755498853046e-06
4.613210435877590498e-08
7.322505098272813484e-06
4.327192073105834424e-06
0.000000000000000000e+00
3.233420784454210661e-07
1.611967945791548118e-07
2.300954520251252688e-06
3.728372917066735681e-07
1.218572407424289850e-07
3.097282785802235594e-07
3.451891927852557274e-07
5.311389941198285669e-06
2.773934970612401685e-10
1.248604348802473396e-07
2.962764922287419722e-09
9.569754411131725647e-08
1.173352075056754984e-06
3.078830843605828704e-07
6.229405698832124472e-06
7.714849061812856235e-07
1.126925781136378646e-06
5.641643952003505547e-08
3.136716131280081754e-08
0.000000000000000000e+00
3.518955054460093379e-06
2.721666305660619400e-07
0.000000000000000000e+00
6.880943601572653279e-07
1.283176516153616831e-07
2.019864524527292815e-07
1.900083290706788830e-08
2.039739577242016821e-08
3.588444599245121935e-07
1.416838131262920797e-06
1.822006510110441013e-07
1.454796120015089400e-06
1.567321760376216844e-06
2.651188196978182532e-06
1.231215264851925895e-06
9.991468914449797012e-07
4.043088210892165080e-06
6.749173735443037003e-07
1.954775967760724598e-07
2.813749233609996736e-06
3.081275963268126361e-07
2.467366584824048914e-06
1.337981757387751713e-06
1.900929987641575281e-06
2.426731384730373975e-07
9.699697329779155552e-07
7.068658760545076802e-07
2.767106366263760719e-07
7.823592568456660956e-06
2.432142593988828594e-07
0.000000000000000000e+00
3.429475157190609025e-07
8.538280837910861010e-08
4.771814474224811420e-06
9.216818739332666155e-07
3.559989281143316475e-08
1.377106059408106375e-06
1.473724142719845531e-09
6.853613285784376785e-07
1.364135329140481190e-07
1.417686007698648609e-06
1.277795263376901858e-06
5.910037614853536070e-08
1.777432203198259231e-06
0.000000000000000000e+00
4.865419214183930308e-07
1.376428855337508139e-07
3.942601324524730444e-06
8.715151125215925276e-07
5.504354589902504813e-07
0.000000000000000000e+00
3.596467124111768499e-09
6.408337416274889620e-09
4.558934207921083726e-08
3.935068804139518761e-08
1.896367649578678538e-07
0.000000000000000000e+00
0.000000000000000000e+00
2.100174924635211937e-06
7.765848408780584577e-09
8.044272803431340435e-09
3.210777865803038367e-09
0.000000000000000000e+00
3.848382164051145082e-07
1.732875460902505438e-07
0.000000000000000000e+00
0.000000000000000000e+00
0.000000000000000000e+00
0.000000000000000000e+00
0.000000000000000000e+00
9.488160479520502122e-09
3.602847584716073470e-07
3.079467205679975450e-07
1.551259811094496399e-05
1.665985905674460810e-06
1.355806944047799334e-06
2.235206238765385933e-06
5.332929049473023042e-07
3.220678081561345607e-06
1.665651211624208372e-06
1.317873170592065435e-06
1.559135057505045552e-06
1.544752876725397073e-06
1.103865429286088329e-06
4.889157025900203735e-07
4.022823759441962466e-06
1.214310827890585642e-06
7.940775503811892122e-07
1.673595875217870343e-07
1.889836084956186824e-06
1.103622594200714957e-06
1.548613909108098596e-06
1.007140667752537411e-06
6.902652227580574618e-09
9.658969020165386610e-07
2.001841266974224709e-06
5.073668489785632119e-06
1.191182218462927267e-05
1.106522176996804774e-06
6.911331063008674391e-09
1.372915789943363052e-07
5.231576778896851465e-06
1.652112799864491333e-12
1.288319595005305018e-06
0.000000000000000000e+00
2.906298846028221305e-07
0.000000000000000000e+00
0.000000000000000000e+00
7.402030544056970029e-09
0.000000000000000000e+00
0.000000000000000000e+00
1.432980756277402179e-08
2.897503126320088995e-09
1.543003804727050010e-06
5.594119102170225233e-06
0.000000000000000000e+00
0.000000000000000000e+00
4.983679691150655344e-09
0.000000000000000000e+00
0.000000000000000000e+00
3.227764722169013112e-08
1.807077751436736435e-06
2.282808281961479224e-06
4.178693870926508680e-06
3.225778186788375024e-07
5.784861514257499948e-07
4.862840228270215448e-07
2.702388883335515857e-06
1.110704488382907584e-06
4.708947017206810415e-06
1.551281093270517886e-05
4.184402087048511021e-07
3.435369819726474816e-07
1.537117441330337897e-06
4.898400334241159726e-07
2.778342377496301197e-06
4.911113933303568047e-07
3.777162646656506695e-06
1.196720290863595437e-06
2.610046294648782350e-07
1.291511011913826223e-06
3.883048975694691762e-06
3.117123412721412024e-07
8.692936717125121504e-07
1.060923224827092781e-07
2.787673980542137997e-10
8.213854130190156866e-07
3.998354536349779664e-09
2.409648303114408918e-08
4.764388563671673182e-07
4.503962358626267815e-08
5.657296355821017642e-07
6.761461008863989264e-07
3.933430434699403122e-07
3.807659538779262220e-07
7.256321765680695535e-08
7.881161501188671537e-09
1.100915625329434988e-07
2.932514320264090202e-08
3.583587158573209308e-06
4.516786020758445375e-07
1.545422037452226505e-06
8.241655450547114015e-06
7.663451469852589071e-06
2.870092885132180527e-06
4.780513336299918592e-06
7.676098903175443411e-07
2.451898353683645837e-06
4.330709373334684642e-07
3.153087845930713229e-06
0.000000000000000000e+00
3.273368747613858432e-06
1.995933416765183210e-06
6.899610980326542631e-07
1.885443765559102758e-07
4.142099498949392000e-07
2.342164517887823649e-10
4.331916603206309446e-09
2.004496053586990456e-07
2.595427872620348353e-07
0.000000000000000000e+00
0.000000000000000000e+00
0.000000000000000000e+00
5.829573490601092089e-10
0.000000000000000000e+00
0.000000000000000000e+00
3.543854987242411880e-08
0.000000000000000000e+00
0.000000000000000000e+00
0.000000000000000000e+00
0.000000000000000000e+00
0.000000000000000000e+00
0.000000000000000000e+00
0.000000000000000000e+00
0.000000000000000000e+00
0.000000000000000000e+00
0.000000000000000000e+00
0.000000000000000000e+00
0.000000000000000000e+00
0.000000000000000000e+00
0.000000000000000000e+00
3.586472757888259366e-06
0.000000000000000000e+00
1.179478625878971343e-09
0.000000000000000000e+00
0.000000000000000000e+00
2.495900730536959600e-07
0.000000000000000000e+00
0.000000000000000000e+00
4.022724819918721550e-09
1.331992280029226094e-05
