5.789159374103292066e-09
1.153884525706416753e-07
7.466451279469765723e-08
1.011427563923916750e-08
1.996505147872085217e-07
8.498658843336670543e-08
0.000000000000000000e+00
2.411817856540210414e-09
3.104538564002723433e-06
5.302327465983580623e-09
2.237786929981666617e-06
6.037685551518734428e-08
3.002469952662067953e-07
0.000000000000000000e+00
9.374915862281341106e-06
0.000000000000000000e+00
1.707434083009218284e-09
3.268858961291698506e-07
1.193342200167535339e-06
1.451768639526562765e-05
5.172210421733325347e-06
3.036596467609342653e-07
6.540101935570419300e-07
1.564604826853610575e-05
4.616634043941303389e-07
5.500940460478886962e-06
8.264885764219798148e-06
4.303121386328712106e-06
6.041344846607898944e-08
7.662372922823124100e-07
2.735358293648459949e-06
7.755291335342917591e-06
5.590146884060231969e-06
3.180495923515991308e-06
3.768642500290297903e-07
9.916749377225642093e-07
2.309386218257714063e-05
9.626957762520760298e-06
1.101387510971107986e-06
1.314285964326700196e-05
2.954629599116742611e-05
1.160963165602879599e-05
1.211279140989063308e-05
1.233582452186965384e-06
1.150123443949269131e-05
1.571294319546723273e-06
5.369353743844840210e-07
7.473293862858554348e-06
1.977675992748118006e-06
6.075671308281016536e-07
1.226338071091959137e-07
1.144151610787957907e-06
2.149382908100960776e-06
1.135504312799184845e-08
3.446382834226824343e-06
8.281695954792667180e-06
2.481210685800760984e-06
9.928483450494240969e-06
2.964270379379740916e-06
2.202969881182070822e-06
2.975042207253864035e-06
6.151397428766358644e-06
1.815952600736636668e-05
1.364959985039604362e-06
3.835182269540382549e-06
2.676047870409092866e-06
2.452515900586149655e-06
3.398614126126631163e-06
5.150589004188077524e-06
1.303131966778892092e-06
1.103468392216200300e-07
8.612590136181097478e-06
7.061130418151151389e-06
5.822398065902234521e-07
1.017130628611084830e-07
9.349267315883480478e-07
1.284811673940566834e-06
9.621360732126049697e-06
3.416081653995206580e-06
8.960144441516604275e-06
1.601969302100769710e-06
2.319846862519625574e-05
1.690787712504970841e-06
7.619694952154532075e-05
2.284683432662859559e-06
6.956761353649199009e-06
5.859550356035470031e-07
7.096455192368011922e-06
1.835412945183634292e-06
5.475170837598852813e-06
3.105648147538886406e-07
1.152934601122979075e-06
1.611249331290309783e-06
4.721287041320465505e-06
2.823077920766081661e-06
4.824845291295787320e-06
1.704494752630125731e-05
7.566631666122702882e-06
5.451257038657786325e-06
5.187217084312578663e-06
1.563085061206948012e-05
6.975328119551704731e-07
5.248407887847861275e-06
3.186780077157891355e-06
2.241389893242740072e-06
1.817994052544236183e-05
6.007446700095897540e-06
0.000000000000000000e+00
3.029984554814291187e-06
9.402559953741729259e-06
9.179549124382901937e-06
2.510451849957462400e-06
3.158885647280840203e-06
1.440053551959863398e-06
4.503117452259175479e-06
8.092554821814701427e-07
4.175512344772869255e-07
7.367525086010573432e-06
3.599512865548604168e-06
9.757519364939071238e-06
8.848036827657779213e-07
1.073004204954486340e-05
1.477330329180404078e-06
4.394643383420770988e-06
6.409256911865668371e-06
1.045624503603903577e-05
1.137513727655914408e-08
6.595246304641477764e-08
3.305177287415972387e-08
2.513613983623486092e-09
4.657431418308988214e-08
3.338655005791224539e-07
1.777175157258170657e-06
2.239989726149360649e-06
6.401136033673537895e-06
2.580367493010271573e-07
4.470008661883184686e-06
1.460621888327295892e-06
6.820652487249390106e-08
6.469158506661187857e-07
8.707100818128310493e-09
1.279336458992474945e-08
1.955309159029638977e-07
2.624743089540970686e-09
2.294149403780920693e-08
1.991231926012915210e-07
6.069399649533124830e-09
2.487554411345627159e-05
1.567163678828364937e-07
1.695283390290569514e-05
1.508459348542601219e-07
7.417332970049983487e-09
9.278343782170850318e-07
1.469302759460333618e-07
2.972406036860775203e-06
2.551453235355438665e-06
0.000000000000000000e+00
2.424746270435207407e-08
4.227313183946534991e-06
8.062625056481920183e-06
8.607367263380183431e-09
5.468748298653736128e-08
3.478213557173148729e-06
2.741477374001988210e-07
1.069401776021550177e-07
1.039129227109469866e-08
5.275182957120705396e-09
5.335212449608661700e-07
8.814780727561810636e-08
3.142612001738598337e-07
2.948720066342502832e-06
1.533960926280997228e-06
7.080617706378689036e-06
9.925350923367659561e-07
1.643827118869012338e-08
8.971646821009926498e-06
1.210591960010276580e-09
3.660386710180318914e-06
4.548380005964247630e-10
1.637719009295324213e-07
8.826652297955206450e-09
5.705870762540143915e-07
0.000000000000000000e+00
1.869268089649267495e-06
4.130778386013389536e-09
1.456271547795040533e-08
1.306823946833901573e-06
9.864179872920431080e-08
5.102866907691350207e-06
2.870456583536906692e-08
3.988629870832482993e-09
1.197741195113621870e-08
8.373378435067024839e-09
2.539374861498799874e-07
4.307722520024981350e-06
4.806757303299491468e-08
7.782418833812698722e-07
1.691536226644529961e-06
2.453656167133999588e-09
7.745178010054587503e-08
1.035271335325660402e-08
1.245157591256429441e-06
1.180570308179085259e-09
2.403447069809772074e-06
7.749683845759136602e-07
1.289065831855396027e-08
3.965623385226990649e-09
8.235227255681820679e-07
3.577523784770164639e-06
8.431869424896376586e-09
1.450514730549912201e-07
5.456773521927971160e-08
1.242131508760735414e-09
4.477283255255315453e-06
2.217373484825202468e-08
6.953065678771963576e-08
4.880034598642168930e-09
0.000000000000000000e+00
5.969476205791579559e-06
5.703411261492874473e-06
1.031818968044717622e-07
8.358564507204846450e-09
6.757514711352996528e-06
2.025919229708961211e-06
6.923823292481756653e-08
2.617173777252901345e-06
2.497568800663430011e-07
5.014704811401315965e-07
7.169339966139887110e-08
1.696291519692749716e-06
2.876308080601575057e-08
4.740122072632857453e-09
1.099676438798269373e-08
1.585869540576823056e-06
4.920536422758914341e-09
3.563881989521178184e-07
3.258206504597183084e-08
6.402895547097386952e-09
9.726826277756117634e-08
1.582096388119680341e-06
1.407416583276699384e-08
4.687720149831875460e-07
2.031744230635013082e-07
6.651211581498728265e-09
6.549039710534998449e-08
7.560373660453478806e-09
1.727539356011220661e-08
9.453208917875599582e-07
6.122195372881833464e-07
2.352251584625264513e-07
2.483831806898706418e-08
3.255371749943947179e-09
1.689327518761274405e-06
4.706215861460805172e-09
1.271149940862414951e-08
1.422384965366063625e-08
6.307700473051625067e-10
1.035723542486266524e-07
1.414121697962400503e-06
2.490810857125325128e-06
9.397893130369538994e-09
6.462160513365233783e-07
1.361445640668534907e-07
1.991753428853826335e-08
8.104360738059313007e-09
1.061511852640251163e-06
9.332563166708496283e-09
4.769541646965080872e-06
7.737884288872010075e-08
0.000000000000000000e+00
3.406216592338751070e-06
6.200416009960463271e-06
2.520941677630617050e-07
9.419864568371849600e-07
4.171145519649144262e-06
2.607829628686886281e-06
2.970618473430164386e-10
0.000000000000000000e+00
0.000000000000000000e+00
0.000000000000000000e+00
2.457853476300897455e-08
8.464478895575666684e-08
0.000000000000000000e+00
8.186314062186283991e-07
1.119015280437452020e-07
1.359108381393525633e-07
7.574033844548466732e-09
3.443768434863159200e-07
2.471627702504974877e-08
1.433287655228099311e-10
4.626272129826247692e-07
1.968793412743252702e-06
7.871398338465951383e-06
6.608257763218716718e-08
3.686831817617530760e-08
2.608264821901684627e-07
1.315499730480951257e-06
1.275356993346576928e-07
4.606878434287864366e-08
3.189911268464129535e-08
2.039074757931302884e-07
2.828871359383811068e-09
3.590531871822122412e-09
4.952740937369526364e-07
1.579848607491385337e-08
2.409482817711250391e-07
9.333435002645273926e-08
8.325263820552208927e-07
5.934998048573447704e-10
1.633120838562263089e-08
1.167894367881672224e-07
1.566710636780044297e-07
0.000000000000000000e+00
7.317193961853263318e-08
0.000000000000000000e+00
8.340560384567652363e-07
9.033341186182042293e-09
1.484200879531272221e-06
8.834303457661007997e-07
3.554371019731661363e-08
7.558915271488331200e-09
1.486255740701381001e-08
5.188894647289998829e-07
3.726206010412624892e-09
2.282298439126861922e-08
0.000000000000000000e+00
1.401008518087110133e-07
7.695152154374440556e-11
0.000000000000000000e+00
0.000000000000000000e+00
0.000000000000000000e+00
0.000000000000000000e+00
9.639409626061024028e-08
0.000000000000000000e+00
0.000000000000000000e+00
2.327511516853064677e-08
0.000000000000000000e+00
0.000000000000000000e+00
0.000000000000000000e+00
0.000000000000000000e+00
0.000000000000000000e+00
1.656707553365777130e-07
1.344644289247298730e-07
0.000000000000000000e+00
1.546067440738596588e-10
0.000000000000000000e+00
5.770326794163338491e-08
9.523085395812813658e-07
6.680286102067611864e-09
9.631209607618984592e-09
1.072714006511432672e-08
2.825420040153403534e-07
1.966739437975206783e-09
1.282797825297166128e-06
0.000000000000000000e+00
2.006925342357135378e-06
2.263546008407502086e-07
2.119618557117064483e-06
6.982662226207025924e-10
8.524376937657507369e-08
1.284046868832433574e-09
1.137974834364285925e-07
9.417398416644573445e-08
3.842815843313474033e-09
2.356360482735908590e-06
1.785350178806766053e-08
5.191935326109842208e-09
6.990942438278580084e-07
2.363936033589197905e-07
2.141532506882981579e-09
1.167024151982332114e-06
2.230680529180517624e-08
2.442448305828293087e-07
1.542023164802230895e-05
2.248957798656192608e-06
0.000000000000000000e+00
1.554849950480274856e-05
8.683434771228348836e-07
1.119126569193440446e-08
7.735678764220210724e-08
1.157201778845262652e-09
6.143228148403068190e-08
7.618984909640857950e-08
3.611716465456993319e-06
1.316242446591786575e-06
3.117428093446505954e-07
2.709607649364897952e-09
0.000000000000000000e+00
3.299646067489447887e-08
3.994773223325864819e-08
1.356394534468563506e-07
3.656405169749632478e-07
2.027147303351739538e-07
1.241795288819957932e-08
1.034779284481146533e-08
2.599434090200247738e-08
1.271583993656122402e-08
8.384912764114460515e-10
3.860077057993294147e-08
0.000000000000000000e+00
1.139755312351553584e-07
8.750705049465068441e-09
1.906061264378422493e-08
0.000000000000000000e+00
0.000000000000000000e+00
2.245088097652114811e-07
4.624498473049243330e-08
9.836524128559176461e-08
5.924794432843327741e-09
3.594753106295200951e-10
4.863609959215864365e-08
5.183666829111643892e-09
3.067327440930966986e-07
1.849845261858718004e-06
3.194546849272228428e-09
4.059427567426610040e-07
0.000000000000000000e+00
2.057111814224299451e-08
7.510744239880295936e-07
9.055787231204703858e-10
6.174443001327745151e-07
3.341804358569788747e-06
2.944084371847566217e-07
1.660550030813112699e-10
6.015136388981545679e-09
1.579371655680006370e-08
0.000000000000000000e+00
5.158263505222748790e-08
9.264393696639672271e-08
2.869931403637338008e-09
1.639728797186990050e-09
7.978771776606663479e-08
8.321754307871742640e-08
2.608238673929008655e-07
0.000000000000000000e+00
5.533982605498977136e-09
4.780536730364381981e-11
0.000000000000000000e+00
0.000000000000000000e+00
0.000000000000000000e+00
0.000000000000000000e+00
6.883357883680218947e-08
0.000000000000000000e+00
0.000000000000000000e+00
0.000000000000000000e+00
5.894070909562287852e-06
3.818146243617093205e-09
3.990265007303150924e-09
0.000000000000000000e+00
8.336716206258643069e-08
5.155836220183118712e-07
5.259640900590056845e-08
5.976790475870075170e-07
2.890058397042594152e-07
7.023844172948656706e-09
1.537707561283241375e-08
2.276785835420014337e-06
4.160614075487956143e-09
0.000000000000000000e+00
0.000000000000000000e+00
3.565667583416143316e-08
4.616729398776442395e-08
7.128526657851352866e-09
1.916047942529530701e-08
1.287444206354848575e-06
1.723049897206507808e-10
3.922202118644690927e-09
3.880336940653705824e-09
2.285078863906164770e-07
2.274452448602914956e-08
3.640425205730934977e-08
6.126769847014656989e-08
9.213874108127129148e-08
7.902850711616338231e-07
7.891618452049442567e-07
2.432564087939681485e-06
1.914398808366968296e-06
1.184760662908956874e-06
1.256037762686901260e-07
1.205443034280051506e-08
0.000000000000000000e+00
1.516253064437478315e-06
4.503799004851316568e-07
1.275577324122423306e-05
7.105708164090174250e-07
6.033303190378092040e-09
6.268754759730654769e-07
1.751387117110425606e-06
6.724669674440519884e-07
2.513423623895505443e-06
2.772384810612038564e-08
7.820786862566819764e-08
1.134877702924086407e-08
2.011879107755021323e-09
6.974936894721395220e-08
5.639911364596628118e-07
1.518675674105907092e-08
3.076313760175253265e-06
8.788146033111843280e-08
1.404003114657825790e-06
6.482631675908123725e-08
5.253017465456366608e-11
3.744570520325396501e-08
1.161798877546971198e-06
1.787941528164083138e-07
9.195578343224042328e-08
3.787449520675778558e-11
2.081405682474724017e-06
1.394613491356722079e-08
0.000000000000000000e+00
7.950839986392566061e-10
1.818439841372310184e-06
1.649813974324843002e-08
0.000000000000000000e+00
0.000000000000000000e+00
2.820046973717182937e-10
0.000000000000000000e+00
4.309528321755351499e-06
6.267060825848602690e-08
0.000000000000000000e+00
0.000000000000000000e+00
3.439238298597047105e-06
1.135118026240888867e-07
2.019380872297915630e-06
3.179088707838673145e-06
0.000000000000000000e+00
1.317584263915705378e-07
4.282627585894260847e-09
6.541988000208220910e-07
1.078283329292162307e-08
3.667929959760840575e-09
6.395450835583460503e-10
1.605259427606142708e-07
3.023638726062927162e-07
1.227939037562464364e-06
1.065093258034721657e-07
3.828733774469128548e-09
2.241918117817931488e-08
1.457945708605024038e-10
3.434468567320436705e-07
1.962360496321480241e-09
0.000000000000000000e+00
7.331476314931251181e-09
6.251099193832487799e-09
3.819777480429387140e-11
5.695721583265367371e-08
0.000000000000000000e+00
0.000000000000000000e+00
8.789085015337150253e-09
1.251133426194428466e-06
0.000000000000000000e+00
3.537907078410285067e-09
2.592267023260319547e-08
9.735931172372147557e-09
0.000000000000000000e+00
1.160370928232623555e-07
1.312659048124942274e-08
6.538041774639680170e-10
3.272912607599209878e-08
0.000000000000000000e+00
1.575983674229064491e-06
0.000000000000000000e+00
5.828578650834970176e-07
3.835757045322907288e-09
5.195383891987148672e-07
0.000000000000000000e+00
2.077450290016713552e-06
7.595783131364441942e-07
3.506260615182554830e-09
0.000000000000000000e+00
3.763235099540906958e-06
6.133847563205563347e-08
7.437423454881297857e-10
8.611342749986761191e-09
5.054075913335509540e-08
2.341888016843540754e-09
1.813280618989665527e-06
5.206951758651712225e-09
2.058480497169057344e-08
6.733117174917424563e-08
8.747637991746159969e-08
2.915696128980016510e-08
1.956909045475185849e-06
2.258642325614346191e-06
4.149842425249516964e-07
4.544110197457484901e-06
1.401718296989429291e-08
3.994572125520789996e-06
4.222311389412425342e-08
7.133976396289654076e-07
2.833312917616126470e-09
1.275185512739085425e-09
8.168767067218141165e-07
9.960577926904079504e-07
2.858213292711297981e-06
1.281561079480297849e-08
0.000000000000000000e+00
0.000000000000000000e+00
1.852261448220815510e-06
2.726212642301106825e-07
0.000000000000000000e+00
1.357084187247892260e-07
1.991766794162685983e-06
1.938408104251720943e-06
7.521623324180382042e-10
0.000000000000000000e+00
0.000000000000000000e+00
3.822749408688430606e-11
1.415417841599264648e-06
8.786900096424687945e-09
1.543555214200686976e-12
1.316791031769071196e-08
7.676768942754819136e-11
1.586445108614498167e-07
5.197626506969754701e-08
5.156103810577405966e-08
3.672412560717930319e-07
7.768866794322093483e-07
1.795295112572148355e-08
2.249204600346388361e-09
1.641612623615174016e-09
1.132961415351019241e-06
1.787342773784672545e-10
0.000000000000000000e+00
8.472420098826205503e-09
0.000000000000000000e+00
5.526339830197457559e-09
1.012310502090940645e-08
2.018449777096975595e-06
1.232591717581499324e-08
5.545376158266890343e-09
0.000000000000000000e+00
2.883094651906503714e-09
1.370286661916964022e-09
0.000000000000000000e+00
0.000000000000000000e+00
0.000000000000000000e+00
1.883546096870247766e-10
0.000000000000000000e+00
0.000000000000000000e+00
2.208738294484646758e-07
6.677681962941051097e-09
1.819189521246045160e-10
0.000000000000000000e+00
8.116037861327640712e-06
4.726980762370658340e-07
1.160578477765739080e-08
0.000000000000000000e+00
1.940022009705444361e-08
1.965144491578030284e-07
3.308003204693932275e-09
3.852779570934217190e-07
3.612844238887191750e-06
6.536476693241866087e-09
1.860700571398865577e-08
0.000000000000000000e+00
6.256054518871678738e-08
5.954253765594330616e-07
5.123979907040165926e-09
5.502167823578929529e-07
0.000000000000000000e+00
1.007651029283351818e-08
0.000000000000000000e+00
1.217440740219899453e-06
1.867285135404017637e-07
1.896895582831348293e-07
6.537683283625028707e-09
3.519494740089612606e-08
1.674237864790484309e-06
3.018122995968042233e-08
5.763940080782958830e-08
1.194258970826922450e-06
1.513789129603537731e-07
6.427292476018919842e-08
2.519913664400519338e-07
6.015806519599209423e-08
5.576977400778559968e-06
1.002145154416211881e-06
6.946840880317495248e-09
5.597491394837561529e-07
1.488436510044266470e-06
4.178354018335994624e-08
1.633923716326535214e-06
3.176441865093693195e-08
8.930040280574758071e-07
3.405031279157810786e-08
4.719140633824281394e-06
7.578435997857013717e-06
1.634106041592531255e-07
1.349215228430011848e-08
1.165874792263821291e-07
3.556981376107160031e-09
4.199474190613727842e-08
1.457207076782651711e-06
3.131792482236051001e-06
3.060461439829964547e-09
4.146053811382444110e-08
1.392843707037627610e-08
1.786545595905408845e-07
4.259806729578485829e-09
6.633150405832566321e-06
1.780595404454743402e-08
1.317915092613475281e-07
1.796139237342231354e-08
0.000000000000000000e+00
8.475719681655391469e-08
1.352439369384228485e-07
1.289069628818140245e-09
0.000000000000000000e+00
2.452829676258261316e-06
9.342729367922686379e-11
1.167541768154478632e-06
4.362677719083052352e-10
2.563471298344666138e-06
1.846305650587964919e-07
2.061523900920292363e-06
8.761043659433198627e-07
2.268554410989054304e-08
1.307557084828658844e-08
0.000000000000000000e+00
3.449006857891845357e-09
5.394454092311207205e-06
7.958731451651601674e-09
3.289606365086683581e-10
1.088174084173942902e-08
1.284427564307577541e-09
0.000000000000000000e+00
1.750275373524345923e-07
7.087855919962748885e-07
2.147729958323907340e-07
4.683213774114847183e-06
8.954807562133737520e-09
1.771105985426402185e-06
4.181848645146146737e-09
5.184860096818511010e-09
3.002344373115306553e-09
2.246802223437871504e-11
4.891754183796934163e-15
1.778504667981906096e-07
1.782937547600838002e-10
5.103265365846709756e-09
8.589152500348973263e-09
0.000000000000000000e+00
7.396488310718041248e-09
6.067817359678429057e-09
1.161401819160801097e-08
2.501245655039951998e-09
1.040459363110812774e-08
0.000000000000000000e+00
0.000000000000000000e+00
1.823257100852515578e-08
0.000000000000000000e+00
4.244664353336702334e-08
2.400473775310274505e-08
5.235337496856118378e-09
0.000000000000000000e+00
4.637683126418323809e-09
2.374565821749996530e-10
9.410836696588376071e-07
2.211432992282880150e-08
2.924236639501032187e-07
0.000000000000000000e+00
2.772748430857063795e-08
1.713554098614622490e-07
0.000000000000000000e+00
0.000000000000000000e+00
2.241534502900321968e-06
9.622802110698103206e-09
1.855540499029473267e-09
1.085101453135450811e-09
0.000000000000000000e+00
1.458933418518881808e-08
1.243298908271128767e-09
7.303678106751476662e-09
3.809899908446823247e-06
1.108942271343948960e-08
1.663764959136670996e-10
8.563484921175756881e-10
0.000000000000000000e+00
3.746448783203959465e-06
6.712953304344182470e-09
1.617291900402051397e-08
2.577287894212076935e-08
4.486111482293608788e-09
2.995640215885941871e-06
1.154887286247685552e-06
1.273754861585985054e-07
9.796331568168170634e-08
7.570575348836428020e-07
5.485002475325018167e-06
1.599589012357682805e-07
7.176048200108198216e-08
8.206759503082139418e-07
9.515816953853395432e-12
2.968487535781605402e-07
4.182671546004712582e-06
2.527110382288810797e-06
2.147279474229435436e-06
2.854639546967518982e-08
3.066922545258421451e-06
1.774471125592924636e-09
6.915132644280674867e-08
8.195262246601942024e-09
1.857849291075908127e-10
1.652665204687764344e-08
1.614542725292267278e-06
3.911425494607101427e-07
1.467757204665076642e-08
3.974656603844550773e-09
1.152901489831492654e-07
1.163802608061814681e-06
2.124199454556219280e-06
8.512938798332925217e-09
1.347869038603732861e-10
9.016448698773160686e-10
0.000000000000000000e+00
2.517953900937897060e-10
8.869511134435015265e-07
5.534556493658193688e-11
3.227299982810905021e-09
8.329351658176165074e-06
0.000000000000000000e+00
4.840102096892451300e-09
9.902320741161929618e-09
4.449562107655680165e-10
3.705147300081534922e-09
1.170355812263323969e-09
2.787867288134293631e-07
0.000000000000000000e+00
0.000000000000000000e+00
3.353848967435624218e-07
0.000000000000000000e+00
5.071772335440982715e-08
0.000000000000000000e+00
5.375571987542571151e-08
3.224307931759540224e-09
6.313555900305800606e-08
0.000000000000000000e+00
0.000000000000000000e+00
7.923182465674472041e-07
4.256997954144026153e-07
2.295819427899914444e-07
8.646374567433667835e-07
1.075574914466415066e-06
2.713044011670717737e-09
1.187980203098959464e-07
6.660238138778140637e-09
0.000000000000000000e+00
7.886536423917789307e-10
5.512737377699750141e-09
0.000000000000000000e+00
0.000000000000000000e+00
9.388998591930430848e-07
1.720125930582128149e-09
1.614530037441497257e-10
8.554370545255096658e-10
2.702911672258778708e-09
0.000000000000000000e+00
0.000000000000000000e+00
0.000000000000000000e+00
0.000000000000000000e+00
0.000000000000000000e+00
7.015354697159636999e-08
0.000000000000000000e+00
2.345343297349700151e-08
0.000000000000000000e+00
3.408503701507470396e-08
0.000000000000000000e+00
0.000000000000000000e+00
0.000000000000000000e+00
4.175458201416404336e-09
7.591496320458190894e-09
0.000000000000000000e+00
0.000000000000000000e+00
7.915183459772379138e-07
7.953238068125756399e-11
0.000000000000000000e+00
3.745685717149171978e-06
0.000000000000000000e+00
3.130701031750504626e-09
0.000000000000000000e+00
8.405525591115292627e-07
2.318668975931359455e-06
2.197769077838529483e-07
3.246541950829850975e-07
1.403201466132486530e-08
0.000000000000000000e+00
3.486349669401533902e-06
5.927580559728085063e-08
3.150541605378975873e-09
2.940006638141312578e-08
3.059255277548800223e-06
4.113162503927014768e-07
3.363704195180616807e-07
0.000000000000000000e+00
7.347811248337166035e-09
2.871849202890075503e-09
0.000000000000000000e+00
7.153498415846115677e-08
4.584034286381211132e-06
0.000000000000000000e+00
4.191215374760304258e-09
7.805058682697207928e-11
0.000000000000000000e+00
3.489164290826352044e-09
5.407738171925302595e-06
3.280193823229637928e-07
4.482898816604574677e-07
8.647958082974582794e-08
3.299661877065318549e-09
3.251773961210346897e-08
2.301624704159621615e-07
3.483133070858457359e-08
5.697460210285498761e-07
8.153268282740100403e-08
1.048350441124057397e-06
1.548692239339288790e-06
6.688149767342110863e-08
1.307069474876243476e-08
3.235174617088887317e-08
6.241074146373648546e-08
6.451821832342830021e-07
1.365236812489456497e-10
2.162363728075433755e-07
1.051468075274897274e-06
6.136370984677341767e-07
5.249958245912011989e-09
1.041815256286326985e-08
1.867254354692704510e-06
7.244306488018992241e-08
2.722376621022704057e-06
1.545970818028763460e-08
2.219062025687890127e-06
4.002411060355370864e-06
2.148304467652906169e-08
3.466341880198342551e-08
7.377416899601030309e-09
1.250017778176015781e-08
5.802911573482560925e-08
3.186083006312401267e-07
1.499676386629289482e-06
1.734264003516727826e-07
1.001219061436131597e-06
4.959541399784939131e-08
2.178625102544629044e-08
8.844284415943093336e-09
0.000000000000000000e+00
1.162508738161704969e-07
3.326672640469041653e-06
5.793449986413179431e-07
0.000000000000000000e+00
4.334388403748334895e-09
7.765512677337937930e-09
0.000000000000000000e+00
3.222218367682216922e-07
8.699356790486945101e-10
7.270952173676903385e-10
1.788065162600105396e-07
7.101678967114111174e-11
2.972694232994399499e-07
1.560163909175571462e-08
2.435617929563704820e-09
3.835332884616349247e-10
3.224681449864874594e-06
1.090363088707135830e-08
2.388309781053976621e-07
5.076533327041943267e-08
1.770516289134604904e-09
3.975715662818402052e-05
0.000000000000000000e+00
1.786962826599847176e-07
3.832767436762196667e-10
1.257596782267000890e-08
0.000000000000000000e+00
1.523572734640765702e-07
5.160482041688396748e-10
3.749620169912759593e-09
1.761669365940576881e-09
5.783621190857957117e-07
5.504234081854519900e-07
8.440114385166452848e-08
6.380259431892909561e-09
8.982287691416956932e-10
0.000000000000000000e+00
2.059622694616791705e-09
4.266393318630434806e-07
1.089148645405657589e-05
3.033933637652808102e-08
2.519553561342036119e-07
4.000606512732929332e-09
0.000000000000000000e+00
0.000000000000000000e+00
1.204327659820592089e-08
8.553582730996822647e-09
1.234613762335357023e-07
3.664234782263520174e-07
1.119478156397235580e-06
3.012998490703466814e-07
2.205624980433640303e-07
9.887846097456076677e-10
3.942720638860919280e-07
6.629420568060595542e-09
0.000000000000000000e+00
2.984926528171172322e-09
1.621762294769235613e-12
0.000000000000000000e+00
5.757425647345826292e-09
7.608185192964356247e-09
2.407153809613760131e-09
0.000000000000000000e+00
2.273529389640316367e-06
2.108802846123580821e-06
0.000000000000000000e+00
2.477287541768902202e-10
2.120067454924878803e-09
4.064216962973432601e-09
0.000000000000000000e+00
0.000000000000000000e+00
0.000000000000000000e+00
0.000000000000000000e+00
0.000000000000000000e+00
5.229903621284393012e-09
7.649589406355516985e-07
0.000000000000000000e+00
0.000000000000000000e+00
0.000000000000000000e+00
5.266918492452532519e-07
3.956900584967115719e-08
8.597956124845040904e-09
3.555663283805188257e-07
5.760593779768896638e-09
5.399021674179493857e-09
0.000000000000000000e+00
6.047229827998990004e-09
0.000000000000000000e+00
1.426679130389629790e-08
1.428448648255198350e-08
0.000000000000000000e+00
2.600295090360305039e-08
1.931889093143013270e-09
1.028146989767719788e-08
1.364327051334157659e-08
0.000000000000000000e+00
6.150061437892873073e-08
1.382958203066664282e-06
2.801023191167928417e-09
3.274430726563082317e-09
5.482485132546344175e-09
3.911902919651044641e-12
0.000000000000000000e+00
0.000000000000000000e+00
7.120941347693587886e-08
5.851966466963176572e-09
0.000000000000000000e+00
3.734772935359842450e-09
5.303505634657312839e-09
1.123951265391553989e-09
1.176502095745490806e-08
4.593006153186252050e-08
3.325072128745887312e-08
1.522483361604543006e-09
1.386839709738296733e-08
1.702183993756989366e-08
1.225121226688941078e-09
3.611121357494084805e-08
1.048102760137226142e-08
2.089389283810305642e-07
1.811458427702916651e-09
1.264536919620695699e-08
6.508985279651824385e-07
7.792948508722474799e-08
1.371515434556158652e-08
1.725494058746335213e-07
4.673546300182351843e-06
6.948485342661570030e-09
4.290369659543102898e-08
8.163044071807235014e-07
3.672781986097106710e-06
9.003819023689629830e-09
0.000000000000000000e+00
8.967346332156012068e-08
2.438736714793776628e-07
3.058646598219638690e-06
5.271427880870760418e-07
2.139661603450804250e-07
0.000000000000000000e+00
1.592697458363545593e-07
8.196334988497255836e-07
1.736102928084903851e-09
4.127519162011594744e-07
1.689221207357149979e-09
3.143224291957125160e-10
4.979269760951865464e-07
5.583114671026123688e-06
2.193686441387399100e-07
1.043427388935924682e-08
1.247958380190539174e-06
4.378470350729912752e-07
7.619273105774482246e-07
2.294447085660067387e-07
5.482166898218565620e-07
2.819500188877555047e-08
5.294546467915495214e-10
3.235647166865973645e-11
1.022765694358440669e-08
5.329423569122582194e-09
3.116718616524849494e-08
1.208270532515598461e-06
2.317944307606012444e-07
1.850492708399542607e-06
3.800534997822069272e-08
3.431657624730632961e-09
1.711364689072070178e-06
9.748074347726287670e-08
2.617872318921854458e-08
1.650629144478443777e-08
1.291190621088844637e-08
3.750142923308885656e-06
1.760823522545251762e-07
1.916174369398504496e-06
3.152858596422447590e-07
1.211780231713532885e-09
5.859925877871319244e-09
1.710648511732415500e-08
1.181841025044150228e-08
5.352314360607124399e-07
6.711891931132640821e-09
1.345658006357552949e-06
0.000000000000000000e+00
8.735869805320817250e-10
8.540438045656628674e-08
1.311781488766428083e-06
2.128930143285856502e-09
5.846897632721947957e-09
7.665177008675527759e-07
6.813358471163821761e-12
2.044758140584690409e-08
3.294632335837377468e-07
5.622242116309905668e-10
0.000000000000000000e+00
5.444615425176380086e-09
4.738844836538191885e-06
0.000000000000000000e+00
3.284397735114907846e-06
8.790079419895846513e-08
7.026274317922798218e-08
0.000000000000000000e+00
1.006045977192115970e-06
3.742422052255278686e-07
2.170449597826973331e-08
1.036562125023010594e-08
5.065579600227465562e-08
7.994784279041766695e-10
0.000000000000000000e+00
9.296138081538174447e-09
9.615225735615240410e-07
5.117548766975232866e-07
3.145416940242284909e-07
0.000000000000000000e+00
5.053946665611874778e-07
0.000000000000000000e+00
3.078514110299579443e-09
9.131528172501290896e-11
8.415937458039479679e-08
0.000000000000000000e+00
0.000000000000000000e+00
1.609866785656777211e-06
5.275731518317172686e-10
5.149613180321921391e-09
1.124323922851999669e-08
0.000000000000000000e+00
1.068605826048951712e-07
8.203784873650477039e-10
7.087855191656444731e-09
8.418454910952277714e-08
1.097526904914047918e-07
6.727168599951482975e-09
2.574089421614189632e-07
3.876706671235297108e-07
3.346984613017411903e-06
9.781574661360536993e-09
1.382351566547868060e-08
5.280791697259701323e-07
1.050364986099339148e-07
3.695312216223101132e-07
1.348612244100877433e-07
0.000000000000000000e+00
0.000000000000000000e+00
3.299885520391399041e-08
6.143015429671550010e-09
1.444724784249729055e-08
9.111268184369691880e-09
1.156774231958479504e-09
5.080116238787013572e-07
0.000000000000000000e+00
2.655612547641794663e-07
3.636440482068792335e-08
2.002471966022767447e-09
6.388030659998378269e-10
7.769219934061766253e-09
2.810797923302743584e-07
0.000000000000000000e+00
3.205285592500217717e-09
0.000000000000000000e+00
0.000000000000000000e+00
3.085952826609172917e-09
1.225037760121949759e-08
0.000000000000000000e+00
5.341338916303728368e-12
1.163687102234689519e-08
5.921111068118989351e-08
0.000000000000000000e+00
7.758817588410238386e-08
1.119970079344057012e-06
8.355653335456736386e-06
0.000000000000000000e+00
3.176598983856138148e-09
2.263860068296708050e-07
7.623138564838427556e-09
3.938472445952356793e-07
2.688462963362781011e-08
2.254707709425929352e-08
9.580670701225812991e-10
0.000000000000000000e+00
0.000000000000000000e+00
0.000000000000000000e+00
4.363709837917895129e-09
0.000000000000000000e+00
1.078283684563530187e-08
1.220640394317129562e-10
0.000000000000000000e+00
5.520459644969832880e-10
0.000000000000000000e+00
2.071411930870681317e-09
1.285701856090781803e-08
3.550922889061780552e-09
1.805578619951120345e-07
0.000000000000000000e+00
6.328968904512066729e-09
9.722689320312838390e-10
1.767327617585578992e-09
0.000000000000000000e+00
7.343285424177281584e-10
1.374957747657390428e-08
2.211694438702949128e-10
0.000000000000000000e+00
8.113238081364215759e-09
3.053307162659280038e-09
3.188656449992777198e-09
1.169687724456025535e-08
2.993030268072516265e-09
1.109560998635572560e-09
2.871983983965264997e-09
9.104405229720669013e-09
6.162930166198066217e-09
6.899674609428529948e-09
2.191752612734632066e-10
9.916892906858265633e-08
7.560254857708059717e-07
6.923042139561630393e-09
5.016008941538530053e-09
2.449565350559623766e-08
9.680287682556354412e-09
0.000000000000000000e+00
4.469582481902989457e-09
7.801210699653893244e-07
1.242473057772031098e-08
2.504631879673979711e-08
4.385334051448808168e-08
1.044283663986789179e-07
8.896744674302681233e-09
2.650921487656887621e-06
1.164994145597120223e-08
1.009633354698280527e-08
6.174424242999521084e-07
2.401860754730478220e-08
5.320061191582681204e-08
1.091353169613284990e-06
5.216674253460951149e-06
3.781590152129865601e-08
4.222329863523555105e-08
4.567560552004579222e-09
2.416847735275950981e-07
1.343940994047443382e-06
1.072094324428007894e-08
1.511721848146407865e-06
1.424688722551081810e-08
5.114001396577805281e-06
2.814696742348132830e-08
2.157697053917218000e-06
1.253979348803113680e-06
0.000000000000000000e+00
1.624291314783476992e-07
2.182441903642029501e-06
8.940870657170307823e-07
2.694931389157773083e-08
3.761414646419325436e-08
1.514864749196931371e-07
1.003666572074735086e-08
2.617051608516836325e-14
5.077061473457433749e-07
3.726642816559433413e-08
1.297885887652228121e-08
4.732589875544590541e-10
0.000000000000000000e+00
8.951743346585772088e-09
7.337441587651483133e-08
3.486868294100275989e-10
2.334550885940700482e-10
6.734077739878330249e-10
1.414295525137276854e-08
4.880684190133877109e-10
1.478990618863917916e-08
3.078511187290522422e-12
0.000000000000000000e+00
2.682955653199314838e-07
6.692910403671703534e-08
3.993400241597555578e-07
7.773504506758399657e-09
2.750431704612310568e-08
1.684674177937495188e-09
7.506035615278960904e-08
0.000000000000000000e+00
3.499237566373381014e-09
3.384740709932998470e-09
7.944588560349075124e-07
1.320652700087521225e-06
4.466629732746696391e-09
7.772165133701491868e-09
3.342608323464446585e-08
4.074482085059116798e-09
2.736574629125243519e-07
2.323781389534929076e-09
1.363128376397071406e-06
6.570154909013581346e-08
2.575990087905211112e-08
2.095778839361628343e-08
9.702167069747247297e-09
1.447316599900716483e-09
4.051825541750986304e-08
1.056197795890057023e-09
2.952355544039164670e-06
1.050435649574410490e-08
1.242474695573037025e-06
6.386456448126409668e-07
0.000000000000000000e+00
0.000000000000000000e+00
4.041464407578132523e-08
0.000000000000000000e+00
3.530640002580298642e-09
1.036980368240847383e-08
1.882497491223489305e-09
9.357697949852195052e-10
3.830180173025610202e-09
3.102662731180316769e-07
1.304388541623069386e-10
0.000000000000000000e+00
1.104002421925542876e-06
1.229174273476019152e-07
3.749457966328861858e-10
0.000000000000000000e+00
2.006513533103770897e-08
5.282390702632255852e-07
1.172789243497618372e-08
2.619782435431261547e-07
1.109212135474990646e-07
2.448971470059291278e-09
0.000000000000000000e+00
8.983955268604404409e-08
2.050061276293035917e-08
2.038812567661807407e-07
4.509292939047782056e-09
1.111324436919858272e-07
8.716769457350892480e-07
1.253839876369511330e-08
5.257951851689313116e-09
9.830646297004363987e-10
0.000000000000000000e+00
4.164718632182484725e-07
4.051442203945043730e-08
0.000000000000000000e+00
8.042964623200532515e-07
0.000000000000000000e+00
6.117367723490474418e-10
7.502327648012396821e-09
0.000000000000000000e+00
2.020449230144549801e-08
1.999290594190128445e-10
5.342751796533207198e-10
1.600322363515260804e-08
0.000000000000000000e+00
1.158060225492363315e-08
5.085808441052108719e-10
4.021811719212564640e-07
3.989021557515570748e-09
8.399700490713257750e-09
0.000000000000000000e+00
5.886437115520948282e-09
2.382829045188827877e-09
7.492138021092387135e-10
1.050296072335754616e-09
1.433540508521957690e-09
0.000000000000000000e+00
4.097087558108114536e-09
0.000000000000000000e+00
6.693225529375013139e-09
3.787130165022745132e-09
2.078862770815703698e-08
7.860408435256260873e-10
0.000000000000000000e+00
9.950249513224207476e-09
4.690969390708232822e-08
0.000000000000000000e+00
7.789319744766487474e-10
1.114050149908507592e-07
4.564412847685161978e-08
0.000000000000000000e+00
0.000000000000000000e+00
0.000000000000000000e+00
4.600920089359306075e-09
0.000000000000000000e+00
0.000000000000000000e+00
1.870421151295431628e-09
0.000000000000000000e+00
1.137186345090412942e-09
5.136839398289794190e-09
2.555242240021016187e-09
7.088400089116930758e-09
2.272450894125199738e-09
3.609774035240320700e-09
2.369727241102737025e-07
1.030755242936720606e-06
8.132977846742051042e-09
2.421865588075888809e-07
9.617165375175318331e-08
2.138887289504509681e-09
8.739301193827486713e-08
1.929879367423836811e-09
2.623805130497203209e-06
1.131737349169270601e-06
7.492884179782777210e-08
2.482552119431602478e-08
8.527579211659030989e-07
5.049086126973634236e-08
1.171067065541819829e-08
2.127758058634299232e-08
5.604954012028429133e-08
2.285775124732936092e-08
6.491669068964256439e-08
2.393851339377306431e-08
1.632137696105928626e-06
1.367909248983778525e-06
4.534043455350911245e-06
1.103632629728679149e-09
7.071054852758607012e-08
1.130039777308411431e-07
7.304556675080675632e-06
7.081044941514846869e-07
7.922903932922054082e-08
1.687193140753606713e-08
1.177106745409162158e-09
1.135616578551434941e-08
1.582151076817694957e-09
4.355675628175958991e-06
4.882612074652570300e-07
0.000000000000000000e+00
1.157471185564418192e-08
6.926238143023510929e-07
3.644045953876684507e-09
1.069679683496360667e-06
1.321074023508117534e-07
6.347788144012156408e-07
8.488024727526521929e-10
5.637006861292093163e-09
7.877429766267596278e-07
1.724558273963339161e-07
1.481924166713000091e-10
4.547421106337878882e-09
7.594684880984914344e-09
1.963730483112158254e-06
5.600280683637492984e-09
0.000000000000000000e+00
1.402533627015145612e-07
4.448925672306813794e-09
9.783920340566965024e-10
6.350008447952859569e-07
1.280769268419135187e-09
3.353497479707812090e-09
2.082586014751086623e-08
8.228932202314354072e-09
6.166892330128348476e-09
5.971932068860041909e-07
0.000000000000000000e+00
2.029986774232384050e-07
4.663584007857934921e-08
2.292906131629024458e-08
8.128202999557743169e-09
3.912389523463843943e-09
4.263813480065437034e-07
6.053729739718960445e-10
1.446721995534971938e-07
0.000000000000000000e+00
4.908500272904348094e-09
1.396689549437724054e-05
0.000000000000000000e+00
2.376643593038352265e-08
2.865175874333658612e-09
1.241283631436829182e-09
2.759983885880501475e-08
5.344563680509395454e-10
1.390174086957074451e-09
0.000000000000000000e+00
0.000000000000000000e+00
1.461920695611240717e-09
1.925780601652604673e-08
0.000000000000000000e+00
3.524790903597363467e-09
1.385976000634059346e-09
1.410528938095012563e-08
0.000000000000000000e+00
8.623207037317115464e-09
1.075637801051243514e-09
2.048173262936270334e-12
1.319736409044480752e-08
2.527050355638493784e-07
4.804884490283711784e-09
6.441419486691302154e-08
9.577222499501658604e-07
3.129673853408121431e-09
0.000000000000000000e+00
0.000000000000000000e+00
1.856073850170503192e-09
5.526626978280546609e-08
4.655566243627617951e-08
2.380027375181725802e-08
0.000000000000000000e+00
5.307191353054463434e-10
0.000000000000000000e+00
6.159385975479381159e-06
7.254196798811562985e-09
0.000000000000000000e+00
1.497382839943384170e-08
1.235296487323012116e-08
2.041047508782867226e-08
0.000000000000000000e+00
8.688090247233049013e-08
0.000000000000000000e+00
1.641890512438237693e-09
3.660856284781743852e-09
2.544738308962735118e-10
1.023009765788174263e-08
3.634637835148168961e-07
9.942728418366186816e-09
1.989735238794310135e-07
2.516527874973917278e-09
5.448383788575483777e-08
4.492428207214516078e-09
0.000000000000000000e+00
3.083697492911596783e-06
2.837261448007666331e-08
7.881712171808885614e-09
1.022396722838436744e-09
8.534539186477729800e-10
0.000000000000000000e+00
1.169901224784553051e-06
0.000000000000000000e+00
0.000000000000000000e+00
6.558854437344052712e-08
2.031825124815256345e-10
1.535276461517298685e-09
2.003302341790913488e-07
1.275757810503819201e-08
0.000000000000000000e+00
1.464878045254192074e-11
3.952457916511775693e-08
1.096497026509268835e-08
1.668692850564923447e-09
1.080785860807509380e-08
2.378892531851306558e-06
3.048712837738776216e-09
1.897417511997900874e-08
5.474044684206091915e-08
1.315527811129868496e-07
8.617554385637049563e-07
2.498247386739649301e-09
8.488098615089256782e-07
7.195484208466496057e-09
3.049841268421005225e-09
9.862187653197906911e-07
1.213579103875872534e-08
1.338837250841606874e-06
3.712882432060915505e-11
1.565687357540923585e-09
4.312369128456339240e-06
2.678446890058694407e-06
8.995958467039599782e-08
6.680916708745598953e-09
5.024582492296758574e-07
3.884117205643633497e-08
8.028782083613350551e-09
1.233039938597357832e-06
3.787302560454008926e-08
2.578341806724893104e-08
1.424566131724702700e-09
9.179239590650922764e-09
1.050226927645780961e-08
8.709361010161842387e-10
4.612112913804367054e-09
1.837796759218690568e-07
2.056339454270528222e-08
3.341246838317601942e-06
7.813127922418061644e-09
1.264981591697633689e-10
1.464823817798333039e-09
5.208372844123232426e-09
7.885249786454551213e-09
0.000000000000000000e+00
1.300836593998155877e-08
2.455977210047421977e-06
1.147479355978475724e-08
4.635824168985891447e-09
1.272556005460501183e-06
0.000000000000000000e+00
0.000000000000000000e+00
1.425529649878853888e-08
0.000000000000000000e+00
1.561536322469692095e-07
0.000000000000000000e+00
1.052136955337346080e-08
1.025383888908493191e-09
2.713263169695778743e-09
1.440805474928197327e-09
7.312794991776172537e-08
3.894935929338316782e-08
0.000000000000000000e+00
2.592079511032352457e-07
5.879468467639981100e-09
2.363299103080862551e-07
0.000000000000000000e+00
6.734141244635338808e-09
7.311489753192290664e-06
1.450559583560107058e-08
2.747237548561543008e-09
6.888126513615588919e-09
3.597422164602903649e-07
3.568844331169884754e-09
7.960468195733483299e-08
3.667416592634253902e-08
7.409169278105309786e-09
0.000000000000000000e+00
0.000000000000000000e+00
3.345732024762071433e-10
1.205236941359544289e-07
2.115409870384610258e-06
2.591811654184539293e-09
0.000000000000000000e+00
3.298800848369060068e-13
1.384641564072808251e-06
4.791822494354391893e-10
1.410936363299697405e-07
1.446357611456505765e-08
2.790572750654973788e-07
0.000000000000000000e+00
4.377665341337433347e-09
2.987999536685492785e-08
1.935413163067778441e-09
7.867602569433529425e-09
1.395095328149409397e-08
9.123717892300930998e-10
5.352598808627817562e-09
1.079644729173878659e-08
1.243539576867291885e-10
3.523273339745003341e-10
0.000000000000000000e+00
1.364530044511980122e-09
1.780150071795105760e-08
2.900193418753360675e-09
2.735700377343164291e-07
0.000000000000000000e+00
1.904368076566242962e-07
2.022887812813678465e-08
0.000000000000000000e+00
2.839648338692768448e-08
1.694516194028494738e-09
2.289127678523072973e-07
3.599698095158032629e-09
3.922983523807488382e-06
2.333004545107542071e-08
0.000000000000000000e+00
4.699507982763861946e-08
6.721997465319873299e-07
2.822724720630276352e-09
2.046500338984125200e-12
8.622865834695403464e-07
9.441290416134506813e-09
5.039515471594313567e-08
1.081937206492966652e-08
4.844661702918529045e-07
1.010935989143035840e-06
2.542145383088723065e-10
1.330411447675317049e-09
5.372124620151019769e-11
0.000000000000000000e+00
3.984766738795997298e-09
6.506643330794759095e-07
0.000000000000000000e+00
1.388670511914824601e-09
0.000000000000000000e+00
0.000000000000000000e+00
9.816262469541925384e-09
2.414794550986698596e-07
8.063911517697253117e-12
1.810400362955988385e-07
1.266101334884695007e-09
0.000000000000000000e+00
5.750373788249163454e-11
0.000000000000000000e+00
3.058500563923871596e-09
0.000000000000000000e+00
0.000000000000000000e+00
0.000000000000000000e+00
0.000000000000000000e+00
7.931285495033080224e-08
4.627912986165938491e-08
0.000000000000000000e+00
8.911348881035507929e-10
1.744950623105978593e-06
0.000000000000000000e+00
5.742371023131909169e-10
1.055707787855908464e-08
1.394574677959781184e-09
6.364556104365703959e-10
1.119483505895857434e-09
7.074963392916799876e-10
1.200477015572687378e-07
1.175140596387791447e-06
0.000000000000000000e+00
0.000000000000000000e+00
0.000000000000000000e+00
0.000000000000000000e+00
8.783787919242058706e-09
9.878535767171570114e-10
2.099249246656498258e-11
6.615110237362387124e-09
1.423953666090937986e-08
3.401450010542816926e-09
7.765480702914828726e-09
8.691547037642521900e-09
9.039988757564287880e-10
2.613426489106451811e-11
1.025573851620720234e-06
1.104724201006490603e-09
1.172487329448301807e-09
4.318074342535282995e-09
5.945549386154880267e-09
1.640262325963703915e-07
1.808368921274450258e-08
1.476564307267835829e-06
1.400089821856909111e-09
2.408277133270075865e-08
1.830795639534699148e-07
9.833275527171281283e-09
1.221459489109122387e-09
1.244054317339760019e-07
2.051915437562001898e-08
3.105371959577496455e-08
9.298811392000061460e-07
9.866440677797072567e-07
1.147244290677917888e-07
2.224262743766303174e-06
1.336746979774261490e-08
4.828019317670850796e-09
3.990241737028554780e-07
1.630387828299717512e-06
7.172508844632830005e-07
9.210285867311540642e-09
1.190511653703651973e-07
1.003620511141889438e-07
1.276534021599218249e-06
3.340322507483506342e-08
3.823624581400508760e-07
2.282077673498861259e-07
7.777782116136222612e-07
2.169980007238336839e-06
7.110136923671461773e-09
8.493686642907505302e-09
1.048226128119722489e-08
1.840831487243121956e-06
6.491701398658733524e-09
1.045076942318701185e-06
2.143294750567292795e-07
1.015050202113343403e-06
5.862055729721760144e-08
1.479740241450144822e-08
2.374787866354921562e-10
3.176802917947973981e-11
7.113295286131915418e-09
4.098514182260259986e-06
2.170450557059666608e-07
3.126643548512220150e-07
6.231071125739617855e-08
7.014605341026936003e-09
9.329873762453644304e-09
1.039915797917956297e-08
6.390361129149368935e-09
3.020427641331480118e-07
1.385028269851318328e-07
0.000000000000000000e+00
3.402171699917744263e-08
9.393724553774518427e-07
1.246009446731477510e-06
2.000731846862890961e-08
1.303066596847202163e-07
0.000000000000000000e+00
5.814289050221077559e-09
3.409555748845605194e-09
7.908900201414326148e-09
3.998426478801775374e-09
7.357714792988190311e-08
1.621364376092060411e-08
4.752970426125102676e-07
1.505608970830962789e-10
4.348863512859679759e-06
2.021320426592865260e-07
5.317153650707950874e-08
0.000000000000000000e+00
5.493196522654564262e-11
6.966450749601449388e-10
5.400021763080076198e-09
2.417750465610879473e-06
0.000000000000000000e+00
2.314730906949336031e-10
4.732818581487663323e-09
2.942754484536180826e-09
2.317740666057943599e-08
8.827414177403625217e-08
1.232622139468730893e-06
2.737639590577600757e-07
6.684763320663478225e-08
2.056247261350563349e-08
0.000000000000000000e+00
1.792908009556892779e-11
1.023735540783832221e-10
4.280090948327597289e-09
1.978257699875030085e-07
4.078269455476402072e-08
0.000000000000000000e+00
5.083851988274545874e-07
4.787763785429888230e-08
1.687294926000504347e-08
0.000000000000000000e+00
1.285891837454755660e-08
3.565226114332631369e-09
9.952990431827402062e-09
2.456192582656058221e-09
8.346018876004279718e-10
6.937066476808695370e-10
5.607481057268159930e-08
8.961575986177194864e-06
2.625705235459463438e-07
4.404908509059168864e-07
1.825172901703808748e-08
8.346905944200955219e-10
1.298083986966958037e-07
1.593341494299238548e-07
2.226009776506998605e-08
0.000000000000000000e+00
4.211348977878337507e-11
4.515010587624601612e-09
3.490747912948677367e-09
1.226037227297638310e-07
9.595294159225886688e-08
9.778219123290909920e-09
0.000000000000000000e+00
6.939907759573316071e-09
9.418650304127140771e-10
0.000000000000000000e+00
0.000000000000000000e+00
2.310383884207567462e-08
6.655017870116353151e-09
0.000000000000000000e+00
0.000000000000000000e+00
3.504257772846131047e-09
0.000000000000000000e+00
0.000000000000000000e+00
1.392883675066514115e-08
0.000000000000000000e+00
0.000000000000000000e+00
2.008497830274791340e-07
3.310927532140794938e-09
7.597006579374010471e-09
5.897969685975112952e-07
6.272059538403595980e-10
6.464162538577511441e-08
3.091252587239523564e-09
2.261254849145188928e-06
2.555449043484259164e-07
4.255809482600625415e-09
3.806741005973890424e-06
0.000000000000000000e+00
4.100885464541903502e-10
0.000000000000000000e+00
0.000000000000000000e+00
3.919990554379637615e-09
8.071286750066519744e-09
6.614373049274036021e-09
0.000000000000000000e+00
1.065966315216826388e-09
0.000000000000000000e+00
2.000962773252012994e-08
0.000000000000000000e+00
6.124645324234734289e-07
0.000000000000000000e+00
5.645154601552349050e-07
0.000000000000000000e+00
0.000000000000000000e+00
6.800243146365403391e-10
0.000000000000000000e+00
5.553641102551409858e-09
4.565843312320794212e-07
1.602175956350038177e-07
7.242975996746281453e-09
7.728802486894892354e-09
3.161722439415370900e-09
1.187128191304509528e-06
1.005553862398755882e-08
6.361338567018037793e-09
3.052296193573056371e-08
1.585605424736513669e-08
2.334697768446858390e-08
8.552161645525302447e-09
1.644002054490556475e-06
4.612665360781420532e-09
5.255049728702942957e-09
9.414843589183874428e-07
5.623604248938818273e-09
4.277015186460175755e-09
3.383986424410068139e-09
1.206235964446022990e-07
2.625328932026604889e-08
1.023412892209307756e-06
1.887536882350104861e-08
7.135319606277334969e-07
1.425934703647158130e-09
2.853682090631082247e-08
1.846693464813142782e-09
3.192187403300295045e-09
2.285771216747889412e-07
5.079954803477448877e-07
3.062810804976834334e-08
3.130423067432275275e-07
4.274573139895210261e-09
6.059038355488155503e-07
1.202187104354379699e-05
4.839646976506628562e-07
9.996616654461831786e-07
8.769918480311389430e-08
4.231938177667871059e-08
5.211533107285504229e-07
1.463382748312369586e-08
7.907694055120373378e-09
5.451102680353869800e-08
4.355614535711538338e-08
6.861653218948049471e-07
1.839876972553611267e-06
2.741394056204882190e-10
0.000000000000000000e+00
3.618432442564767371e-09
1.045135977761901813e-08
4.294202327059792879e-08
2.043033646259573288e-06
3.905323353592393687e-08
7.357387517004099209e-07
0.000000000000000000e+00
3.540936006629635813e-07
1.680745959076190843e-10
4.550483723164688854e-08
4.469579817367730357e-09
9.830108638197998516e-08
8.747129243147355737e-09
6.017520259860020815e-09
3.181700014565080892e-09
6.020531628792014089e-09
0.000000000000000000e+00
1.858117770758838105e-09
2.424345524332238710e-08
6.423522602716502661e-09
2.811887167553095424e-09
9.420674018656427506e-09
5.981062400906012044e-08
2.955662026238314866e-08
2.080642502733098809e-07
8.447864074945243829e-10
4.927078744998425464e-10
0.000000000000000000e+00
7.164378867940968121e-09
7.508479171747239889e-09
7.391750767027360780e-09
1.603849995035488973e-07
5.424482529825525035e-10
1.750350642204523410e-09
6.529168672386731487e-07
7.224521869630962101e-09
3.750451327277914970e-08
4.431267158766516445e-11
0.000000000000000000e+00
0.000000000000000000e+00
0.000000000000000000e+00
6.825461529302856434e-09
5.892860421852219588e-09
3.874810694526331645e-09
3.499086798086636918e-09
3.893897204676477486e-09
2.287105189680005424e-06
0.000000000000000000e+00
0.000000000000000000e+00
3.007398108323400265e-09
0.000000000000000000e+00
0.000000000000000000e+00
0.000000000000000000e+00
0.000000000000000000e+00
0.000000000000000000e+00
0.000000000000000000e+00
4.058325941969087580e-08
0.000000000000000000e+00
4.646433016119999593e-09
3.461463649045981583e-08
2.631595918956008973e-08
1.096389024013433300e-08
3.363140432810496350e-09
7.939076951402057603e-09
5.753659215734785448e-10
7.752950281769699359e-09
1.310065727011533454e-06
1.036708566215516214e-10
1.954127526460069930e-09
8.999913703178208380e-09
3.136829240801830565e-09
4.911058226753084455e-09
3.135257742314934148e-08
1.980902766263170633e-07
2.362141593437172560e-09
0.000000000000000000e+00
3.554895044999284437e-09
5.890900212079941412e-09
3.168690199117918382e-09
1.572757923895551357e-09
3.168139528497704305e-09
7.256719669612721191e-09
1.298732388993473208e-11
0.000000000000000000e+00
4.963570443550224809e-09
3.573406388568400871e-07
4.690643429228202876e-10
1.037524649527554743e-10
2.347278105219174904e-08
6.350445147518257727e-08
2.334654283231429872e-07
1.909285884948985768e-08
2.330009296613866354e-09
0.000000000000000000e+00
0.000000000000000000e+00
2.795969322733071749e-08
7.544472602205587464e-09
5.724825768993468955e-06
4.601001819537486881e-06
1.548602739376292448e-07
2.454694651987665566e-07
7.414420188922576926e-09
0.000000000000000000e+00
3.877607923641335219e-07
6.953368436590778856e-10
2.868116411036680802e-09
2.262298579580601654e-07
8.385521965692532831e-08
5.175449402372578334e-08
3.720504309967509471e-06
1.987245507040213965e-10
0.000000000000000000e+00
2.112809927012904154e-12
4.844055379038536557e-09
9.420292990114376153e-09
4.277000442698408733e-08
9.386114108167475933e-09
0.000000000000000000e+00
7.619228803434907604e-09
5.666380786806257674e-08
3.663174652501766104e-09
8.049563859913178021e-08
4.164701916664625969e-10
0.000000000000000000e+00
2.256609690221011988e-07
0.000000000000000000e+00
4.264765962602723448e-08
0.000000000000000000e+00
6.808060248886249610e-08
9.909973286426065897e-09
5.910064615477494954e-08
9.612347362519813032e-09
1.359699695058225188e-06
2.207071858606468595e-08
3.837894446689915640e-10
2.870669213450582902e-08
2.536450551815505605e-07
1.659398590758698333e-10
2.056710854958510026e-06
3.138028031868245193e-11
1.726956497805076651e-07
2.105547514119621155e-09
4.278417620184882253e-08
1.627008749949254707e-08
1.414139116917567662e-08
2.764944184718842735e-08
2.038786695024441542e-09
5.728077123734465204e-09
4.540831710642123653e-09
7.032986815147523885e-08
6.109265768827754073e-07
2.082424899185753020e-08
5.043217242928221822e-06
3.291480368261545664e-07
1.670506293294238276e-07
0.000000000000000000e+00
7.326537598828508635e-09
3.146473082082934525e-10
0.000000000000000000e+00
3.162110218113411975e-08
1.348503753106911063e-09
9.947800805321094231e-08
2.352846584230405824e-09
0.000000000000000000e+00
3.207794065929192584e-07
6.935713781075492079e-09
2.616477345895873441e-08
5.709541994747269200e-08
1.188019950859597884e-06
8.246146876444981899e-09
1.723844622603110111e-09
2.321639058777691389e-08
3.585028451880134526e-08
0.000000000000000000e+00
3.032172557482226694e-08
1.011869787959085443e-08
7.459556741196138319e-07
1.671397598101975746e-08
1.066761797119397670e-06
4.891328586609233753e-08
1.656249004611254350e-08
1.089159582079446409e-06
1.457265863535894823e-09
4.932178754302185553e-08
3.658725589161804237e-08
1.748221961861418094e-06
3.091641929131583311e-07
3.184414651968836552e-07
8.372567222858506852e-11
2.442168920424592216e-07
4.670397046879770642e-08
2.352482653122933698e-09
8.579056909319149327e-11
1.179640474191501198e-08
1.930135162808710447e-08
2.102231028144885272e-10
1.879264388549017895e-08
0.000000000000000000e+00
3.308066931495545759e-09
8.004936269401241589e-09
3.511006241296854569e-08
1.321149625255202409e-07
2.647833298397017643e-06
1.055163068031106377e-08
2.203285930590936914e-06
3.092490885592269478e-08
1.864137644247421122e-08
2.807664767345841028e-09
1.243330757461080793e-06
7.897264708844886627e-07
1.469982180424267426e-07
9.094499375805753516e-08
2.459149186506692786e-07
2.223177641980100816e-09
1.921599407372909241e-10
1.336591282097288058e-07
4.111136888695909875e-07
0.000000000000000000e+00
1.525369697219502996e-08
0.000000000000000000e+00
2.047401750360222650e-07
1.090688357407998410e-07
1.648622927064025134e-08
3.214167376697218970e-09
8.297749154451139475e-09
5.737741393119222266e-09
2.102401586157043312e-09
3.141986448795819342e-09
1.380516323479241692e-07
8.146181329493629164e-08
0.000000000000000000e+00
3.035639961623814997e-09
5.305604986460821237e-07
2.848419278222991124e-09
0.000000000000000000e+00
2.009577504402670911e-10
4.790620788952537623e-09
0.000000000000000000e+00
9.757923635778098514e-11
2.221476691488533106e-08
3.927815295234893256e-10
2.055730474737060831e-09
0.000000000000000000e+00
7.673772728367111995e-09
1.246202963045561773e-08
9.191066241420742244e-10
1.996399703330098419e-07
3.376311008551624582e-09
0.000000000000000000e+00
1.076103028907482440e-08
4.951111964857091152e-09
0.000000000000000000e+00
1.247769265688702944e-08
4.195113145755158257e-09
1.965773606116272276e-07
6.011156301610753872e-07
1.402252536308878916e-09
4.158712485491378175e-09
4.855833068972970068e-09
1.606258043240771372e-10
7.705615701070200885e-08
7.218125119834439829e-07
2.253231741633499041e-06
2.452221981030788811e-09
2.812777495364571223e-07
3.368431977790464771e-09
1.241876930180296768e-07
4.851999246824334477e-09
7.081806252529077028e-09
4.563639777188654989e-07
5.572352961280557793e-07
0.000000000000000000e+00
5.520812695891663680e-10
2.038054844888392836e-06
0.000000000000000000e+00
1.030125318379759847e-08
0.000000000000000000e+00
1.259654047736091798e-09
1.467267696231289165e-10
1.004469951659814342e-09
2.267698390179262447e-10
0.000000000000000000e+00
4.634228645272742142e-08
6.390987739024467373e-09
4.933374153637259951e-09
0.000000000000000000e+00
6.744532043967410573e-08
5.037002370755772063e-09
0.000000000000000000e+00
0.000000000000000000e+00
8.173321464077787368e-10
0.000000000000000000e+00
7.143173164081417781e-09
1.048581680151983164e-06
2.424549450097401859e-08
4.622223992445384511e-10
7.976201032988683437e-09
9.893891927958975430e-09
0.000000000000000000e+00
8.973023213343367388e-09
0.000000000000000000e+00
9.981118154200885328e-09
1.855555531449226692e-08
0.000000000000000000e+00
0.000000000000000000e+00
8.297513787169918942e-10
7.720060324345467961e-08
0.000000000000000000e+00
0.000000000000000000e+00
5.675968584029078556e-09
2.656788922195119085e-08
3.548667493191715039e-08
5.555767845777381808e-09
3.443792451207627892e-08
4.948019949324589106e-08
8.373286952689795726e-09
4.182364676807992510e-08
8.429757514250013628e-08
9.482195473253796081e-09
5.507596370080136694e-07
6.683536390994504472e-09
6.360628646007171483e-08
1.949535288758852403e-07
5.514006602425070014e-07
2.080813459315322689e-07
4.059108604792527331e-08
3.235926214983919635e-06
4.551542787112339283e-08
6.336311475507727664e-10
1.331534882353935245e-08
0.000000000000000000e+00
2.254785247401969173e-10
4.786185314742397168e-08
5.471644026755484447e-09
1.924402340591768734e-06
6.018032649990345817e-07
6.385975082068284792e-10
3.203419751685032679e-09
9.349496963295678142e-07
2.635994977850941723e-09
8.351100433401370537e-08
3.571157258797086342e-10
2.913623509126495037e-11
5.980031687613518443e-07
1.438976227063903934e-07
1.919078007617258663e-09
1.047177544677424521e-08
3.624654027589713223e-06
2.027230721068917774e-06
1.245563652219061623e-07
7.485048314492814825e-08
7.439138585141336080e-07
8.228247527775067738e-10
1.146132603935257066e-06
6.123517778178211302e-06
1.391483817059224748e-08
2.754785271008586278e-07
0.000000000000000000e+00
1.257132993259801879e-07
3.231429701600063709e-08
5.133322100725479231e-10
1.037386621050018221e-08
3.867571540805414543e-10
6.520589623804085022e-10
9.941010681302486773e-09
4.773038142502628034e-08
3.383752154341446161e-13
5.195261998380829027e-09
1.212000166894711128e-09
1.201589725496887695e-06
7.058871887011264334e-08
2.360820650082473549e-09
5.116532406646001618e-07
0.000000000000000000e+00
0.000000000000000000e+00
9.225381347732763970e-09
0.000000000000000000e+00
1.177376816485775635e-06
8.307979442179203033e-07
1.131739168158674147e-06
9.394588218469834828e-09
6.402430585694673937e-09
0.000000000000000000e+00
3.326870334774412186e-09
5.492504673298981288e-09
0.000000000000000000e+00
7.988349537413341750e-09
0.000000000000000000e+00
4.882148574303357691e-10
0.000000000000000000e+00
3.720309171839630835e-09
0.000000000000000000e+00
2.445363200820338534e-08
1.499713242480993358e-09
5.642710743103407367e-09
0.000000000000000000e+00
1.081671197056266465e-09
0.000000000000000000e+00
0.000000000000000000e+00
0.000000000000000000e+00
0.000000000000000000e+00
1.047864017778010748e-07
1.058912624252172918e-09
8.256969863396079745e-08
0.000000000000000000e+00
0.000000000000000000e+00
1.685838384446469718e-07
6.432679242607264314e-07
1.514491287935015862e-07
3.224026157155890360e-09
0.000000000000000000e+00
4.464231651013506053e-09
1.289591100572806681e-09
9.219518481984323444e-09
0.000000000000000000e+00
0.000000000000000000e+00
7.345688146642714855e-08
4.316931168091286963e-08
0.000000000000000000e+00
0.000000000000000000e+00
1.000883553814446714e-08
2.816705624297810573e-08
8.508761695225075528e-09
0.000000000000000000e+00
0.000000000000000000e+00
5.845104738000372890e-07
2.525234910066842531e-09
8.881129076598881511e-08
0.000000000000000000e+00
0.000000000000000000e+00
0.000000000000000000e+00
3.013571836518735836e-09
0.000000000000000000e+00
2.594996439952979017e-09
1.280550665505586494e-10
1.329147778506012401e-07
8.094823478188573063e-09
2.282995459346182088e-10
7.556970160749187926e-08
3.940348936026794036e-09
2.182412861539972937e-10
0.000000000000000000e+00
3.343597398952624644e-09
7.402485291407856494e-10
3.811409854392877605e-09
3.692747219119496549e-09
5.806279901321431680e-09
0.000000000000000000e+00
7.343060381970190065e-09
1.076914735165246384e-08
1.595115151076242910e-08
1.207594302332637426e-10
9.981085895560681820e-07
0.000000000000000000e+00
0.000000000000000000e+00
3.429930561793526067e-09
2.122120257297410717e-10
2.832478522563075529e-11
0.000000000000000000e+00
1.772510813680128194e-07
4.097120864798853290e-08
0.000000000000000000e+00
0.000000000000000000e+00
0.000000000000000000e+00
6.087321313685833957e-09
4.842691248008179628e-10
4.704373623098945245e-06
0.000000000000000000e+00
0.000000000000000000e+00
4.084704130491445540e-08
2.789745989772995927e-09
6.102938954199998989e-08
5.749417608669205038e-10
6.020151932517592286e-09
0.000000000000000000e+00
6.105921990240403829e-09
1.033527539107126358e-07
3.122702763036500073e-09
9.564289804586678656e-09
1.559440132581357830e-09
2.207927884967375576e-08
5.960263393944842392e-09
5.254026033685299524e-11
0.000000000000000000e+00
4.616426164949505306e-12
6.710590749747780137e-09
6.594963242179119334e-09
0.000000000000000000e+00
1.772611391004375037e-08
2.575176338837081857e-08
3.673930848435702501e-08
1.285957229590906081e-09
3.585219872093148297e-07
1.551704187363611709e-08
4.078614779245981481e-08
2.217434014184505031e-09
2.792494910863752011e-07
3.970837880729050084e-08
6.583175782282069122e-09
3.281661065557273105e-06
1.443693636860032825e-10
4.684693521994631737e-09
1.689076270849909633e-06
4.707819243776611984e-06
1.472272720404177448e-10
1.966069021364091896e-06
0.000000000000000000e+00
7.252076716923738786e-10
1.364696117889252491e-06
4.781683315968621173e-08
1.901171664542289363e-08
2.074380631711392198e-07
3.670734713523415849e-06
5.687081916505576373e-10
9.670569234287995641e-09
1.057134824122840655e-07
2.035270512124043307e-07
4.761480809634122124e-08
2.289563738600008946e-08
0.000000000000000000e+00
1.039048935780328975e-08
1.778592150003532879e-06
9.438653023607912473e-07
4.422827437622345315e-09
2.094502002392140128e-11
8.354187457371153869e-07
4.513367901637366231e-09
1.842016850162053743e-08
2.866161301351421997e-11
2.219852177631764789e-07
3.507886106035584817e-07
4.178453707481821766e-07
8.860131970322981942e-07
6.831097493220639194e-11
3.071854237646221009e-08
7.032466164957895671e-09
1.480669631348519033e-08
4.027636557601965706e-11
1.143467276421006318e-08
1.057405066284822226e-10
2.667666265665502578e-08
5.005054592999158558e-09
1.244281211398856613e-08
3.994233832571580933e-09
5.292875115969764011e-08
3.711267293482478635e-09
1.189382459187982022e-07
5.803597602493937302e-08
4.325379165948106674e-09
1.395622035715859965e-07
1.832555218683751264e-09
7.298238013930813395e-09
3.958606775711359660e-09
1.503584456941098324e-07
0.000000000000000000e+00
8.182593091987655498e-07
8.659502559460463544e-10
2.950661048828351340e-09
2.786683239719423000e-07
5.905971267594622987e-09
6.952217135314242569e-10
2.501586095604579896e-06
0.000000000000000000e+00
5.601807018251747650e-09
3.050535724469227716e-06
9.042140369786011433e-09
9.232627995459097292e-09
3.538278336989719719e-09
0.000000000000000000e+00
2.202989124455712044e-09
1.451975983890463340e-09
9.451630944568023551e-08
3.881800658689371630e-09
2.046971037117373271e-09
5.104116240772782476e-09
6.452235083997948095e-06
5.622229678342582915e-12
6.539506358649305184e-08
4.526274466343238601e-09
1.905615505393143394e-07
0.000000000000000000e+00
0.000000000000000000e+00
0.000000000000000000e+00
1.418849677747857640e-07
5.023042426444135344e-09
3.324565622797592823e-11
1.036856218661341700e-07
9.555090940693844459e-09
1.065111609932500869e-05
4.945038267756274308e-10
7.857909323227829645e-10
0.000000000000000000e+00
0.000000000000000000e+00
4.671024900204656660e-09
0.000000000000000000e+00
4.085928539954153393e-10
0.000000000000000000e+00
4.592848878992583650e-10
2.539077170737868983e-09
7.131786219360947143e-07
1.033821206419816008e-07
3.319142294344601396e-09
3.093887146476959060e-09
3.380110769057864673e-08
1.036155481415335089e-07
5.942529888308678565e-12
2.370849294663912588e-09
4.704124242915774801e-12
0.000000000000000000e+00
1.274388750971411355e-06
4.997763980441050080e-08
6.559896625901728839e-09
2.941868899597466225e-07
0.000000000000000000e+00
1.176958530635374700e-09
5.248669207591483143e-11
4.035201617291761522e-10
1.370561175662032838e-08
6.158792364985288259e-10
4.643959383709983513e-10
0.000000000000000000e+00
0.000000000000000000e+00
6.719944696184643185e-13
0.000000000000000000e+00
9.560971805933071721e-12
7.357423115195160790e-09
1.834511351717083016e-07
5.949443249164687586e-08
0.000000000000000000e+00
2.112003627541270134e-10
0.000000000000000000e+00
2.823086475700620213e-08
8.005910245856284746e-08
2.073168126059954375e-08
1.539303795539126440e-08
2.826860967530819835e-11
7.353303885793138761e-07
1.582545827716330678e-08
3.139806636909270310e-09
2.818857147701692156e-09
6.836885724226249295e-09
8.622972558214314631e-09
1.846093766744161258e-08
0.000000000000000000e+00
4.161268218894065285e-09
2.358329753704424547e-09
7.276691055269068897e-11
2.794985753951095830e-08
1.076189619197975844e-06
2.519077724194573875e-10
2.564399581572729403e-09
8.603248669025731488e-11
1.715677296412754238e-12
7.852741568115106929e-09
1.476550703927159702e-08
5.149475512666867871e-09
2.520256714433344314e-07
2.567954293652974229e-09
3.443126228575010828e-09
1.247002160198462661e-06
3.750296286852972116e-07
2.794953424256618746e-08
9.596136107958841421e-10
1.794379613784258254e-07
4.752004345576210653e-10
1.032688512481172438e-08
3.711388174565399822e-08
6.254379769643492182e-08
0.000000000000000000e+00
1.320249243264015604e-08
1.144988437395966230e-09
6.034006627686494539e-09
2.003778035941650160e-06
1.385512711504777172e-11
7.713361327432721737e-08
4.928459063080481428e-08
5.286937266646418720e-06
2.914721974889289413e-08
6.959751885915466119e-08
6.086261805648973677e-08
0.000000000000000000e+00
2.055722774230162031e-07
4.280167331671691500e-07
2.502285667560499860e-07
3.029278516919475805e-08
1.041030817106047834e-09
4.140637277494363389e-10
2.737265560881496640e-07
1.218440348615956736e-09
6.135774111015734888e-09
1.360103318859273713e-08
3.758400701769915031e-09
1.421959616720869235e-08
2.963414402756825439e-09
7.662430334676173516e-08
0.000000000000000000e+00
1.304796569456811994e-06
1.533605020753725512e-09
1.862873801883324631e-07
3.516636981615306468e-09
6.266542840194233577e-10
9.141216117392048091e-10
1.369684810015314724e-07
2.084164840709945565e-08
2.619958916483255962e-09
8.442356147497775964e-07
7.538139001894705871e-10
3.659342553419264732e-07
4.717966533007711405e-07
4.996877911445096743e-10
7.781411959228989872e-09
3.509861012940262981e-10
1.079661387848318554e-06
9.422266300518344906e-10
3.509721580030600308e-07
2.979078601583751151e-07
7.058733042519804712e-10
4.820568619834375568e-07
1.008621186571190265e-09
2.136069987557220884e-08
1.688915034492310951e-07
4.986590340649854625e-08
4.292935340544090650e-09
1.952679545835778185e-10
2.935951215476961806e-06
2.233787738115111665e-10
1.456145620748472425e-10
2.111918178115956835e-07
2.776719520980464040e-09
1.557429527565545868e-07
1.393256510162643735e-09
8.350667712875292636e-08
4.368625017292515622e-09
1.685549335661562509e-07
6.860726653457049906e-09
1.464147914020941244e-09
5.299900251998224121e-08
6.467170798885035765e-09
2.858119574344897273e-10
5.145950154883394134e-08
5.790142267869669013e-07
3.183388830318989449e-10
2.009097244126678561e-08
0.000000000000000000e+00
1.127458237881739933e-09
0.000000000000000000e+00
4.393043262496121315e-09
1.274561967079534952e-08
0.000000000000000000e+00
1.794876958172153536e-08
2.756561201522345073e-09
5.379965273277775850e-08
2.527290554610317486e-08
8.037908116875769338e-08
7.995279815986577887e-07
3.195940578848421865e-08
1.079881162269202832e-08
1.152646067481555292e-08
1.879787880909589148e-08
0.000000000000000000e+00
8.180650823419455264e-09
5.454127816051368427e-09
8.796625650120404316e-10
9.931162736620535725e-08
0.000000000000000000e+00
5.257825286264505849e-09
0.000000000000000000e+00
0.000000000000000000e+00
6.467104629592768106e-09
2.569153821241343394e-06
5.497876598425932571e-10
3.764278611040339229e-10
8.294829711985585163e-09
1.086342127365469423e-10
0.000000000000000000e+00
4.317466384406998259e-09
1.749198474954027915e-07
1.715826130066488986e-07
5.921412249421109664e-09
7.932592893666878808e-08
2.828964562606728350e-10
0.000000000000000000e+00
0.000000000000000000e+00
4.202213688131450908e-09
2.106552952907403409e-11
7.538259461092877700e-10
3.127750280995655885e-09
6.667071783539313401e-09
4.594086533415975282e-07
3.486674504671327668e-09
0.000000000000000000e+00
0.000000000000000000e+00
7.032811311091791140e-08
6.122025109078776950e-09
0.000000000000000000e+00
3.028099548885165859e-09
7.567633741878410092e-10
4.125914720987111650e-09
5.139814351906579759e-09
4.505875672577985824e-09
8.010041518957677908e-09
4.229536720856685861e-09
1.737445565197504038e-08
4.844554837291070726e-07
3.192461051071404654e-08
9.243929177671361685e-09
3.462306210622045910e-07
2.126048226358534521e-09
5.230008870427127476e-09
0.000000000000000000e+00
5.109639378275687704e-10
3.717269692060654052e-08
0.000000000000000000e+00
3.377967914275359362e-06
4.714113543968778686e-09
0.000000000000000000e+00
4.484165483376045813e-09
7.967974724465420877e-09
2.110069931282598787e-11
0.000000000000000000e+00
0.000000000000000000e+00
5.034873629128355788e-10
4.746075177308739512e-08
2.657046527243522860e-10
0.000000000000000000e+00
0.000000000000000000e+00
0.000000000000000000e+00
5.105448355746666778e-11
0.000000000000000000e+00
9.864058458930458073e-10
3.377025592499194317e-08
3.368538559200828786e-09
8.832129338998129242e-08
8.666081612318521366e-07
2.511114871595054865e-09
3.050249830494067282e-09
7.931171275288306788e-10
2.301378421165622967e-09
5.678413850240815464e-10
4.371827552751561541e-11
4.731565361737466446e-09
2.983646396614858531e-08
3.830305956853408134e-07
2.986015879002934525e-09
5.774872136043995852e-08
5.273502523550632759e-09
3.934627290647085829e-09
1.970235308235146476e-09
5.738168187136016840e-12
2.959284595149824781e-09
6.385494355498622099e-10
2.568018908633007413e-09
8.587611510790793545e-09
0.000000000000000000e+00
1.593212743955518818e-07
4.012330379055129015e-08
1.349308664799764301e-09
1.642028557569119585e-08
2.082746419773684465e-09
1.857345943712118697e-09
5.791186552528415632e-08
1.426951712346635759e-08
0.000000000000000000e+00
4.073968185025478306e-08
9.674905498968655593e-08
5.444277806354591576e-10
4.789962523843449560e-11
5.371235456408385289e-09
4.481747861717622072e-09
0.000000000000000000e+00
2.444046964811263933e-09
5.629732235945539287e-09
3.690519179144757800e-08
0.000000000000000000e+00
1.219201894997468116e-08
5.101429945142399447e-09
3.220010853510757443e-07
3.774153489732867683e-10
1.799430471294272138e-08
8.572831688979931641e-08
5.528039692670461136e-10
0.000000000000000000e+00
2.234152418623125413e-08
2.782083186048112111e-07
9.829223657220609311e-09
2.029825552085640084e-08
6.066564139928232180e-08
1.928535908746198402e-08
6.111476409387250897e-07
5.813556303024824956e-10
4.335766448093636427e-07
2.691813438815415793e-09
2.208822280636013602e-08
7.000648452049063053e-07
4.150153554149937918e-09
2.688009281825998187e-08
1.262842719285117710e-08
1.071901234439565087e-08
5.964693627902306616e-08
8.906549275877750915e-09
1.198151244885536926e-09
2.034570911746413913e-08
1.213472788919034429e-08
6.666827800927421777e-08
6.486415315976046259e-08
2.302287249733581120e-08
2.906134177749208902e-08
7.289437053970004854e-09
5.014328882668728227e-11
5.095030175539250195e-08
2.292664547098866024e-08
1.149451449578009488e-07
4.180599830760911573e-07
2.390317206391046057e-07
1.430885845365992282e-07
1.641421505382822943e-07
9.508392684320909893e-11
3.626203692874696571e-08
2.706681243580533192e-07
8.553361063043732337e-14
3.144515403619152494e-08
6.663301910236896219e-09
1.022989067678281572e-06
5.648120549039958860e-08
1.763642103469464928e-07
7.365582449514462837e-11
2.132326493153868796e-08
1.429048268608568151e-10
2.535590759578099096e-08
0.000000000000000000e+00
2.011811339741598204e-08
0.000000000000000000e+00
4.500909156490706664e-08
4.624064331437693909e-07
6.505430292236269452e-07
1.493756562886972006e-09
5.524298103409819305e-07
2.785032506835705135e-07
7.138948632245956105e-08
1.583232100976772472e-09
1.679924821473832708e-08
1.614115924253312073e-10
2.208640381695659016e-09
9.463815509036521689e-09
9.931251376826821797e-10
1.747208244751163875e-08
8.268328599569940707e-08
6.636694305228729718e-09
1.275989869320426351e-10
1.600932580947400652e-10
6.304823885194821287e-10
6.702876920172684549e-09
1.534786633783369325e-06
1.282394079815674104e-09
2.662762899063864097e-09
9.871781614378960512e-09
3.439410889427563234e-08
0.000000000000000000e+00
5.254557322587061208e-07
1.233757263019441552e-10
5.028913285798353172e-09
6.888577708252796583e-09
1.510098890378230863e-08
4.772517492312999821e-09
1.852381181777218444e-08
4.254924856894604090e-09
1.579354313996361725e-09
1.405258220898986110e-08
1.102733726554561144e-08
1.075542854778177571e-07
1.096767903163708979e-07
7.993103281478397548e-07
1.229393919999210993e-09
0.000000000000000000e+00
2.333680448884933867e-08
1.022502083003473672e-09
2.424059744043915998e-07
3.401190724616753869e-07
0.000000000000000000e+00
1.203082860001813970e-07
1.448299258299812209e-08
9.241148291039280593e-07
9.073563567163489552e-10
9.402060641150455922e-07
1.023057734528265428e-06
0.000000000000000000e+00
3.772239409727262682e-09
3.130178640731173800e-07
7.966223591893140110e-08
3.999010012023518357e-09
1.052552622837765739e-08
3.760331768187796797e-10
8.032473033381393179e-07
2.219997741192969443e-09
5.400591973625523678e-09
8.107091886699890892e-09
2.797582610014615057e-09
2.527246190098253464e-10
5.432791994053332019e-09
9.932250577548984438e-09
3.572469209345285890e-09
9.867512744676787406e-07
6.735540125646366505e-09
9.679077983548722841e-09
9.073846172213961836e-07
4.247707519056120873e-09
2.005469013965921476e-06
0.000000000000000000e+00
0.000000000000000000e+00
7.595096079837659886e-11
8.658932237892713601e-09
0.000000000000000000e+00
6.849437284017767524e-08
8.193687506263813702e-09
6.026046321494504809e-06
4.433914124746252128e-09
0.000000000000000000e+00
1.637933899623078560e-09
3.059271307392918970e-07
9.194049255256686592e-08
7.410742686175808558e-09
5.246135525993622650e-09
1.652737608992538298e-07
6.013173958763218252e-09
1.250885901526999078e-07
6.854251921595277963e-08
0.000000000000000000e+00
0.000000000000000000e+00
9.984594484535591619e-09
3.956353111789212562e-08
0.000000000000000000e+00
2.937590171114834448e-09
0.000000000000000000e+00
5.016224768894517183e-09
3.173984408633145904e-09
2.878383087434599474e-09
7.193827755713755323e-09
1.912656921732036608e-09
3.537020232258214492e-09
1.804611571287750849e-09
2.562289296292874496e-07
1.546913569461239035e-10
6.412995467997006926e-09
5.342855491363707188e-09
0.000000000000000000e+00
3.561745620661582734e-10
1.134084026688242375e-08
4.178546841870911521e-09
1.669793969760746677e-09
0.000000000000000000e+00
3.873042442315011158e-10
1.760104773040893633e-08
0.000000000000000000e+00
1.677696315205423616e-09
5.145859738320268661e-09
0.000000000000000000e+00
5.329300023504401906e-08
5.810762426783355750e-10
0.000000000000000000e+00
2.721034286778944988e-09
1.106705171949329269e-09
1.480230071848609441e-08
3.957489980166428722e-08
3.795422642838275351e-09
0.000000000000000000e+00
2.718214320296397091e-09
1.237222413408289867e-08
1.614744178368709981e-07
1.192299805552465841e-06
1.864443888166533725e-08
2.212674417023663409e-07
8.775632664992372156e-09
6.441877644647320267e-07
6.203053626308019375e-09
7.799576096090277133e-09
1.357388583755891887e-07
1.018117146145414154e-08
1.498030286484208773e-07
2.339867961609343183e-07
1.887412253154252539e-07
3.023189947271021083e-07
5.420678803602640983e-07
8.215352522711327765e-07
4.479373387766827364e-07
2.409766693745041266e-06
3.901016896179498872e-07
8.893868397308324347e-08
1.001916466458752097e-10
3.637655652255489258e-07
1.457415947925255750e-07
2.739182214384072722e-08
5.431521117316151503e-07
1.768252957390359370e-07
6.500918630081287120e-07
1.280807682135787218e-09
6.412468422922756872e-08
1.484370582005567485e-08
0.000000000000000000e+00
6.379982551152352244e-07
3.982825802495426615e-08
3.332002052047755569e-07
6.652788897554273717e-07
1.161430631668736169e-07
7.514729531976627186e-06
1.004610972188402229e-08
1.353183609609232008e-08
1.245890189238707535e-06
3.658328751043882221e-08
2.621069050690039148e-08
7.956617764648399316e-07
1.432497764852769251e-08
3.264131862579233712e-07
2.235851326304327813e-08
1.436148750144639052e-06
2.215080940004554577e-06
1.637868791704022442e-07
9.262409861321430071e-08
4.236021311498916475e-08
5.276155334854593093e-08
5.450000344353611581e-07
2.721524197113467380e-06
8.190453115730633726e-08
4.199584235919928688e-09
4.388076888517389307e-07
1.153220452465575363e-07
1.155673245989419229e-07
1.980750084840110503e-06
1.178798015644133557e-06
7.099947652022819966e-06
7.767976484274186078e-08
1.987266102787543787e-07
7.941224566820892505e-07
0.000000000000000000e+00
2.582605418410821585e-07
5.847321631335944403e-07
3.707011586584485485e-08
7.619716058115955093e-08
1.995931597775779665e-08
8.397567796691873809e-08
2.088072221795300720e-07
4.492002769751479718e-09
4.666060959834794630e-08
8.529702881787670776e-07
2.066005180267893593e-07
0.000000000000000000e+00
5.267816849396922407e-09
1.535378260086872615e-07
7.256568235192162319e-09
2.811586696793710871e-08
4.627243299637484597e-08
5.421481432676955592e-07
1.328170573522413633e-09
3.164734793670298529e-11
1.992356057911592870e-09
7.635637757630320266e-07
7.742786465314566158e-07
2.101480305327640963e-07
4.738613945676206640e-10
1.070166444350206802e-08
6.409258124229211262e-10
1.952485462197728339e-07
2.600982540457152936e-09
0.000000000000000000e+00
1.536493243747827364e-07
2.421117351047996635e-08
3.843926510427309040e-09
4.844513679103101822e-09
6.280059210439503659e-07
4.593806224306717922e-09
5.603565528256027051e-11
6.129145191380303004e-09
1.360131784977625102e-09
1.032886415286426995e-10
7.141029989554681379e-09
2.399356091586923867e-08
4.913885121027306013e-08
6.736702862220056431e-11
6.173670019649080132e-09
9.231123088149217892e-10
4.986851465105246461e-08
1.155530995333720057e-07
1.032642842346831458e-07
2.338125248968481174e-08
5.579077200223991895e-09
8.322653144432479166e-08
4.512324721872573718e-06
5.142336778618528115e-09
2.195235104807125026e-10
1.542630911899323110e-09
8.203384709304373246e-07
5.718442164237558245e-09
1.109154709411086515e-06
5.070402986362410047e-10
4.472203052330314677e-09
9.694627045586656777e-12
0.000000000000000000e+00
9.245319176898192381e-08
6.025008474352944177e-07
5.865351795364404097e-07
3.800587933255883399e-07
3.217223820684012026e-08
1.074174451787257567e-05
3.959356176252981641e-10
4.085556060129391653e-10
1.726522036449296138e-08
5.150650461693828674e-10
3.394498548914270941e-08
2.215683480244479142e-06
0.000000000000000000e+00
4.439197273664596821e-11
1.488729139964561909e-08
0.000000000000000000e+00
3.146847005197628278e-09
1.994467264954113972e-11
3.271885361755266786e-06
0.000000000000000000e+00
6.000419716656324454e-07
4.055987901097068971e-08
1.052311944249595399e-07
0.000000000000000000e+00
7.016530023662426174e-09
3.233313269901394449e-11
3.804645043459231601e-09
1.999986842804446496e-09
0.000000000000000000e+00
2.062296777793903857e-09
0.000000000000000000e+00
0.000000000000000000e+00
1.208518729534091563e-09
3.925969771501058858e-09
9.427561842301201978e-09
9.737519235386571381e-09
0.000000000000000000e+00
3.003396198408836426e-09
9.978646886565911700e-08
2.057116716969176196e-06
1.400057527689568815e-07
8.470440321373118309e-11
1.942174492342019221e-07
1.584363751305772894e-08
0.000000000000000000e+00
8.152818864459732140e-09
1.188964260379066218e-09
0.000000000000000000e+00
0.000000000000000000e+00
7.131323087605778710e-09
4.328701397326994993e-09
1.641074359737260124e-10
0.000000000000000000e+00
0.000000000000000000e+00
1.589547871105878585e-08
2.573253432558431086e-08
1.515841674404327932e-09
2.922478259392846667e-09
3.020646177631647333e-09
9.113921350945020095e-08
1.158960305502887422e-08
4.582491275328948177e-09
3.683343550164863700e-07
8.223094596360169817e-07
1.845570864134060685e-06
1.798078301362693310e-06
2.290928932779934257e-06
4.635432730992761208e-07
7.846388712096086238e-07
7.495576710425666533e-07
7.509354418289149180e-07
7.525908131356118247e-06
1.874602617135678884e-06
1.496615368523634970e-06
6.214532731974031776e-06
2.371205482631921768e-06
2.325321929674828425e-06
2.677294787645223550e-06
2.906090912802028470e-06
3.837084250335465185e-07
1.701251903796219267e-07
3.009702822964754887e-06
4.220782557240454480e-06
1.743799430187209509e-06
1.559968609399220441e-06
1.561683234285737853e-06
2.282433939626571373e-07
1.248368675987876486e-06
3.493373696983326226e-07
1.367246227346186060e-06
1.582363438501488417e-06
1.116352336794079747e-06
3.802236051342333667e-06
1.702166741779365111e-06
4.407513642945559695e-07
2.806996462823008187e-06
2.657603914713035920e-08
2.735682528509641998e-06
5.592502475337823853e-06
1.663668669493745256e-08
4.901959869130223524e-07
1.832168891269247979e-06
4.492979144288256066e-07
2.407786269031930715e-06
8.870429155649617314e-07
7.102749464138469193e-07
2.985897751273114409e-08
5.329935675035812892e-07
3.905569485596060986e-07
3.450389840509160422e-07
5.764501906924124341e-07
1.255325059901224449e-06
1.593171305103169288e-06
4.422420261107617989e-06
1.407058562108431943e-06
1.367396635032491758e-06
1.460474550185608678e-06
3.490425797281204723e-07
1.419870386598631740e-06
3.199573370693542529e-07
5.803921112601528876e-07
5.878668503100925591e-07
2.520748921597260050e-06
7.114122695384139661e-07
1.321682361776765902e-06
1.910896344270440750e-06
2.056310904663405381e-06
3.142281684631598182e-06
4.327412170823663473e-07
6.376477585945394821e-07
6.613670961996831466e-07
3.460970674495911226e-07
1.257153456890591769e-07
4.988845034858968575e-07
8.491683161082619336e-07
1.856877133832313120e-06
1.324885801068376168e-07
2.714926949920482002e-06
1.266360669660571148e-07
1.112474024012044538e-07
5.166816094970272388e-07
9.351306857752206270e-07
2.104689400539427879e-08
1.910665787363541313e-06
8.505022037752496544e-07
1.597859181856620125e-06
9.511516907423356315e-08
1.236412003891018685e-06
2.668079268630663137e-08
4.090599304618081078e-06
4.031597882203641348e-07
2.095317057637657854e-07
1.088367980628390796e-06
3.207849658792838454e-06
2.118841422316108947e-07
2.404131578259693924e-07
1.093602122637093998e-06
8.264712647587657557e-08
1.629399434932565782e-06
6.755606705155514646e-07
6.015795861458173022e-08
1.665099915726386826e-07
3.638324983512575272e-07
6.281695732468506321e-07
5.208343267781856412e-08
3.152393901473260485e-06
5.347974063596439009e-09
3.444312426381657133e-07
3.139424279652303085e-06
3.837194118005982091e-09
2.326105317251858651e-07
8.596401812610565685e-08
8.983159887065994553e-07
9.291276796830061357e-07
8.743496096030867193e-07
1.606161731615429744e-06
7.199981411076805671e-08
8.944191449700156227e-07
2.384279014222556725e-06
2.633932808748795651e-06
3.743678917089710012e-06
2.226955984951928258e-06
1.214315602737769950e-06
1.355922677248599939e-06
3.247866516176145524e-06
1.530815325168077834e-06
1.092571324079472106e-06
1.700981556496117264e-06
1.113616690417984501e-06
4.593319431478448678e-07
1.095490802072163206e-06
1.176121031676302664e-06
1.799900587684533093e-06
1.887694793367700186e-06
4.511288977937510936e-07
5.326419909579271916e-07
8.187507773982360959e-07
1.144889324677933473e-06
8.328661920131708030e-07
1.776086605786986183e-06
1.196123889712907840e-06
4.057016667502466589e-06
3.010410409842734225e-06
3.275216840847861022e-06
1.862224507931387052e-08
5.256381427898304537e-07
6.785907835649140907e-09
1.837020022321667057e-06
6.791339046685607173e-07
1.251161663162747573e-08
1.067075118044158444e-06
2.987206357829563785e-07
3.142257014587812591e-07
1.702715053397696465e-07
1.234825077744972077e-07
9.852200832938251551e-08
2.730854475885280408e-07
1.065011292666895315e-05
1.282525996515460065e-08
8.641779459139797837e-06
3.417644778291872854e-10
3.908204038172158334e-10
5.926352173446503002e-07
1.013441774944112694e-07
3.246116193622583523e-06
6.888185453135520220e-06
1.276833586416614708e-06
1.217814542542328127e-06
5.183724738344608340e-07
1.560673013045743573e-06
3.144539505228749476e-06
1.657338543736841530e-06
2.069739139187731780e-06
8.590551260567735881e-06
1.932670102178235538e-06
1.329550173068128061e-06
2.453419256198685616e-06
7.441927323270647321e-07
1.381873516947962344e-06
7.769523904244124424e-07
5.929911822022404522e-06
2.268126735316400300e-07
6.186659788909310009e-07
4.722800284184813790e-08
9.371203191221866291e-07
1.383075186822679825e-06
1.165535081781854387e-06
1.936608896357938647e-06
8.228450099068140844e-08
3.853974419598671375e-07
1.494594954465355841e-07
5.804182592328288592e-07
1.335182105322019197e-06
1.854510855991975404e-07
4.979451659892220050e-07
1.686896524688563659e-07
1.764005332915985491e-07
1.286982893589083687e-07
2.008630595184968115e-09
2.541470678352197865e-07
1.464811134610499721e-07
4.048926527389085095e-09
7.850255911989734159e-08
1.448868374609446619e-06
2.090075440719374456e-06
9.810338319482525549e-09
2.098515139437040489e-08
4.657377061789702566e-08
4.364605121764952855e-09
2.145428945610206029e-09
2.064083309960551560e-05
1.044929365257019072e-09
8.717530874946533004e-08
2.101461120673775440e-07
1.145095666288398206e-06
4.403185300816403469e-07
1.356942448182962835e-06
6.381691036949632689e-06
1.574601128595531918e-06
6.995646344876149669e-06
2.641445917106466368e-06
9.651045047576189972e-07
1.563360797263158020e-06
1.241888298864068929e-06
7.349915449594845995e-07
2.954346427941345610e-06
1.082302901522780303e-06
1.458342580917815212e-06
2.347732788621215150e-06
5.599085284302418586e-07
7.931136565275664907e-07
7.323640716094814707e-07
9.249976073988364078e-07
5.905533839722920675e-07
2.478380793036194518e-06
4.029756723866739776e-07
5.215443366068939213e-07
2.051887122433981858e-06
6.941829155948653352e-07
1.281750655834912322e-06
1.204821842293313239e-06
1.880420199995569419e-06
1.398183258061180823e-07
2.143741966165180202e-07
6.189877694851020351e-07
2.345745713228097884e-07
1.494846173955011182e-06
3.045884795938036405e-06
1.293580908168223687e-06
3.247669244643702768e-09
5.624195864584180526e-07
2.808538965837215073e-06
7.135337227737181820e-07
2.781657144623750355e-07
6.668421974609373137e-07
4.664370862883515656e-07
0.000000000000000000e+00
4.262618915618077153e-07
3.742481453627988230e-07
7.629415321730448341e-09
1.310883277483299025e-07
0.000000000000000000e+00
2.416306710273374847e-09
5.824537311127642170e-06
1.888071494704490760e-07
1.094916299848591734e-07
1.227423584992948236e-08
4.609341337433181529e-13
0.000000000000000000e+00
2.970208697661291808e-06
1.627383028335316340e-08
8.679258201027550967e-09
2.981170510452102462e-08
1.855891440527557279e-09
9.121840776060707867e-07
2.072629058602615260e-06
6.280861697405271116e-08
0.000000000000000000e+00
7.854564110232331586e-09
2.360613962082425132e-07
2.812074626490357332e-06
3.879166797560174018e-06
1.367298864352051169e-06
1.372646920572151430e-06
7.130672656785463914e-07
3.011014996445737779e-06
3.083303226958378218e-06
2.787809989968081936e-06
9.959335329767782241e-07
1.296286086471809540e-06
2.025249386861105449e-06
5.841039865117636509e-07
1.352463186776731163e-06
1.207645254908129573e-06
4.845816761189780664e-07
1.947842207528083236e-07
1.968936658158781938e-06
9.354139933748228941e-07
1.678489184087084141e-06
3.377457176156895002e-07
9.173654689220711589e-07
4.288521981976600728e-09
3.491335576200071955e-07
8.412103511545865331e-07
9.136313110502669588e-07
7.594915985009720316e-08
4.063945482357667061e-07
4.786649014931754209e-07
6.133002443675650284e-07
7.080358273015008308e-07
1.037000387782427424e-07
1.425177771352537093e-07
4.525477834249613807e-06
2.273562955679153674e-07
1.380894758540307521e-07
7.110152466793806525e-09
2.141679944500651800e-09
4.301424638697426417e-08
2.900181428344694723e-08
9.799814293387498765e-09
6.709734066134842578e-07
3.631568858963873936e-07
2.728869503698660992e-07
2.714978641904508549e-08
5.741487711929949000e-07
4.860649482907319907e-07
6.503404392788070254e-08
9.764551833768564393e-09
9.264034019906830508e-07
1.464254353322758107e-07
3.820793608610983938e-06
0.000000000000000000e+00
0.000000000000000000e+00
3.924093761042968254e-08
2.944679408756201155e-06
2.239273044324363582e-06
2.103543920384254307e-06
2.019900421146303415e-06
1.968898914128658362e-06
1.516217025709920563e-06
4.496563690281618619e-07
1.475648332416312769e-06
2.077360704788588919e-06
1.468662048864644021e-06
4.838623226532945409e-07
3.767972884816117585e-06
1.637648551877646241e-06
1.936802163982065395e-06
1.641536869101400953e-06
1.167236860055709258e-06
3.061931920456117950e-06
1.168913627225265373e-06
1.060698423316353001e-06
1.627885467314627022e-06
6.735805527569027618e-06
1.222044261339760851e-07
4.630896341950574424e-07
8.924853318603709340e-07
1.905616045405622572e-06
3.407271265132294502e-07
1.636846718611195683e-06
2.655444006904872367e-07
1.558887774422146322e-08
5.411231018825901629e-09
2.325997172647475963e-07
8.102185347524937242e-06
1.226211566063284408e-06
6.101226404098269995e-07
7.817380520691585843e-09
1.637599666537425946e-06
1.099333424292581185e-08
0.000000000000000000e+00
1.013904920910135843e-06
0.000000000000000000e+00
7.785858180398008699e-09
1.594630845147548825e-07
6.244694361612346256e-08
9.226098107717461971e-09
4.329693936711009883e-09
1.970180107946362114e-08
0.000000000000000000e+00
2.134647161255998071e-07
4.153681402385700494e-06
2.397775347162678372e-07
2.615206994960317388e-06
4.401922524266410619e-06
2.278841748193372041e-06
5.365312972571700811e-06
1.255744905392930377e-06
2.654552417880040593e-06
2.837853116943733767e-06
5.762737600889522582e-06
2.175317831643042155e-06
9.927898645401000977e-06
7.309507736863452010e-07
4.064702352479798719e-07
5.503285365193733014e-07
6.774885719096346293e-07
5.031707246416772250e-07
9.328409760200884193e-07
3.041058960207010387e-07
4.739890613336683600e-08
1.274947720730779110e-07
1.624945594747018163e-10
4.766726306115742773e-06
4.194491509679210139e-08
4.145537246813546517e-09
5.051453626947477460e-06
1.549674379930365831e-07
4.676956155691414097e-09
8.985096222602351190e-09
1.290812576826283475e-07
3.784450370858394308e-07
9.077773484023055062e-07
2.333805241505615413e-06
0.000000000000000000e+00
8.216495039903293218e-09
6.561299983331991825e-07
0.000000000000000000e+00
6.059178936368425639e-09
6.186049006373650627e-09
0.000000000000000000e+00
0.000000000000000000e+00
1.619881544456802658e-07
1.573444485813979554e-08
0.000000000000000000e+00
5.668697067306993631e-09
1.059379087564593647e-06
1.784327196219237521e-06
5.959802365396171808e-06
4.364187134342500940e-06
2.204670408900710754e-06
2.781341208901721984e-06
3.453390490903984755e-06
6.377770660037640482e-06
1.409293304277525749e-06
5.984707058814819902e-06
0.000000000000000000e+00
0.000000000000000000e+00
0.000000000000000000e+00
0.000000000000000000e+00
9.027344205492227047e-09
3.537738435532844505e-10
8.775074888944800477e-09
0.000000000000000000e+00
4.363637895465899419e-09
2.817690528900129721e-06
1.273933847301123023e-09
3.444227786530973390e-06
8.507463178375473944e-09
1.146297812226748647e-08
3.237483170437371882e-09
0.000000000000000000e+00
0.000000000000000000e+00
2.389986430983981336e-09
3.732987534021958709e-05
0.000000000000000000e+00
2.784635633190646331e-09
0.000000000000000000e+00
0.000000000000000000e+00
0.000000000000000000e+00
0.000000000000000000e+00
0.000000000000000000e+00
2.041416991005462478e-07
2.509224714231095277e-06
