4.715007264621817740e-07
1.919811154493800132e-07
2.739361626424852147e-08
7.732968697382602841e-06
7.246819677675375715e-08
7.553430236839631107e-07
4.668315227718267124e-07
3.131066478090360761e-06
4.852209713135380298e-06
6.563378974533407018e-06
1.857982897490728647e-05
3.392658754819422029e-06
1.514039468020200729e-05
1.291711839712661458e-07
4.778315087605733424e-06
2.346454130019992590e-05
4.163283392699668184e-06
3.501529590721474960e-06
6.285528343141777441e-06
2.092115920504511450e-07
4.375603566586505622e-06
1.341477673122426495e-05
2.291822511324426159e-06
3.646537152235396206e-06
8.922199413063935935e-06
1.063715103555296082e-06
7.226504749269224703e-06
6.955257845220330637e-07
1.453806999052176252e-05
6.765435500710736960e-06
1.185383189294952899e-05
4.283179350750287995e-06
2.616879328343202360e-06
1.044275632011704147e-05
2.021531599893933162e-06
1.846442137320991606e-05
1.511183427282958291e-06
7.345356038968020584e-07
8.200942829716950655e-06
4.110347617825027555e-07
1.160805368272121996e-06
8.347797830765557592e-08
1.006575644169060979e-06
2.020375688971398631e-07
3.076102643717604224e-07
5.806247713735501748e-07
3.414437060200725682e-06
1.128901658375980332e-06
8.236569897235312965e-07
8.306229233312478755e-07
2.333914380869828165e-06
8.378737703651495394e-08
1.857767529145348817e-06
8.001802598300855607e-06
1.204886757477652282e-06
7.922945769678335637e-06
3.944557647628244013e-06
4.921163053950294852e-06
5.454611255117924884e-06
9.400305316376034170e-07
1.106322542909765616e-06
5.001276349503314123e-06
5.970751317363465205e-06
1.349102967651560903e-05
4.475684818316949531e-06
6.240403308765962720e-06
1.659717781876679510e-06
1.716357837722171098e-05
2.089501691671102890e-07
2.446861981297843158e-05
1.140122890319616999e-06
5.066302946943324059e-06
7.277379154402296990e-06
4.043468379677506164e-06
6.514196229545632377e-06
9.373827083436481189e-07
1.408905177413544152e-06
9.741718713485170156e-06
3.236708607801119797e-06
8.734070888749556616e-07
1.222438299919303972e-06
1.022979267872869968e-05
1.111026737277143184e-08
4.730611635750392452e-06
5.791964667878346518e-07
1.637282593947020359e-06
1.741155028867069632e-05
1.862051431089639664e-05
3.949490201193839312e-05
3.809199597526458092e-06
1.630366023164242506e-05
4.033251116197789088e-06
8.008203622011933476e-06
6.445012786571169272e-06
7.792006726958788931e-06
2.772849938992294483e-06
4.782054929819423705e-07
6.581908110092626885e-06
4.521441951510496438e-06
1.863955390035698656e-06
1.279647790397575591e-06
4.607641585607780144e-06
1.514795258117374033e-06
8.145902029355056584e-06
3.115259914920898154e-06
2.409989065199624747e-06
1.063249101207475178e-06
7.347270184254739434e-06
3.360265736773726530e-06
5.840021003677975386e-06
2.744408902799477801e-06
1.794594368220714387e-06
8.150745998136699200e-07
1.991565295611508191e-05
1.917893860081676394e-05
2.366826947763911448e-06
3.560288917014986509e-07
1.560681266710162163e-05
2.442418008286040276e-05
1.319733655691379681e-06
5.982953371130861342e-05
1.550511683490185533e-07
9.336250172964355443e-07
4.135212705591584381e-08
1.669593387987333699e-07
8.518003596691414714e-06
5.155436610948527232e-07
3.541462092471192591e-06
1.442579377908259630e-05
7.540590445387351792e-07
3.321738176964572631e-06
1.918954097845926299e-07
1.095121319849567953e-06
2.909516297222580761e-06
2.488963764335494488e-05
1.406174447993180365e-07
3.769581535806310058e-09
4.693177288572769612e-06
7.537971669080434367e-07
8.655425887127421447e-08
1.113800749408255797e-06
1.656458948673389386e-06
1.989268412216915749e-06
2.848400072252843529e-06
3.539376223216095241e-07
2.705926635826472193e-05
3.201340405212249607e-06
0.000000000000000000e+00
8.346736990461067762e-07
1.438481035620498005e-06
2.215488393630948849e-06
1.512743438070174307e-05
2.117031499437871389e-06
5.308318122843047604e-07
2.740065838224836625e-06
4.307194558350602165e-06
2.419151883259473834e-07
1.381831452818005346e-06
4.047547918162308633e-06
9.315331794823578093e-07
1.038229356709052809e-06
6.652192951150937006e-06
2.216486336692469195e-06
1.026268819259712473e-06
2.151135589656405500e-07
6.128517497927532531e-07
8.992767419613301172e-08
3.866486167680704966e-06
6.109422656663809903e-08
1.903991346807742957e-07
3.520755171848577447e-06
3.225905231829528930e-07
8.631180890006362461e-07
1.994330432353308424e-06
0.000000000000000000e+00
0.000000000000000000e+00
8.319310040860727895e-07
7.450262273778207600e-08
1.828315134844160639e-06
2.508940724510466680e-06
1.200952937097099493e-07
1.491743830683844863e-07
1.619546992515097372e-06
6.730850827807444148e-07
1.236310595231771003e-06
3.083540605075540952e-06
4.473976673580182251e-07
1.175535999209387228e-06
9.081208673933360842e-08
1.075221234714263119e-06
1.065214291884331033e-06
1.432728282679818221e-07
3.654225508853414794e-07
1.942858034453820437e-07
2.431652887935342733e-07
6.392868812099550269e-08
1.042674284690292552e-06
2.092890412086489960e-07
1.016419219013187103e-06
5.450077082969073672e-07
5.779298248853592668e-07
2.097312972182407975e-07
4.743124861761316424e-07
1.670796621056069853e-07
2.026424681389471516e-06
0.000000000000000000e+00
1.318529939453583211e-06
3.593160258219540992e-08
3.270532715760054998e-06
1.780150853392115096e-07
5.435287562249868643e-07
2.170004790968960151e-06
7.353963610512437299e-06
3.262753580202115700e-06
1.707113597149145789e-07
8.530280481977570162e-09
1.863958800640830304e-06
2.806580141623271629e-07
0.000000000000000000e+00
1.794022500689607114e-05
2.125402488672989421e-06
5.311109362082788721e-06
3.437106101955578197e-07
4.467930011742282659e-06
4.334591721999458969e-06
1.273881053975856048e-07
4.637020367681543576e-08
5.569268523686332628e-06
7.837547286726476159e-07
3.778157804390502861e-07
1.536020306502905441e-07
2.937085810117423534e-06
3.097909029747825116e-06
1.138271954914671369e-06
5.215564669924788177e-06
1.912451352836797014e-06
1.508496779933921061e-06
1.973431551505200332e-07
4.118841729905398097e-07
5.538556706596864387e-07
4.014174919575452805e-06
4.345368722624698421e-07
2.456687582252925495e-07
1.052820586266989267e-08
0.000000000000000000e+00
1.653197500672831666e-06
5.645702003675978631e-06
4.095596466413553571e-07
0.000000000000000000e+00
3.621132236730773002e-06
1.437099257373120054e-07
5.696465965598918046e-09
3.368945158399583306e-07
1.455374103898066096e-06
3.841869329335168004e-06
5.131295438332017511e-06
0.000000000000000000e+00
0.000000000000000000e+00
0.000000000000000000e+00
0.000000000000000000e+00
3.089253368671052158e-06
4.512403108947182773e-07
1.422405944140336942e-07
0.000000000000000000e+00
0.000000000000000000e+00
0.000000000000000000e+00
6.151364417839033649e-10
3.526871950043641846e-08
8.990309652290306985e-07
2.243262287038305658e-08
1.268778760277200490e-06
4.710246230388293043e-06
2.366490008398614009e-07
3.482959414213837590e-07
3.886676438469294226e-07
1.979660919460002333e-05
9.999787380365887657e-07
9.080213203560560942e-07
2.136839157174108550e-06
2.205434839197550900e-06
7.892745124138400570e-09
1.537047751298814546e-06
1.010597202366625424e-06
4.784371299138001632e-07
1.478173430768947583e-06
1.680385480540280696e-06
3.649274049166706391e-06
1.227363554789917544e-06
6.169474886519310530e-08
9.544635304337134585e-07
2.523570174162159674e-06
2.688035465325810947e-07
2.763910629255406093e-07
1.235796389664756134e-05
8.133226536699567077e-09
1.914067979669198394e-07
0.000000000000000000e+00
1.913175765366759151e-06
5.094486255075025838e-07
2.462740589237455424e-08
4.293905320196245157e-08
1.874460167528013699e-06
6.232812211237614974e-06
4.034024527754809242e-07
3.306214413356656223e-09
3.541781552485190332e-07
0.000000000000000000e+00
1.478810304433864076e-06
1.027513008011737838e-05
9.622791452557066805e-09
7.643143007385333476e-09
2.542299010199755571e-11
1.803389750421047211e-06
1.041507546872821877e-09
1.810524395295942668e-06
5.689056337132569752e-08
1.539141081252637377e-08
1.274910954585095624e-09
0.000000000000000000e+00
3.431983808255267832e-09
0.000000000000000000e+00
0.000000000000000000e+00
7.645074902029591613e-07
1.297951079948234110e-08
2.961404561574454419e-07
9.036709748555527000e-12
1.239969691368969507e-07
0.000000000000000000e+00
0.000000000000000000e+00
3.580682914616772905e-06
4.537350548616814194e-07
3.019226141987019219e-06
1.237099695572396740e-06
4.224782060191500932e-06
2.594990291981957853e-06
1.482986476730729919e-06
5.749995466430846136e-07
3.853059027392191638e-08
7.225818876577250194e-07
2.668040451681008562e-06
2.146686028936528601e-07
8.123208203869580757e-07
2.582104116299888119e-06
5.885815880901645869e-06
1.264249021915020421e-06
2.654320496731088497e-06
4.712684074092976516e-07
1.167087688713763782e-07
9.153806246331441798e-08
2.334838740125633194e-07
4.389369223645189777e-06
1.024052721732005011e-06
0.000000000000000000e+00
9.821794719755416736e-07
1.247201680598664097e-06
0.000000000000000000e+00
3.912713282261393033e-07
5.781358254353108350e-07
2.236914269815315492e-06
4.922549123875796795e-06
5.711030439670139458e-07
3.073027610156486844e-09
0.000000000000000000e+00
3.006345536959997844e-07
3.423050145556771895e-07
6.381562833723819494e-09
3.628124659371678717e-06
0.000000000000000000e+00
5.971224936729413457e-08
5.118963144923327491e-06
1.226880385729600675e-06
2.220115220552543178e-07
3.539302610988670494e-07
1.090354885491251480e-06
3.945663351601069735e-08
8.031227594074152876e-07
9.916197996062692255e-07
2.005906708291149698e-06
2.341077305345606874e-07
4.979803236437874148e-09
3.311921048521071498e-08
7.153860792641353328e-08
1.270956175858373172e-07
4.722467750184478064e-08
8.872225407685618848e-07
0.000000000000000000e+00
5.880122611046090242e-09
1.115177497013064567e-07
2.690243036340689287e-06
2.479545855749165639e-06
0.000000000000000000e+00
2.107248917582182912e-07
0.000000000000000000e+00
0.000000000000000000e+00
2.560205984991625883e-06
3.892324002663372084e-06
2.543920061270910082e-07
5.798777351628814358e-07
2.285220261910581030e-06
7.015371394913927361e-09
1.007127922725281621e-10
4.659774504034430720e-07
0.000000000000000000e+00
0.000000000000000000e+00
0.000000000000000000e+00
3.359923766765859909e-06
9.317619031889989856e-08
0.000000000000000000e+00
2.400902758381562307e-06
9.916790943975684058e-09
3.822921428309200564e-07
0.000000000000000000e+00
0.000000000000000000e+00
4.240422768475582416e-08
0.000000000000000000e+00
1.338762558589223772e-07
0.000000000000000000e+00
0.000000000000000000e+00
3.704095661305473186e-07
1.192834275798304589e-07
5.014899215893819928e-06
1.219530190610385034e-06
3.965180326304107439e-07
2.308755000512974220e-07
2.338138301638537087e-06
1.489080204919446260e-06
8.153685371325991582e-07
4.265085635779541917e-07
3.074122560065006837e-06
4.049426024721469730e-06
2.116997166012879461e-06
1.064801017491845414e-05
1.772344262462866027e-06
5.018088813812937587e-06
7.662471830371941905e-07
1.929204017869778909e-06
3.065069904550909996e-06
1.272623194381594658e-06
1.841784637690579984e-06
2.535964313210570253e-06
9.454910241402103566e-07
1.280701781070092693e-06
1.762739657351630740e-06
4.100564297004893888e-07
2.053337055940573919e-07
1.926527374962461181e-06
4.239364443492377177e-06
2.275325414302642457e-06
9.836778644967125729e-07
7.643896182685239182e-09
3.996260655725336619e-09
4.519527507795828569e-08
3.019050041075388435e-07
3.234171819244124890e-09
1.557350401526491623e-06
1.248431935607641208e-08
0.000000000000000000e+00
3.721343511120522862e-10
1.947610428487678291e-07
1.145939734215062344e-07
0.000000000000000000e+00
3.246658719646688951e-09
2.157178045081309392e-07
8.981331234281242359e-09
8.890427061203354242e-09
0.000000000000000000e+00
7.154168457645937451e-08
5.235363573774520773e-07
0.000000000000000000e+00
4.029080402645490722e-10
0.000000000000000000e+00
0.000000000000000000e+00
0.000000000000000000e+00
2.492031292433694034e-08
8.278183116772197536e-08
3.131630705865973141e-07
8.527288597459659059e-11
2.674792938250902807e-07
3.238122872062376700e-07
1.540506531227947562e-07
3.002652135819516843e-07
3.128953267150791362e-06
1.923658828673069365e-06
3.943766913039326028e-08
1.944606992765329778e-06
3.816172977622045437e-07
6.490377018053550273e-07
6.524635409732582048e-08
2.687789574240539991e-11
4.043678458742760995e-08
1.152198976228646643e-07
1.637362245787699067e-08
9.253300703448985587e-08
0.000000000000000000e+00
0.000000000000000000e+00
2.357829487209528452e-08
1.130890936451578455e-10
0.000000000000000000e+00
0.000000000000000000e+00
8.912747944123111665e-07
0.000000000000000000e+00
1.109015435041271758e-09
0.000000000000000000e+00
5.268754676990283770e-08
0.000000000000000000e+00
2.722131131616123412e-10
0.000000000000000000e+00
0.000000000000000000e+00
5.534924639505334198e-06
2.147662371498881839e-06
0.000000000000000000e+00
0.000000000000000000e+00
1.537889488645305391e-06
0.000000000000000000e+00
0.000000000000000000e+00
7.388128864249665639e-08
3.702859658005763777e-06
4.102741063549686373e-11
7.732691074124886654e-07
4.156458999204915017e-07
0.000000000000000000e+00
0.000000000000000000e+00
1.626719758895944778e-09
0.000000000000000000e+00
7.239468118314107414e-07
2.770181481537292711e-06
9.013503898813723936e-08
2.582821480245911516e-06
1.763811610544507857e-06
2.764131295407423750e-06
2.782183230465307133e-07
1.550679485262662638e-06
1.540433487434711424e-07
3.165105226798914373e-06
8.217400136345531791e-06
4.718260697700316086e-06
3.410838644413161092e-06
5.861987233402032871e-07
1.642052609440725064e-07
1.211901349051913712e-06
1.465776335862756241e-06
4.892778520115825813e-07
1.692954356258269399e-06
0.000000000000000000e+00
6.287367426693890593e-08
1.447831863288229215e-07
1.840903536276528030e-07
5.959391842225159053e-07
3.116647349088452756e-07
2.336940641001206131e-09
9.608494622170837829e-08
0.000000000000000000e+00
8.776200388638244476e-08
5.468162367350259956e-09
7.741232366242911667e-07
1.583715857123024762e-06
2.097591789151920239e-07
1.579482100666496081e-09
2.295959575349115767e-06
5.914615030633285642e-06
7.683316027851105900e-08
3.978787022074214974e-10
0.000000000000000000e+00
7.727244906163832638e-07
2.198776428485871293e-06
3.345361321294149093e-08
7.406134727716562338e-07
2.031021040238556452e-06
4.864636480306216981e-07
2.225826847279677168e-07
2.172881963247164094e-08
4.247134910428940202e-08
1.183983613373129629e-07
1.877037760777966469e-07
5.100125122226017993e-08
4.430410172062693164e-08
1.066531922333524562e-06
4.462919964143274854e-11
1.993288805124393548e-07
1.282251083090102384e-09
4.420088295375990128e-09
4.374567197373835370e-06
2.338008009417080757e-09
2.596751258465701540e-09
3.876769483213138301e-07
1.149180306470043433e-09
1.379892089481415951e-09
0.000000000000000000e+00
1.894032379823329393e-07
0.000000000000000000e+00
3.689980987431340509e-09
1.159522788896083512e-08
6.888057669129921123e-06
2.069583842967404053e-06
0.000000000000000000e+00
0.000000000000000000e+00
7.202062874966941308e-07
0.000000000000000000e+00
1.809740690639216609e-10
5.948003423128511713e-09
3.454464936325507551e-09
2.329755091068363981e-07
0.000000000000000000e+00
0.000000000000000000e+00
0.000000000000000000e+00
5.967503398096596356e-07
1.003765888185625954e-07
6.689430165351950563e-08
3.273445145168807358e-06
2.799967830924288137e-07
0.000000000000000000e+00
0.000000000000000000e+00
0.000000000000000000e+00
0.000000000000000000e+00
6.404446417640485834e-10
0.000000000000000000e+00
1.417378001633551321e-07
0.000000000000000000e+00
3.121963345620315522e-07
0.000000000000000000e+00
0.000000000000000000e+00
0.000000000000000000e+00
0.000000000000000000e+00
2.246130407002056018e-06
6.464077273449220229e-08
1.554682739879353903e-06
0.000000000000000000e+00
0.000000000000000000e+00
1.583580910846649203e-06
1.140752146966406144e-06
4.382110319056664594e-07
6.585901815014949534e-07
8.335579195772879757e-07
5.981016784062376246e-07
2.560545681262738071e-06
1.432816816304693930e-07
1.683720483924844302e-06
6.588276733054954093e-07
3.321361873531714082e-06
8.072418609117448796e-07
3.499132503748114686e-07
7.170016829149972182e-07
6.474085125773854088e-07
2.935537111170560820e-07
9.487033025834534783e-07
3.468401033046575321e-08
1.321632453255006112e-06
1.501927249236700845e-09
0.000000000000000000e+00
8.380013127862184774e-07
1.968168961141714135e-09
2.004514421116709855e-08
8.274295026922118268e-08
5.081542298057684093e-08
2.859955543499381747e-07
0.000000000000000000e+00
0.000000000000000000e+00
0.000000000000000000e+00
3.103815204852367060e-09
4.768384798126135138e-08
0.000000000000000000e+00
2.062769453914370388e-06
3.645134416530027011e-09
1.705003427332485444e-07
8.686337871210980666e-09
1.557284079467535776e-08
6.088573645257611133e-09
6.958114973087958788e-09
7.377998372248839587e-07
1.558166900395008270e-06
5.300078953496267786e-08
4.683266219274173636e-09
1.257536723642260768e-07
2.931703546593666942e-09
4.217082516522197011e-10
0.000000000000000000e+00
6.907768010933068581e-07
0.000000000000000000e+00
1.601274846052547218e-07
0.000000000000000000e+00
5.865116836645256626e-09
1.523796733238214074e-08
0.000000000000000000e+00
0.000000000000000000e+00
1.398423137288773432e-07
3.273710547091468470e-07
2.674056531759561040e-08
0.000000000000000000e+00
4.058886133861960843e-07
1.959801565476482210e-08
4.871865688649279491e-10
0.000000000000000000e+00
5.966945195723383222e-07
1.425914774699776899e-06
4.371168316197326931e-08
5.880995690432655465e-09
7.693221277804696001e-07
2.505527563201326302e-09
0.000000000000000000e+00
1.160240572062321007e-06
1.011704853226547129e-06
6.081574497329711448e-07
4.016207185486564413e-06
5.650005050483741798e-07
0.000000000000000000e+00
5.101775855109735858e-07
0.000000000000000000e+00
1.150194695043182946e-08
0.000000000000000000e+00
3.256086789082957011e-10
1.445626118812270988e-10
0.000000000000000000e+00
0.000000000000000000e+00
2.742759761531488039e-07
8.389437589073622803e-09
1.095323938216097304e-07
8.267495132940894109e-09
3.267946269147614657e-08
6.638119884883053601e-07
2.086826270897290669e-06
1.916833753057289869e-06
1.051532080964534543e-06
4.280482244212180376e-07
1.197978349409822840e-06
2.096256821459974162e-06
2.205222017437336035e-06
4.532148523139767349e-06
2.018973361828102497e-07
4.039246732645551674e-07
9.485926284469314851e-07
1.637648324503970798e-06
2.185470293625257909e-06
1.833447186072589830e-06
2.094934416163596325e-06
3.608942620303423610e-07
1.034130150401324499e-06
1.568326268852615613e-07
8.831928539621003438e-07
4.545790488919010386e-06
1.730279791445354931e-06
2.734536792559083551e-06
7.571593982902413700e-07
2.625750710194552084e-07
8.829284325884145801e-08
1.583833437734938343e-07
1.062374743732164006e-09
4.320418189873720394e-10
5.807742287089467936e-09
3.030355344435520237e-07
3.206051868431814000e-09
4.416170213517034426e-06
6.249730972740508150e-07
1.080984635137838268e-08
0.000000000000000000e+00
0.000000000000000000e+00
1.735891430598712759e-07
0.000000000000000000e+00
4.789791230308537706e-09
1.423806494926793675e-08
2.142918731351528550e-08
1.370873548012241372e-07
6.119666977610904723e-07
0.000000000000000000e+00
7.877136165568288106e-10
6.547439257431619808e-10
1.933378825924592093e-06
0.000000000000000000e+00
0.000000000000000000e+00
1.284453560401743744e-06
5.863546093110016955e-09
2.137868215790206250e-10
1.038535146768992945e-09
5.686078807798367052e-08
4.641107054226267792e-09
0.000000000000000000e+00
1.515055525480590859e-09
0.000000000000000000e+00
2.709102719933298431e-09
5.105202927069285579e-09
1.146393646678234290e-09
0.000000000000000000e+00
5.435951244692205364e-09
0.000000000000000000e+00
1.049768161287545354e-09
0.000000000000000000e+00
0.000000000000000000e+00
1.466615273670868191e-09
2.835147006052807228e-09
1.435231638424738776e-06
1.455610799894202501e-06
1.331766981138571282e-07
5.239460278971819207e-07
1.007848254630516749e-06
6.783867689819089719e-09
1.885314446781194420e-07
7.985377123986836523e-07
1.145279204806115558e-09
2.422393379220011411e-07
0.000000000000000000e+00
0.000000000000000000e+00
5.846567674439029361e-09
2.139241388476875727e-07
0.000000000000000000e+00
1.510528035986169471e-09
2.381946373475329892e-08
1.891247825014374939e-09
1.939723006216809154e-06
4.636110517708402767e-08
1.223414415107981768e-06
0.000000000000000000e+00
0.000000000000000000e+00
0.000000000000000000e+00
2.274575389149546822e-10
0.000000000000000000e+00
6.566571073562954552e-07
0.000000000000000000e+00
0.000000000000000000e+00
0.000000000000000000e+00
3.016664695820736597e-10
1.317935129918623716e-07
0.000000000000000000e+00
1.103973912286448922e-09
2.160522427629985032e-07
4.219062645915983012e-07
9.540366363580687903e-08
0.000000000000000000e+00
0.000000000000000000e+00
1.093690002562652808e-06
0.000000000000000000e+00
0.000000000000000000e+00
0.000000000000000000e+00
1.745783428930280934e-08
0.000000000000000000e+00
9.248828369834427576e-09
5.092491983660352162e-10
0.000000000000000000e+00
3.920713087524063667e-09
2.261310100948321633e-06
2.218694845623758738e-07
8.673763659317046404e-06
3.467601800366537645e-06
2.366632401162860333e-07
4.477453330764546990e-06
9.374996920996636618e-07
4.728504336526384577e-06
1.436557454326248262e-06
1.496444951953890268e-06
6.902997711222269572e-07
1.452009200875181705e-06
3.264582062456611311e-07
3.664795485747163184e-06
1.354453729618398938e-06
5.755799179496534634e-07
2.992514964716974646e-06
1.616740291865426116e-06
5.496580612884827133e-08
2.196000679077769746e-07
5.786072051705559716e-06
2.828571723512141034e-07
2.742739724226339604e-08
3.154696059937123209e-07
1.375661554448015522e-06
2.735300995482248254e-06
1.032424961522337981e-06
1.367028016829863191e-05
5.654627784679178149e-06
3.925659370906942058e-07
2.657519644344574772e-07
0.000000000000000000e+00
1.998034404593340696e-09
3.126890080196176314e-09
1.170905420622148085e-06
2.300343595607046154e-07
9.803485312431803322e-08
4.264216499905160163e-07
7.211730235212598927e-07
6.758889412594726309e-07
5.009692927160358522e-07
1.569645178278733511e-06
1.676070837675069924e-06
0.000000000000000000e+00
0.000000000000000000e+00
0.000000000000000000e+00
2.556018671384663321e-06
3.751586348244018154e-07
7.841741478387120878e-09
8.616980906595017586e-09
3.727740893744169171e-10
0.000000000000000000e+00
0.000000000000000000e+00
0.000000000000000000e+00
0.000000000000000000e+00
0.000000000000000000e+00
0.000000000000000000e+00
8.622651037626383186e-09
0.000000000000000000e+00
4.358771477086520463e-08
6.399245133792419438e-09
3.427954142765088363e-09
2.503832696731933538e-08
0.000000000000000000e+00
2.060576207441044971e-07
0.000000000000000000e+00
0.000000000000000000e+00
1.261325266455060046e-09
7.868344198413979029e-08
0.000000000000000000e+00
0.000000000000000000e+00
7.680736189286108129e-07
7.453044759131444152e-08
5.274516183817468118e-07
4.776268269779393449e-08
2.405375454372915556e-09
0.000000000000000000e+00
0.000000000000000000e+00
1.843547039470649906e-07
0.000000000000000000e+00
0.000000000000000000e+00
3.666997695078721975e-12
2.741427174157706759e-08
0.000000000000000000e+00
0.000000000000000000e+00
2.916536345765052829e-09
7.550543301704237820e-08
0.000000000000000000e+00
1.491406997899957787e-09
6.217640020622638986e-07
6.950671860295187798e-08
2.647668528865665394e-09
0.000000000000000000e+00
0.000000000000000000e+00
4.645998585850463769e-10
8.881376345470926026e-08
5.751322751379461806e-10
4.207766579611416091e-09
1.604250087439140771e-06
3.146139761156518944e-06
1.490758108957379591e-06
3.419590832720587059e-09
1.039472774522209875e-08
0.000000000000000000e+00
0.000000000000000000e+00
0.000000000000000000e+00
0.000000000000000000e+00
9.779222764905171061e-09
6.190767720681833453e-08
4.082207905042878338e-10
2.083764911731122993e-06
3.141051196919875110e-09
1.778843284228059929e-06
2.449879410448829731e-09
0.000000000000000000e+00
0.000000000000000000e+00
3.041279938997831778e-08
0.000000000000000000e+00
5.830378846383155178e-09
0.000000000000000000e+00
2.271078658466763045e-09
1.494256451906039729e-07
0.000000000000000000e+00
3.230590794878196448e-11
1.847231828833173495e-06
0.000000000000000000e+00
0.000000000000000000e+00
8.382884431057391339e-08
6.714194569212850183e-07
2.116716814271057956e-06
5.034572154727356974e-07
5.464688115353055764e-07
8.678894687363936100e-07
1.353949983240454458e-06
6.371918743752758019e-07
5.247097760729957372e-07
7.745323955532512628e-07
2.545546919918706408e-07
9.847757382885902189e-07
3.195938234057393856e-06
1.560388000143575482e-06
8.072501032074796967e-07
2.301094355061650276e-06
3.606138079703669064e-06
1.404511749569792300e-06
1.676852889431756921e-06
3.555654473075264832e-07
2.859693495338433422e-06
4.520974528077204013e-07
1.278879153687739745e-06
5.021486686018761247e-06
1.010713859272982518e-07
9.799754252526327036e-08
7.970689352987392340e-07
4.948062269249930978e-06
3.945442728081616224e-08
1.975327101888524339e-08
8.681577412517071934e-08
3.396051397430710495e-06
1.104271063923079055e-06
2.486677033175510587e-07
4.227849501603486715e-07
2.905434648425853084e-08
1.908495477209726232e-07
2.191583997612767121e-10
0.000000000000000000e+00
5.183570195299580519e-08
2.409784087831212673e-07
0.000000000000000000e+00
3.790673588355275569e-07
3.620027882789145224e-06
9.651425898482557386e-07
8.491335989901926951e-08
1.355347905018788879e-07
2.327778702237992547e-06
7.192464579475199571e-08
0.000000000000000000e+00
8.706644294420584629e-09
9.828164593272958882e-07
0.000000000000000000e+00
0.000000000000000000e+00
7.854199068901834835e-09
2.801589404910487247e-09
0.000000000000000000e+00
0.000000000000000000e+00
0.000000000000000000e+00
8.662688344429625431e-08
1.579496142767311540e-07
0.000000000000000000e+00
1.838322716274376489e-09
0.000000000000000000e+00
0.000000000000000000e+00
0.000000000000000000e+00
3.558235039946566758e-09
0.000000000000000000e+00
3.562318227068317356e-07
1.462081344882903977e-09
0.000000000000000000e+00
5.382338325032876014e-11
0.000000000000000000e+00
0.000000000000000000e+00
1.288736513060939615e-07
0.000000000000000000e+00
4.138600129266478689e-09
0.000000000000000000e+00
2.013572526493589976e-07
0.000000000000000000e+00
0.000000000000000000e+00
6.709657895953569096e-07
0.000000000000000000e+00
2.972780634991067927e-07
3.615657107047809404e-09
8.355438119167502009e-09
6.393242983904201537e-07
5.086394594400189817e-07
2.248647490432631457e-08
3.437941984429926379e-07
2.286854261512871744e-08
5.857414819843143050e-08
4.373549522540542966e-09
1.359136376777314581e-07
3.448475638379022712e-07
0.000000000000000000e+00
0.000000000000000000e+00
4.689471477803408561e-09
0.000000000000000000e+00
5.072005038186944148e-08
1.655585180060370476e-08
4.575516641125432216e-07
0.000000000000000000e+00
0.000000000000000000e+00
0.000000000000000000e+00
2.093625823818001663e-07
8.036053600335435476e-09
0.000000000000000000e+00
3.292465677873224195e-08
0.000000000000000000e+00
4.138531739528161779e-10
0.000000000000000000e+00
0.000000000000000000e+00
4.618091242747368597e-09
0.000000000000000000e+00
9.480928264693488927e-10
0.000000000000000000e+00
2.545417387977977342e-08
4.320497168919246178e-07
5.174389627882192144e-08
2.459464631954233482e-08
0.000000000000000000e+00
2.148383799749353784e-07
0.000000000000000000e+00
3.489986511340248398e-06
0.000000000000000000e+00
0.000000000000000000e+00
0.000000000000000000e+00
6.562930643383424467e-09
9.932358935316187853e-09
0.000000000000000000e+00
0.000000000000000000e+00
5.448471451785508179e-09
0.000000000000000000e+00
0.000000000000000000e+00
0.000000000000000000e+00
0.000000000000000000e+00
0.000000000000000000e+00
0.000000000000000000e+00
0.000000000000000000e+00
0.000000000000000000e+00
5.298205971171476847e-11
5.704947181328634542e-09
0.000000000000000000e+00
0.000000000000000000e+00
0.000000000000000000e+00
0.000000000000000000e+00
0.000000000000000000e+00
5.432606187127930752e-08
2.636813212220090463e-09
0.000000000000000000e+00
4.002938425173852011e-09
0.000000000000000000e+00
3.920588085293275071e-07
0.000000000000000000e+00
0.000000000000000000e+00
0.000000000000000000e+00
2.886788230682668654e-08
0.000000000000000000e+00
0.000000000000000000e+00
0.000000000000000000e+00
0.000000000000000000e+00
0.000000000000000000e+00
0.000000000000000000e+00
0.000000000000000000e+00
0.000000000000000000e+00
0.000000000000000000e+00
0.000000000000000000e+00
0.000000000000000000e+00
0.000000000000000000e+00
0.000000000000000000e+00
1.913187652746728418e-08
7.787712141826830248e-10
0.000000000000000000e+00
0.000000000000000000e+00
5.266782121537971761e-09
0.000000000000000000e+00
2.624915396154392511e-09
0.000000000000000000e+00
0.000000000000000000e+00
3.308932849943602150e-10
8.048734230214904528e-07
3.599249794206116349e-06
1.424379092895833310e-06
3.504461119518964551e-06
3.365678367117652670e-06
5.118153694638749585e-06
4.533359287961502559e-07
3.279356178609305061e-06
1.553628067085810471e-06
7.616104994667693973e-06
2.357061958946360392e-07
3.146289145661285147e-06
5.781635081802960485e-06
4.512299653924856102e-07
1.336860577794141136e-06
3.651458655440364964e-07
5.632394390886474866e-07
1.213148493661719840e-06
4.344173589743149932e-07
2.534926935027215222e-09
3.674717845569830388e-07
1.465040782022697385e-07
7.101029950717929751e-06
5.603679298360475514e-08
1.336720060862717219e-06
5.288340432230143051e-09
6.820913540650508367e-07
6.466438406960151042e-08
1.260598452290651039e-07
3.789233176121342694e-07
5.462511692977400912e-11
4.184581712252111174e-07
2.764023463441844797e-07
2.779643750727700535e-07
2.167972823485797562e-08
3.650871349236695096e-06
0.000000000000000000e+00
0.000000000000000000e+00
1.315433806325927435e-08
2.256419264767828281e-07
3.704078608279814944e-07
0.000000000000000000e+00
0.000000000000000000e+00
6.031051444930005112e-14
1.015893946743062770e-08
1.974839506146963686e-06
0.000000000000000000e+00
2.881422211942208378e-08
3.480136570033209864e-07
9.005225898306434829e-09
3.993164909843471833e-09
0.000000000000000000e+00
9.606181805565938703e-08
5.236788069851172622e-08
1.539439908881945485e-09
6.986642375750307110e-08
6.936139662627738289e-09
3.529872394381072809e-09
7.905000265484574129e-11
0.000000000000000000e+00
5.515582301995891612e-08
1.824850812681688694e-07
2.363696083307331719e-08
1.203639499181008432e-07
1.770082924679172720e-08
1.062319711309100967e-06
0.000000000000000000e+00
6.989833423176605720e-08
5.848767870020310511e-08
9.237282050378325948e-09
4.879294124293664936e-08
2.885183758571940871e-10
6.137452146504074335e-08
2.253483621927898639e-09
8.355247049784964020e-11
4.380567375505961536e-08
1.335139199198920323e-08
7.674441637739448652e-10
1.983268882455035964e-09
1.471812005604533624e-08
3.874959475069772452e-06
3.441323599417955847e-07
1.579585102717828704e-07
0.000000000000000000e+00
2.709749979956654897e-09
2.934629037554259412e-07
6.580871740879956633e-07
0.000000000000000000e+00
9.184197580225372803e-08
6.457748780164251912e-10
2.621964995341841131e-06
3.974721940469549963e-10
4.999920292902970687e-06
0.000000000000000000e+00
6.878230578877264634e-06
4.564409294971483178e-09
4.040606995658890810e-07
4.549934828901314177e-08
6.021568799141618911e-10
4.356338365596457152e-07
1.961335414080167538e-07
8.201291166187729686e-07
1.553642192675397382e-07
1.104649618355324492e-05
1.385246264362649526e-06
5.580141078098677099e-06
1.600032078385993373e-06
4.823887707061658148e-07
1.373742009036504896e-07
4.018702384200878441e-06
4.160543483067158377e-07
1.729649511617026292e-06
3.963283234043046832e-06
1.555561766508617438e-06
5.981832146062515676e-06
1.294829985454271082e-06
3.020586973434546962e-06
1.182961227641499136e-06
1.597051550561445765e-06
3.044890263481647708e-06
3.246071571538777789e-07
1.312019435317779426e-06
3.318029484944418073e-06
2.054206106549827382e-06
4.011845646800793475e-07
1.148956357610586565e-06
1.502715321066716569e-07
2.351820853618846741e-07
3.984899876741110347e-07
2.854747833680448821e-07
1.824030618990946095e-06
1.266398385268985294e-06
1.234469522159997723e-07
2.917586350292822317e-08
9.679166623755008914e-07
1.669653357794231852e-07
2.142763406709491392e-07
5.074381359548851833e-09
1.967832297111726803e-08
1.049968667565792657e-09
5.345145268620399293e-07
0.000000000000000000e+00
5.455933038689408932e-09
0.000000000000000000e+00
6.639190246460202616e-07
0.000000000000000000e+00
5.351677767606588532e-09
0.000000000000000000e+00
1.446029074259058689e-07
3.439593285747832851e-07
6.379618184837454464e-07
1.772277073541772552e-06
0.000000000000000000e+00
0.000000000000000000e+00
0.000000000000000000e+00
0.000000000000000000e+00
0.000000000000000000e+00
6.842336688350769691e-07
1.354438836642657407e-06
3.414985030758543871e-06
5.579046558068512240e-09
2.335277258680434898e-06
1.819650763401625682e-09
0.000000000000000000e+00
0.000000000000000000e+00
0.000000000000000000e+00
0.000000000000000000e+00
0.000000000000000000e+00
0.000000000000000000e+00
0.000000000000000000e+00
0.000000000000000000e+00
0.000000000000000000e+00
2.252489395004886319e-07
0.000000000000000000e+00
0.000000000000000000e+00
0.000000000000000000e+00
0.000000000000000000e+00
0.000000000000000000e+00
0.000000000000000000e+00
0.000000000000000000e+00
0.000000000000000000e+00
0.000000000000000000e+00
0.000000000000000000e+00
0.000000000000000000e+00
0.000000000000000000e+00
6.966788257400935436e-10
0.000000000000000000e+00
1.362556503181622247e-07
1.119149573014510679e-07
9.626794472694655269e-09
0.000000000000000000e+00
2.437319039927388076e-07
8.166662155417725444e-07
3.382397295581540675e-08
1.353842016271755710e-08
3.581292418175507919e-08
3.639671009025846615e-09
3.851879704086513811e-09
8.563177389397935713e-10
6.059106283373694168e-08
3.838416695600699313e-09
2.732918602532663499e-08
3.621293274136405671e-07
5.689175353040809568e-08
3.791420510879106587e-09
6.760443316267128466e-09
0.000000000000000000e+00
2.590556880122107941e-09
6.418833464749695850e-09
0.000000000000000000e+00
1.024855578179995064e-07
2.288594869170879065e-09
1.795309040319992278e-10
1.299649277086700749e-09
7.184498773682435058e-09
3.937921100316543743e-09
8.960321906670287717e-08
1.567109553235468411e-09
8.571059417761262011e-09
1.662474460317753255e-06
0.000000000000000000e+00
8.920329364059398358e-09
1.245858356924145482e-06
0.000000000000000000e+00
1.409192318391205845e-09
0.000000000000000000e+00
0.000000000000000000e+00
0.000000000000000000e+00
0.000000000000000000e+00
3.208634746787453196e-10
1.196808163683726889e-08
1.918732777994591743e-06
1.451499315408000257e-06
2.867343917856146618e-09
8.258195904886633798e-09
0.000000000000000000e+00
1.899434494134766283e-07
0.000000000000000000e+00
9.005326546684955247e-07
1.216730288433609530e-05
2.225882781203836203e-06
7.391193879158208802e-09
0.000000000000000000e+00
0.000000000000000000e+00
0.000000000000000000e+00
0.000000000000000000e+00
1.517502482784038875e-06
1.884624794001865666e-06
5.520559170690830797e-06
6.220943191692640539e-07
2.505379143258323893e-06
3.927880527498928132e-07
3.801383627433096990e-06
4.632526270142989233e-06
8.248087397078052163e-06
6.032163582858629525e-06
5.621381660603219643e-06
4.261481535650091246e-06
2.799082210458436748e-07
1.713905930955661461e-06
1.395594949826772790e-06
2.387411996096489020e-06
5.148020591150270775e-06
3.512380089887301438e-06
4.664886716909677489e-07
2.395280944256228395e-06
3.513899571316869697e-07
1.384320057695731521e-06
4.010521337249883800e-08
7.918898603520574397e-08
4.298344791209274263e-08
1.107095304320182549e-08
8.421968544780611410e-08
2.707460907913628034e-06
4.631518493170005968e-07
1.677825707702140789e-06
3.824117811745963991e-06
0.000000000000000000e+00
4.121327989992096263e-08
2.186011670346488245e-06
7.500244691982516088e-08
7.566092392365109109e-13
1.414355352835627855e-07
4.934749497920165595e-09
6.489691561917254603e-10
1.155762707760743524e-10
2.212453438232842018e-07
2.670853689323848812e-07
6.893152999509766232e-07
1.410520667377568316e-06
0.000000000000000000e+00
0.000000000000000000e+00
0.000000000000000000e+00
0.000000000000000000e+00
0.000000000000000000e+00
1.901529600445428514e-07
0.000000000000000000e+00
1.688129174226560281e-07
7.348043951083127467e-09
0.000000000000000000e+00
1.662014483372331597e-06
2.252439799121930264e-06
0.000000000000000000e+00
3.102413188571517821e-07
1.195151753563550301e-06
5.502558764192144736e-08
3.360461353629773384e-10
0.000000000000000000e+00
4.093786143410937939e-10
4.421177035585088788e-10
1.670729403713266947e-07
6.694321541544923093e-07
2.457483390116976807e-07
1.528319870658378932e-07
2.004138660582910347e-10
8.268473550288035767e-08
3.812030797689658357e-07
0.000000000000000000e+00
0.000000000000000000e+00
7.627261600084977999e-10
8.241423543609016633e-09
1.608336930303266854e-08
0.000000000000000000e+00
9.085129981656336895e-09
1.246610459304520191e-08
5.338751218886272909e-09
5.684302473163427294e-10
0.000000000000000000e+00
5.199927294308182013e-12
1.884344413838334731e-08
0.000000000000000000e+00
0.000000000000000000e+00
0.000000000000000000e+00
0.000000000000000000e+00
0.000000000000000000e+00
0.000000000000000000e+00
0.000000000000000000e+00
0.000000000000000000e+00
0.000000000000000000e+00
0.000000000000000000e+00
8.732813583378629119e-09
0.000000000000000000e+00
0.000000000000000000e+00
0.000000000000000000e+00
1.486771878944637137e-07
2.856825664920847885e-09
3.081928046100301799e-09
4.984450630018955053e-09
5.680682146902427121e-09
5.815515624618683432e-09
0.000000000000000000e+00
0.000000000000000000e+00
3.318531227591847710e-08
0.000000000000000000e+00
0.000000000000000000e+00
0.000000000000000000e+00
2.774680263328832552e-09
0.000000000000000000e+00
0.000000000000000000e+00
4.142076903690394829e-09
0.000000000000000000e+00
0.000000000000000000e+00
0.000000000000000000e+00
0.000000000000000000e+00
1.064898946800951762e-09
2.950585553662676830e-09
8.939963436205289327e-09
1.358867393719265237e-05
0.000000000000000000e+00
0.000000000000000000e+00
2.946702443296089768e-05
0.000000000000000000e+00
0.000000000000000000e+00
0.000000000000000000e+00
0.000000000000000000e+00
3.782089152082335204e-06
1.489074065830209292e-06
2.582029082986991853e-06
7.917557240944006480e-07
1.315846361649164464e-06
1.112211862164258491e-06
3.576982123831839999e-07
1.838007392507279292e-06
7.777543373777007218e-07
9.397478351047539036e-08
5.943922587903216481e-06
7.942130082483345177e-07
4.000204967269382905e-07
1.042245571625244338e-06
9.390454351887456141e-07
1.954171693796524778e-06
3.019636096723843366e-07
3.543353614077204838e-06
1.275247882404073607e-06
4.041332033466460416e-07
1.674274813012743834e-06
5.146857233739865478e-07
1.050146579473221209e-06
1.575603363335176255e-07
1.718720227472658735e-06
9.798152404982829466e-07
1.686480231910536531e-06
1.896328171824279707e-06
1.597509935891139321e-06
6.057653223479064764e-08
5.594190497504314408e-07
2.075827751468750648e-06
0.000000000000000000e+00
2.586585026165266754e-07
0.000000000000000000e+00
0.000000000000000000e+00
1.279860498470952734e-06
0.000000000000000000e+00
1.355595458107927698e-07
4.281625365365471225e-07
1.115568102250108495e-05
5.513723255745617280e-09
0.000000000000000000e+00
1.827952189614734380e-08
1.461998166973899060e-08
5.056909913037088700e-07
6.564390986341095413e-08
1.501130886261137221e-09
1.041777775157015640e-09
0.000000000000000000e+00
0.000000000000000000e+00
9.467024852938266122e-08
0.000000000000000000e+00
0.000000000000000000e+00
6.830729759599307727e-09
0.000000000000000000e+00
3.257978553605767047e-09
0.000000000000000000e+00
0.000000000000000000e+00
1.908535773864628027e-09
1.680215518717886880e-06
0.000000000000000000e+00
0.000000000000000000e+00
0.000000000000000000e+00
6.601871049838337058e-09
0.000000000000000000e+00
0.000000000000000000e+00
0.000000000000000000e+00
0.000000000000000000e+00
7.818315994612135000e-10
0.000000000000000000e+00
0.000000000000000000e+00
0.000000000000000000e+00
1.003259740173234604e-06
2.968586443330423208e-07
7.907921428795816610e-08
8.940491902365010901e-09
5.700847571787903689e-10
0.000000000000000000e+00
1.076269086297543254e-06
5.328012475658283620e-10
3.056502180243114708e-07
8.076702329162799288e-07
2.470922577657574948e-09
2.549738553625502391e-08
3.655222826637327671e-07
2.890032249069918180e-07
3.567182460528783849e-08
6.444753921641677152e-07
7.272470980979051092e-08
9.709943782354457653e-08
0.000000000000000000e+00
0.000000000000000000e+00
3.699131809753453126e-07
3.731488504854496568e-07
9.527293798328173580e-08
3.808632129675970646e-07
2.091745017196444678e-07
0.000000000000000000e+00
0.000000000000000000e+00
2.100518514680516091e-08
0.000000000000000000e+00
3.964099187792058387e-11
7.214552844025945433e-10
2.755896048256545328e-06
1.388988835060445126e-06
1.164322194213696093e-09
0.000000000000000000e+00
0.000000000000000000e+00
0.000000000000000000e+00
0.000000000000000000e+00
0.000000000000000000e+00
0.000000000000000000e+00
0.000000000000000000e+00
0.000000000000000000e+00
1.066434720087272581e-06
2.859641856645112057e-09
1.539756322443963654e-09
3.951864755435963161e-07
2.753328374183183769e-07
1.120016804634360597e-06
1.439318992879634607e-07
5.842573955305851996e-06
1.394962737322202884e-06
8.721534072719805408e-07
3.008081648658844642e-06
2.540850118748494424e-06
4.541981297734309919e-07
3.340139528518193401e-06
2.629480832183617167e-06
6.442963353947561700e-07
7.242590072564780712e-06
6.079509148548822850e-06
2.799768935801694170e-06
5.307543204935427639e-08
1.099570181395392865e-05
0.000000000000000000e+00
3.873682530297628546e-08
0.000000000000000000e+00
8.130364790304156486e-07
4.219560651108622551e-06
5.781341272381723684e-08
1.132775917511708030e-08
8.967721782937587705e-07
7.148419456370902481e-08
0.000000000000000000e+00
4.249065170824906090e-07
0.000000000000000000e+00
0.000000000000000000e+00
0.000000000000000000e+00
7.365379861568044362e-09
8.333199907895050274e-09
7.347142059188627172e-07
4.799858288606628776e-10
7.228889842281205347e-08
8.335453571817197371e-08
0.000000000000000000e+00
8.158031195026893556e-11
6.057940936443628743e-06
5.174076704861363396e-07
5.747740616790508739e-10
0.000000000000000000e+00
6.345340697322399137e-09
0.000000000000000000e+00
0.000000000000000000e+00
8.616278801554244637e-10
6.381917216913279844e-09
0.000000000000000000e+00
0.000000000000000000e+00
0.000000000000000000e+00
0.000000000000000000e+00
7.363959412032272667e-06
8.103762105804435123e-09
0.000000000000000000e+00
2.577703810402454110e-07
9.430294198864430655e-07
3.817408469330985099e-06
2.429816525761907542e-08
0.000000000000000000e+00
3.121425340424366368e-09
9.694507419055753417e-09
2.825006504281191155e-07
1.770470277051572339e-07
8.487994307415647199e-09
2.914184449309686897e-07
2.378648922274351207e-08
3.551515419530915096e-07
4.609707957570208237e-07
0.000000000000000000e+00
3.638183443399611861e-07
0.000000000000000000e+00
0.000000000000000000e+00
0.000000000000000000e+00
1.618028905303603437e-10
2.614469885031667218e-08
0.000000000000000000e+00
0.000000000000000000e+00
0.000000000000000000e+00
0.000000000000000000e+00
3.882867716242799361e-08
6.740981106645449472e-10
9.849847629084251821e-06
4.314795205573318526e-06
1.661790427487375155e-10
0.000000000000000000e+00
4.835813456338655669e-07
7.807760766809224151e-07
9.550924460199894384e-07
5.001635372536838986e-07
0.000000000000000000e+00
3.893460487347510934e-08
7.074443253429762990e-09
1.703786097095871810e-06
7.017707048362353817e-06
7.849477015042793937e-07
3.991231096733827144e-06
1.079012804439116735e-06
2.475950850566732697e-06
2.889274355766247027e-06
2.843760739779099822e-06
3.512225021040649153e-06
2.409179387541371398e-06
7.799336003699863795e-07
6.997267064434709027e-06
7.895849307715252507e-07
7.320809913835546467e-07
2.075574457194306888e-06
2.978452130264486186e-06
2.501523567843833007e-06
7.031394488876685500e-07
4.128543423576047644e-06
5.374071179176098667e-07
1.276761486224131659e-05
8.057703126951309969e-08
7.720009307377040386e-07
4.486667393166499096e-08
2.713367486251172522e-08
1.612336973266792484e-06
1.575215158311493724e-08
2.070973323498037644e-06
9.856753422354813665e-07
0.000000000000000000e+00
2.617181193986795051e-10
7.763132914284653907e-10
3.524378371366765350e-07
9.605680872937227832e-08
5.738021613410637656e-09
1.654157699704228435e-08
0.000000000000000000e+00
2.406698627055448014e-07
0.000000000000000000e+00
1.885684469016268849e-06
6.772725100745446980e-07
2.170067681106502278e-09
3.762874456469944562e-09
0.000000000000000000e+00
3.750578230210521724e-07
3.500930448319117261e-11
8.808379448055347893e-08
2.602544568741649300e-10
0.000000000000000000e+00
4.242762372541619698e-07
0.000000000000000000e+00
0.000000000000000000e+00
0.000000000000000000e+00
0.000000000000000000e+00
0.000000000000000000e+00
0.000000000000000000e+00
0.000000000000000000e+00
1.701115763808047632e-07
7.124424996618472505e-07
0.000000000000000000e+00
0.000000000000000000e+00
1.400211999680323061e-06
0.000000000000000000e+00
3.745618037953590829e-09
3.250818991773485322e-08
7.837807736166269024e-09
2.033155510616779793e-07
2.835151557967208191e-10
1.079786926538872649e-08
6.074787339827025789e-09
1.382147618578244419e-09
1.460040266465512104e-07
6.004704289352957858e-08
2.193923364757210948e-06
0.000000000000000000e+00
0.000000000000000000e+00
1.455522369298023477e-08
6.502291149956818117e-09
0.000000000000000000e+00
0.000000000000000000e+00
6.043726585858166800e-08
1.619889500314997122e-10
0.000000000000000000e+00
1.650258383278924157e-07
0.000000000000000000e+00
0.000000000000000000e+00
6.852291623005157817e-09
1.629205104158870654e-09
1.437273078330747467e-09
4.778855711151663854e-08
2.243686139991041273e-06
0.000000000000000000e+00
0.000000000000000000e+00
0.000000000000000000e+00
3.900604042428312823e-06
6.402938197425100952e-06
2.283833055116701871e-06
2.583408786449581385e-06
4.219763468427117914e-06
4.107187578483717516e-06
1.228400719810451847e-06
0.000000000000000000e+00
0.000000000000000000e+00
2.448042778269154951e-06
0.000000000000000000e+00
0.000000000000000000e+00
0.000000000000000000e+00
0.000000000000000000e+00
0.000000000000000000e+00
0.000000000000000000e+00
0.000000000000000000e+00
0.000000000000000000e+00
0.000000000000000000e+00
0.000000000000000000e+00
0.000000000000000000e+00
0.000000000000000000e+00
0.000000000000000000e+00
0.000000000000000000e+00
0.000000000000000000e+00
0.000000000000000000e+00
0.000000000000000000e+00
0.000000000000000000e+00
0.000000000000000000e+00
0.000000000000000000e+00
0.000000000000000000e+00
0.000000000000000000e+00
0.000000000000000000e+00
0.000000000000000000e+00
2.352768888158607297e-06
4.190270352921743324e-11
0.000000000000000000e+00
0.000000000000000000e+00
2.278126576271688464e-09
8.914717000152450055e-07
0.000000000000000000e+00
5.906165001512420076e-10
8.636278359119842207e-09
4.867458103241517620e-10
2.620772043826491426e-09
1.028981841955101117e-05
0.000000000000000000e+00
8.289103448078094516e-08
0.000000000000000000e+00
0.000000000000000000e+00
8.798301678325515240e-06
0.000000000000000000e+00
0.000000000000000000e+00
0.000000000000000000e+00
0.000000000000000000e+00
0.000000000000000000e+00
0.000000000000000000e+00
1.338028482678055298e-06
0.000000000000000000e+00
0.000000000000000000e+00
2.120860244758659974e-06
0.000000000000000000e+00
0.000000000000000000e+00
1.173139736465600436e-07
0.000000000000000000e+00
0.000000000000000000e+00
7.479810548716159246e-09
0.000000000000000000e+00
0.000000000000000000e+00
0.000000000000000000e+00
0.000000000000000000e+00
0.000000000000000000e+00
0.000000000000000000e+00
0.000000000000000000e+00
0.000000000000000000e+00
0.000000000000000000e+00
0.000000000000000000e+00
0.000000000000000000e+00
1.999035070809895842e-08
5.752285233029397205e-06
0.000000000000000000e+00
0.000000000000000000e+00
0.000000000000000000e+00
