8.645411071483977139e-06
9.839635772834753880e-09
1.689162729689996922e-07
4.849216850288939895e-08
5.466436505230376497e-06
7.001600721423528739e-08
1.605778798818846553e-08
4.518320828594823979e-09
6.892983947182074189e-06
2.629869186421274208e-06
1.238909862877335399e-05
3.080910744301945670e-07
6.391307927344769269e-09
3.032098447874886915e-06
1.981345150170454872e-07
1.396442783629936457e-08
1.052399170475837309e-06
1.145989699580240995e-06
7.254445336002390832e-06
1.355401764158159494e-07
8.432359663856914267e-07
1.185690621241519693e-06
3.323940234167821473e-08
1.444498479941103142e-06
9.107104403938137693e-08
1.097533186111832038e-05
8.682584848429542035e-06
3.721654366017901339e-06
5.852567483088932931e-06
4.533264927886193618e-07
1.587312340234348085e-06
3.449131099841906689e-06
5.122375114297028631e-06
1.360779293690939085e-07
8.980602501651446801e-07
1.766895138644031249e-06
2.403496728220488876e-05
2.058388190562254749e-06
1.612623782420996577e-05
1.314740075031295419e-06
2.629776645335368812e-06
1.223975914399488829e-06
5.452393452287651598e-06
9.057687293534399942e-07
2.303787914570420980e-05
1.109492700379632879e-06
6.526036031573312357e-07
4.538912889984203503e-06
1.225869527843315154e-05
3.715978280638410070e-08
9.471763405599631369e-06
4.350085418991511688e-06
1.097743188438471407e-05
2.992988083860836923e-05
1.650597369007300586e-05
7.692816325288731605e-06
8.178063580999150872e-06
2.119892315022298135e-06
4.644382897822652012e-06
1.134235208155587316e-05
1.712182324808964040e-06
7.137722150218905881e-06
2.378444833084358834e-06
1.203888366774208407e-08
1.833227202041598503e-06
1.575062583469843958e-06
1.102029955291072838e-06
7.414871561195468530e-06
1.132283955485036131e-06
5.673538908013142645e-06
4.082060058863135055e-06
1.865100443865230773e-06
8.289992479149077553e-07
4.329631337895989418e-07
1.831054578360635787e-05
2.938737225122167729e-06
2.443850917188683525e-07
6.669879894616315141e-06
2.454252353345509619e-05
0.000000000000000000e+00
1.705382487671158742e-06
9.559406862535979599e-06
1.325620928582793567e-07
1.132226429945148993e-06
1.137383151217363775e-06
1.180336130346404389e-05
3.371330649315495975e-06
1.375738975184503943e-05
3.352474777784664184e-06
1.759966494319087360e-06
2.405809254923951812e-06
5.856280495208920911e-06
2.775019765977049246e-06
4.628921487892512232e-06
2.402494646958075464e-05
2.309682486156816594e-06
2.035111990039695229e-08
8.503099735435171169e-08
3.293557483630138449e-06
2.739097837434201210e-09
2.130286702595185488e-06
2.685025265236617997e-06
3.212050714296310616e-08
1.135089587478432804e-05
2.429730159292375902e-07
6.630981715716188774e-06
4.835402833691659907e-08
2.298023531466242275e-07
5.861717454536119476e-06
6.611110165977152064e-07
5.607972184407117311e-07
1.237030339273914592e-10
7.628252696179060877e-09
1.412554695434664609e-08
1.391878186041139998e-07
1.312450592649838654e-07
5.781016625405754894e-06
4.097764758625999093e-06
3.008150815730914474e-05
3.676540245578507893e-06
1.666345461615037493e-08
4.129139142605708912e-06
9.942584256350528449e-06
5.414056545305356849e-07
7.557311619166284800e-06
9.638270626055600587e-09
3.708550366354756989e-06
2.214403878042503493e-07
3.825658495770767331e-06
2.700610821193549782e-06
3.126982228707220202e-09
2.775656412268290296e-06
3.808439785757400387e-08
2.628067932164412923e-07
2.506541862956623845e-09
1.563843632368389081e-08
2.161092815811116452e-08
2.482262857483874541e-07
2.170169821624767792e-09
3.324936415083357133e-07
2.478220437751588179e-07
5.518161742656957358e-06
2.293229783845163183e-08
8.645400129125846433e-08
1.759022580927194213e-07
1.754840326384510263e-07
1.248081616722629406e-06
1.071387032425263897e-07
8.358715319900511531e-08
1.322864022768044379e-07
3.609008899729815312e-06
1.043063413419531571e-08
1.152803179138572887e-05
5.834396077375458844e-08
2.760373490673373453e-06
1.092028156790547655e-07
2.529065113776596263e-06
2.159520704481110442e-07
1.704610355091062956e-07
2.737015847742441110e-06
1.644124836275295820e-07
8.188802667064010166e-07
2.325489845134143252e-08
2.325911282241577283e-06
5.293381946103181690e-07
5.890424814580796919e-10
5.750801847170805559e-06
3.726454906427534297e-06
3.237878232198454498e-08
3.666188604256603867e-06
8.158477982078693458e-08
1.093331505330752407e-07
8.161170228504488477e-08
8.086670000295725913e-09
0.000000000000000000e+00
2.557124503255181480e-07
5.454916731650882866e-07
2.313168607770421659e-07
0.000000000000000000e+00
1.842563165155297611e-06
1.232292277109081624e-07
8.656637874082662165e-06
5.201924295761273243e-07
1.582194073534992640e-07
4.047949531127414957e-09
4.851707444686326198e-07
1.724885834164524567e-08
2.644119660999422194e-07
5.970644423314297455e-08
1.114745941777073313e-06
8.649223559586971533e-07
7.089735021281740046e-08
9.753305221238406375e-07
3.406130133498663781e-08
1.457500218293716898e-07
2.177035867134691216e-06
1.684744233898527455e-06
1.027133134101632095e-08
2.681899218259786721e-07
9.220157153322361410e-07
1.102124315366381779e-06
1.261265651919529773e-06
0.000000000000000000e+00
9.736456831888062879e-07
1.253754589924938045e-06
0.000000000000000000e+00
3.192893245795858093e-06
1.361650276976433815e-07
3.562356312158954097e-07
8.578990851049184130e-09
1.053346281310041377e-07
3.379980384465852694e-08
8.240844451279372151e-09
4.073212878097365319e-09
4.286764720973224030e-08
6.592743488909036387e-07
1.211555513691564556e-06
1.118548365042215664e-08
3.944453510484891012e-06
2.031845724559389055e-06
1.338893582669697935e-07
1.658952197836072173e-09
1.593003133848469588e-07
2.200247628536544653e-08
2.454619107083999552e-06
8.617980107317180227e-09
1.388870532537112013e-05
2.899967057601315901e-07
2.577112070412113098e-07
1.011901851200036617e-08
6.573043442870130093e-09
6.440264854745691991e-08
2.693584235657908721e-07
2.882515218516346067e-06
3.548760787452920340e-06
1.728795950839412399e-07
8.643571050015452784e-07
5.030474881095869932e-07
1.620597203100260231e-07
1.930147561779449461e-07
3.518723133311141282e-06
4.493035632435748994e-08
6.396405893838164047e-08
1.158711313564708689e-07
0.000000000000000000e+00
7.250778253364842385e-07
0.000000000000000000e+00
1.727659793004931998e-08
3.177003236487507820e-06
4.389974890273151686e-07
1.039914465650326747e-08
1.077101615010178648e-06
1.088095238910291584e-10
9.864425720707004075e-09
0.000000000000000000e+00
3.437713530729524791e-06
1.317524947808124125e-05
0.000000000000000000e+00
2.950506313936784863e-06
1.326747707253161934e-07
0.000000000000000000e+00
3.865094702626414858e-11
3.720185532074538060e-06
0.000000000000000000e+00
3.020675762854807544e-07
1.187670051194800180e-08
1.704792529366727649e-09
1.030592284223530442e-05
2.176739144488237798e-08
2.724381431562505895e-07
0.000000000000000000e+00
1.550860929455666337e-06
1.084356355818272277e-07
4.498730561408592621e-07
1.743626043548829330e-08
5.092326205158315133e-07
1.472498070143046789e-07
4.654255292280140566e-08
3.683925386965825055e-09
1.418272859154967591e-07
2.379734453938908700e-08
2.076791894012330886e-08
4.757670808430702891e-07
3.065825149306533604e-09
4.004079073638422415e-06
4.579214873956516385e-07
1.354460898994602758e-08
4.399022923706752408e-09
6.873863611644992488e-08
8.154295727536009508e-08
8.353488851753354538e-07
8.250131600107124541e-08
0.000000000000000000e+00
6.387000439644907601e-07
7.134508450690191239e-08
4.244774117978522554e-06
0.000000000000000000e+00
2.507569550765607891e-14
6.396117555595992599e-07
4.574303147819591686e-06
1.981354216695763171e-06
4.267977146810153499e-06
3.663975576273514889e-07
0.000000000000000000e+00
1.018140096675779205e-07
4.358601479736989859e-09
0.000000000000000000e+00
3.523277891659404304e-09
1.832408145219233120e-07
9.620689134237636608e-09
0.000000000000000000e+00
1.555607127556868363e-06
5.374571969696262386e-07
0.000000000000000000e+00
5.838186600826134054e-10
4.904032735453256464e-09
0.000000000000000000e+00
0.000000000000000000e+00
1.787132987374207005e-06
6.320465928411067580e-08
1.888615628331535845e-07
4.915387762594036758e-06
0.000000000000000000e+00
8.483736380071604799e-09
3.670322268334302862e-09
5.079157290310831740e-07
3.081889587974728784e-08
2.208879550380515866e-06
1.988496194371691672e-07
4.923344363305659499e-07
1.466208004785585217e-06
8.731019107699466986e-08
4.232088599565031473e-07
0.000000000000000000e+00
5.966928284806272131e-08
4.182592761026171502e-08
8.788442196205892287e-10
3.527643510636835344e-09
1.048763476063641065e-08
2.925371973105939105e-06
3.930963998755032662e-07
2.537582020067929989e-07
3.754431645575095899e-07
1.101094085242948495e-06
1.186868061608947755e-07
5.634959961753338575e-06
3.201013143439013220e-08
3.177181270075379871e-06
1.524463186797220260e-07
1.670121037022909150e-07
3.369096930327941664e-07
2.788314246160439325e-09
3.525307823437628940e-09
6.358888526847294997e-08
6.660598046437371522e-07
1.551390596432611346e-06
9.140165388998866547e-07
2.070327731473753374e-08
1.366045978556940099e-07
8.144516172592375369e-09
2.320305839020875283e-06
3.828531269789436919e-09
1.018398847918433603e-06
1.036346901628348860e-07
1.430337164265438332e-07
7.601148155345072155e-08
3.796293128743855050e-07
3.090793541105085751e-07
2.283657750012935139e-06
1.002429605989618722e-08
4.365479071566369385e-07
6.575851784873520955e-06
1.250985093292911188e-07
1.186462554869649466e-07
2.197334879383561201e-06
1.162400167231680825e-06
2.374846644670469686e-06
2.591280789943084528e-08
0.000000000000000000e+00
0.000000000000000000e+00
8.156855746399571672e-10
2.439278112831289036e-08
1.752558631551437429e-07
3.591544839309790405e-08
1.811457983613706801e-09
0.000000000000000000e+00
0.000000000000000000e+00
2.014640898551078863e-07
3.928280420950613916e-07
5.921843904133083925e-09
0.000000000000000000e+00
1.433062113420646710e-09
0.000000000000000000e+00
2.698455773497698829e-06
0.000000000000000000e+00
2.405529109239523677e-08
2.751067373907289948e-09
1.022722699417499825e-06
2.600785933282168116e-07
0.000000000000000000e+00
1.060039309663807217e-07
2.091598672038230688e-09
0.000000000000000000e+00
9.446621618280914845e-08
0.000000000000000000e+00
0.000000000000000000e+00
1.406749272625518188e-09
4.016572461296163965e-07
8.533660889042948838e-09
3.954304759190563345e-07
0.000000000000000000e+00
2.283211188114364631e-06
8.640592454867146444e-07
0.000000000000000000e+00
1.966391138807921379e-08
1.581358333169191610e-07
1.347368834103690460e-05
1.226096002504561966e-09
1.601630970071710180e-06
4.268140330054848164e-08
0.000000000000000000e+00
3.386396372206945671e-07
1.301984582369186683e-07
2.599632580313482322e-06
3.664438565920136170e-07
4.271396392141468823e-06
7.499667553645394946e-09
3.502829031276633032e-07
1.555669513209068100e-07
1.320562205364694819e-06
3.566620137007703306e-07
2.144897592870620429e-08
1.079620091104516177e-07
3.715785679148098097e-09
5.855265499121742323e-07
9.662257660636441869e-09
1.165724157203840150e-07
5.866450791813804244e-08
1.762768953028626129e-08
2.148797939582891559e-08
2.481090461969870375e-07
9.903254039045350510e-08
5.365667377077443234e-08
2.109996621868504008e-09
3.747464688785839826e-06
1.127248978605166485e-07
3.826829342301607539e-08
3.455337704849625879e-08
7.881964847911149263e-06
2.904769417000352405e-06
5.386188828282456598e-09
1.952778561076229380e-08
5.691825233355984892e-09
8.978556138572457712e-07
1.396177538026677212e-07
1.016165462885965098e-08
3.316266983244275934e-10
2.744604321591737062e-09
2.505071961422800086e-06
8.473892876281752251e-07
3.983540409535635263e-06
1.883051822915149387e-06
2.779889030080084922e-07
2.793927251332206652e-06
3.567255362213472836e-07
3.282183413944039785e-08
0.000000000000000000e+00
2.436139068251463868e-09
4.826976578442554455e-07
7.501164986933872569e-07
6.083304970871949990e-09
5.139821496413787827e-06
6.092781404731795192e-06
0.000000000000000000e+00
4.345193982402406618e-09
7.981716976246389095e-07
3.167073145959875546e-06
0.000000000000000000e+00
0.000000000000000000e+00
0.000000000000000000e+00
2.959899347843020223e-08
4.770846828705543885e-09
2.102832130645992947e-09
0.000000000000000000e+00
2.604878446277325565e-08
8.909996154216059949e-07
3.357178701701712953e-10
4.166841538477683571e-09
0.000000000000000000e+00
0.000000000000000000e+00
2.316934057944308734e-07
1.348033795700587234e-09
0.000000000000000000e+00
4.708226253313796406e-09
1.941562288720888318e-08
1.750217052176594734e-05
4.060696312535583274e-08
0.000000000000000000e+00
1.595002572685189079e-06
1.235392943499391549e-07
3.728778175116076454e-09
0.000000000000000000e+00
8.853220379023696296e-08
1.545793004709139495e-08
4.629459340321773198e-07
2.398311238493988640e-08
2.378535768343681411e-08
5.985645401551664690e-08
4.416383703187420906e-09
1.041885955288535115e-08
3.245506308147128038e-09
9.203608897223602980e-07
1.818138528619783756e-08
4.363275536434230162e-07
4.599102965130441589e-08
1.390560271374852164e-07
2.093283359150266421e-11
3.421464711550470383e-08
4.989179842596058734e-07
1.896627395581163000e-06
2.578689645815757103e-06
6.223707771368935937e-08
1.750903777519852156e-07
1.336136818963495898e-07
6.940584285075601656e-07
4.487579587930667913e-07
7.600105789151712088e-08
6.500072231574449688e-07
6.097299660723365378e-07
1.043659381139150355e-08
3.677579059058189159e-07
1.125479047914268449e-05
2.954975819591254549e-09
1.902185431390535086e-06
6.505059158001813557e-09
2.351031071157194674e-06
6.686889975071608205e-08
1.135534510865454649e-08
3.236977619280878571e-08
3.763033760151301976e-07
4.634216121957024370e-09
3.610143153309763875e-07
1.089235510676189733e-07
3.687004891617107205e-06
1.301556977750806254e-07
1.109465230797468394e-07
3.885968169470288558e-08
0.000000000000000000e+00
7.205366614471131470e-08
4.472380510378570762e-07
7.633511813764926046e-07
1.947764083354286413e-08
5.329208718762856734e-08
0.000000000000000000e+00
0.000000000000000000e+00
2.991740757352090441e-07
6.631032789528035210e-08
6.005291908195431461e-08
4.355606542105761037e-09
2.950790985778439790e-06
2.024092449204317745e-09
9.026134506484595477e-08
9.719773288452415727e-07
6.956923925827140920e-08
2.017869292103569023e-06
3.095756824222917203e-07
0.000000000000000000e+00
1.236353881495233509e-07
2.013127868849551305e-07
8.792033767690554669e-09
7.061807849595425068e-08
0.000000000000000000e+00
3.149009941694203008e-09
0.000000000000000000e+00
9.431473699805792421e-07
0.000000000000000000e+00
5.321178608852505931e-09
5.513983492022589417e-09
0.000000000000000000e+00
3.010055316110538115e-09
0.000000000000000000e+00
9.187075100669517269e-09
0.000000000000000000e+00
4.367362915758121744e-09
0.000000000000000000e+00
3.679047466675910982e-08
1.263165660958520675e-08
5.538589586961961686e-09
7.304142400244018063e-06
9.951032886590382986e-09
0.000000000000000000e+00
2.179433300497635173e-09
0.000000000000000000e+00
0.000000000000000000e+00
1.055989429232795374e-08
5.121512458572397009e-08
1.885013602986873593e-06
1.939733884626093641e-08
0.000000000000000000e+00
1.805125066312029958e-06
9.165572919300757349e-06
5.132973868171575305e-08
1.528102622216920281e-08
1.315184135819436051e-06
1.119749413192039356e-07
8.105314752704373404e-10
4.448375179322283657e-08
1.289246220892437123e-08
8.873554335764310963e-09
7.874375995697846520e-08
1.299960899814323056e-06
4.801886177574488102e-08
2.531543714212602936e-06
1.336317268396669533e-06
1.030081307362706866e-06
5.082195912109455094e-06
1.238715867657447234e-07
4.757023219781331136e-09
5.859029528210157878e-08
3.024395482498221099e-06
6.195289614652210730e-08
1.779938401114122826e-07
6.549767931574024260e-06
6.238340120034990832e-07
6.625578521379793528e-07
3.846463187073823065e-06
4.695051529779448174e-07
4.391707264517208387e-08
5.398950406743097119e-07
3.027711557024304057e-07
2.520273199024813948e-07
6.777994343565296731e-08
3.511999580041447189e-08
1.103413751479820348e-06
2.564035526120278519e-07
2.813861854633614712e-08
8.078576030356998672e-09
3.771328067614376778e-07
1.926347295011510141e-06
4.683560064222547226e-07
0.000000000000000000e+00
1.437814489690936171e-08
0.000000000000000000e+00
2.175868985432316549e-06
2.077020333501877758e-09
1.644308667891891673e-06
6.739604430094914278e-08
1.346544831193341452e-08
2.245084971264077467e-07
0.000000000000000000e+00
3.357577682550072495e-08
5.964546403447457124e-07
0.000000000000000000e+00
0.000000000000000000e+00
0.000000000000000000e+00
7.250736011599201447e-09
1.447289491807168815e-06
6.442121502914233133e-08
3.150001703033922240e-06
2.450221472827252001e-06
1.890542336013822933e-07
1.339886637197196251e-07
4.601208729582140222e-07
6.598775748045682121e-09
6.489997872449748684e-08
5.497676269783369207e-08
9.829412839224005438e-09
0.000000000000000000e+00
2.523566244860830921e-08
1.260618454068662686e-08
0.000000000000000000e+00
8.192484557412171853e-08
9.329168904059770284e-08
1.151735091298178304e-06
8.614468924861284904e-07
9.237243148163543083e-07
4.303312195474973123e-08
7.255572587183678479e-09
1.318226054536353331e-06
2.086710387816381740e-10
0.000000000000000000e+00
5.297757788014223479e-09
2.976802875309658702e-07
1.024825451167998835e-06
2.174150779410410905e-07
2.105733983626123518e-06
0.000000000000000000e+00
7.811946289848492597e-08
1.982127706412484258e-08
1.960623485786072706e-08
2.506759777531897271e-08
0.000000000000000000e+00
1.767368871696817223e-06
4.886471742793219164e-07
9.866344186093556345e-09
9.609930629039808991e-09
0.000000000000000000e+00
8.063908651934070804e-09
0.000000000000000000e+00
2.422915486022247933e-07
7.828337089677006588e-09
1.386429403282818384e-06
2.156967227051609370e-08
8.540916951460530981e-08
5.139363068451530125e-08
4.703408365003269864e-07
1.530812987482477183e-08
1.434374041764385765e-08
4.528404673465047381e-08
3.840825684164883569e-06
9.359233388295251643e-08
2.072146827458709595e-07
1.014671546784029488e-08
2.741873039724396222e-08
0.000000000000000000e+00
2.503003884157806169e-07
1.437546881533080523e-08
2.467567583153140731e-06
9.208941520455482532e-08
7.194747553285196773e-08
1.236117327607644256e-06
1.036289722833316773e-05
2.126552544723381288e-06
1.038397385855205357e-06
2.768115791695890948e-06
9.344971019231707032e-09
1.079965045391872991e-06
2.844019242331796704e-08
3.029877916560508311e-06
4.661876289446809096e-07
1.032185750204916985e-07
5.937895064533904588e-09
6.744246547896182165e-07
1.069040308721014298e-06
7.174376293050954700e-08
7.825998409316525795e-07
1.168280618912831414e-06
2.549755606651160633e-08
3.567712610674789175e-06
3.834061317320447415e-07
7.176392387009400409e-07
1.177805231122874829e-08
7.049861778796184808e-07
1.022074442857956456e-07
4.345058712829086289e-08
1.404770522128728771e-09
5.091612109708876233e-08
1.175344692683211179e-07
1.173088008954437100e-07
2.130090326346589791e-09
1.295909513032711402e-08
1.496281015533895697e-06
4.541779482342654661e-14
2.292527723213311219e-09
3.259248515519175271e-08
2.846739448614243884e-07
0.000000000000000000e+00
1.790839405657607131e-06
3.078965619351947680e-06
0.000000000000000000e+00
1.107211322626255878e-09
0.000000000000000000e+00
0.000000000000000000e+00
1.720455998110992368e-06
4.126481556454564270e-08
8.742575374753869255e-08
2.453183078898746317e-08
2.356970796313362371e-08
8.863024980598765978e-09
2.101553819855439542e-09
2.572991819604908414e-09
0.000000000000000000e+00
1.780213210622605402e-06
7.845858931432303507e-07
2.172871882422100498e-09
5.099930604046676308e-06
4.997389613237146477e-09
1.570315788512743893e-08
3.448729302135689068e-08
0.000000000000000000e+00
3.478035992543482280e-08
1.525465052054642001e-07
0.000000000000000000e+00
1.094455797101545613e-06
2.896556949849582452e-08
8.522504479913095565e-09
5.028485361435741652e-07
0.000000000000000000e+00
0.000000000000000000e+00
2.731630047492217273e-06
1.617260814157361892e-08
0.000000000000000000e+00
0.000000000000000000e+00
1.995774517871140574e-10
5.096021027384267654e-08
1.226174390467349440e-06
0.000000000000000000e+00
1.801432669701341638e-09
6.029026167198026087e-07
1.114830339155048478e-09
3.994684583119578747e-09
1.529759288132481743e-07
0.000000000000000000e+00
2.173201920641076867e-07
2.725459125940687954e-06
3.103078327626462851e-08
0.000000000000000000e+00
1.400806723950154264e-07
0.000000000000000000e+00
6.923283280002578977e-09
5.176393074179941323e-07
1.293341611585674400e-08
1.108013094608395477e-07
2.490559403156566987e-08
3.405661530564429995e-08
5.333506969407153520e-09
1.222651917487382889e-05
4.775509410137601662e-07
9.166180916508892551e-07
1.218065648345145746e-10
7.280202680703951046e-07
3.944139592704232200e-08
3.539560822218845715e-08
2.195092292822664604e-06
7.331959483991568050e-09
1.586647435658505856e-08
7.776468913256451287e-10
9.989532827603397891e-07
1.104217972169863060e-06
1.093818866593210259e-07
1.121372633861028589e-06
1.270763050342793576e-07
9.032964953803457320e-08
6.727900085934379604e-07
1.884044650068972260e-06
1.431164409204654930e-09
2.237562313212038134e-08
2.273581323208873073e-09
9.047353444202599349e-08
4.248282792218560644e-08
6.782837544960784726e-07
5.517258614418096840e-07
3.404198878342867829e-07
2.958728941848676186e-07
1.049973175071272635e-08
6.483070791318823467e-08
1.193815979405599137e-08
5.298125529407116119e-07
7.650169386863581167e-11
0.000000000000000000e+00
8.009314456103311386e-07
2.654198283380537760e-07
4.361147531994902238e-08
9.925926036657983786e-08
2.228314770036377013e-06
5.283685595713905059e-07
2.525911391160207131e-08
0.000000000000000000e+00
4.998820202217757469e-08
1.057746703736484051e-05
1.582284653522947337e-06
1.085395453515047848e-07
8.341344504003700422e-09
7.826320569392919424e-08
5.914282041885599028e-08
1.769695501252499525e-08
4.988728505850303918e-07
2.339074534063456667e-08
0.000000000000000000e+00
2.938083110137768017e-10
8.559302244748323574e-08
0.000000000000000000e+00
2.601870789931126637e-07
3.052556166949216276e-06
1.413847594555761589e-09
8.418537866816677706e-09
7.802169648130075075e-07
0.000000000000000000e+00
1.517675940476692631e-07
3.288344530005815614e-08
2.465810666762990877e-07
5.901887902837188449e-07
2.538674834795529023e-07
1.648614471605469589e-07
5.419267381512327120e-07
0.000000000000000000e+00
1.733594656716519466e-10
3.074712367379106581e-06
3.141558835295654717e-08
0.000000000000000000e+00
0.000000000000000000e+00
5.949641224134438744e-09
7.813803222234128043e-07
8.055816458352182963e-09
1.830874452046771239e-09
1.426578023711044807e-06
0.000000000000000000e+00
5.411998849069732387e-09
8.243002724839243456e-09
3.278662461525527760e-07
0.000000000000000000e+00
3.090719147280651669e-08
0.000000000000000000e+00
9.083978369517353713e-08
1.460286171095503960e-06
0.000000000000000000e+00
1.144887740167632728e-09
1.546808375829655802e-10
3.027591732873702313e-09
3.683084415229131992e-08
1.721296143841755111e-06
5.872333019851794234e-08
5.349987475256057223e-08
7.383333500143862693e-09
3.608102616681208019e-08
4.204500569926494791e-08
3.370419676684832666e-08
3.793746650160301215e-09
7.948655955658523453e-09
2.345422744909342327e-09
7.427412583638215438e-06
4.744302088965923758e-07
1.318129534411127679e-07
2.852891256566181255e-09
1.691616291488173829e-09
4.334219738666433841e-07
2.846412030521605629e-07
4.717096999229397625e-06
1.867039998160180403e-07
4.351683013936735733e-09
5.982451511954423040e-06
2.188440703321248293e-06
6.735235302812725422e-08
4.249928622357401764e-07
2.485368888471839455e-08
5.239142453206113714e-09
4.459343727614140107e-10
2.151997868793387170e-08
1.448037778573052492e-07
7.093522214063341380e-09
1.461954468595649814e-07
1.014117678721504490e-10
3.580182692530797794e-06
9.947662249487621011e-09
3.589635255707435135e-09
1.953893843165133148e-06
2.734778270507831621e-08
0.000000000000000000e+00
3.582022713999322150e-07
8.227688681472500321e-07
7.549211318291781936e-07
9.563686944602522999e-07
6.848491107547260981e-09
2.548571274019195698e-06
6.593307261937297881e-06
3.599425326683558524e-07
0.000000000000000000e+00
1.866693821739318082e-07
5.435030558942344214e-08
1.031366423376312014e-06
4.560345345794303284e-08
5.376667218115471769e-07
3.635353706954447262e-08
1.502651514329045312e-08
7.067777687552734278e-07
5.353136600660945987e-09
2.179906175570067717e-07
5.464151854539522901e-06
1.272093719251188304e-08
2.661550979610183276e-07
2.564308099195500290e-09
9.224954133912888210e-09
0.000000000000000000e+00
2.041825410969977384e-07
1.344720601537119364e-07
3.568604023396204639e-10
3.889104149834565760e-08
6.011005382333678426e-08
7.424558190471941543e-10
1.677677374800623511e-07
3.792212041348747009e-13
2.192371084674960002e-08
8.748836377581170609e-11
3.136973191431025043e-06
4.985662105383426024e-09
3.360213156611280283e-07
2.040936664116088650e-07
4.968971456520421270e-09
1.907589286531674588e-08
0.000000000000000000e+00
5.338321340531138048e-09
1.236634830092953052e-07
6.527756113428040408e-09
2.373516139186904184e-07
1.417710450368758757e-06
1.446795323545302381e-07
9.879231299692037283e-08
9.255739996660850011e-07
2.527213105452119635e-09
1.929289368263198412e-07
1.253934556189051364e-06
0.000000000000000000e+00
6.084562897967771278e-08
7.285743777174502611e-07
5.107051848085575330e-08
8.116885830133924173e-09
3.604093024023313774e-07
2.031575263572449330e-07
1.873497467386187054e-06
7.080598152242600918e-08
0.000000000000000000e+00
0.000000000000000000e+00
0.000000000000000000e+00
8.965600706289933441e-09
4.683669985183769313e-08
3.992259323126745585e-08
0.000000000000000000e+00
0.000000000000000000e+00
0.000000000000000000e+00
9.793782673739315214e-09
0.000000000000000000e+00
4.245381546308379939e-10
4.655816621124131416e-09
0.000000000000000000e+00
4.471132442063208146e-08
7.935501145084344898e-08
0.000000000000000000e+00
0.000000000000000000e+00
0.000000000000000000e+00
0.000000000000000000e+00
0.000000000000000000e+00
2.727561252413579496e-07
5.262275948325623176e-08
2.471110072121973644e-08
2.242769969740265878e-09
3.703966513057821430e-06
8.539264781393107739e-12
5.763991453022754285e-07
5.345794917843704752e-09
4.662294941226718947e-07
1.017582129669847291e-09
0.000000000000000000e+00
6.567223067577288020e-07
0.000000000000000000e+00
0.000000000000000000e+00
3.894195188536286878e-08
0.000000000000000000e+00
0.000000000000000000e+00
0.000000000000000000e+00
6.738941493722450105e-08
6.141976371942803326e-10
1.950615002854760860e-09
2.311390744580421597e-06
1.643972353804201703e-07
9.790229960060514713e-09
6.267339358601020649e-08
9.324289784728989616e-09
5.833278304834266237e-10
1.944168914747024246e-08
5.610242936882059439e-09
1.224144057232479099e-07
6.045013822841838191e-09
6.197184987399850797e-09
4.750886262172571151e-07
5.603424391154021578e-09
2.202916107307828497e-07
1.853106255111924838e-07
1.544454786284177317e-09
1.363348278715648121e-08
7.822307424021346378e-08
5.585416147368960083e-06
2.724572709666972514e-07
0.000000000000000000e+00
2.851751901289389934e-08
5.438646866195995244e-08
3.506931989250006154e-08
3.367654812791442964e-07
4.023192801128061546e-08
9.481822438317522028e-09
6.069178084544546437e-07
4.793211587639234494e-07
1.908499029923405033e-07
5.134294056574617571e-08
1.155448899226030335e-06
1.343022972832841333e-06
7.265176122928096447e-07
6.367587843669753056e-07
8.988782695951158530e-08
8.254049248535011429e-07
1.275850394222288742e-07
5.348004833649611101e-06
7.951489244817366853e-09
7.201091989372798707e-08
9.148747182052829885e-08
2.676361132714077939e-09
1.657179353742321837e-07
1.400230473791452823e-07
1.021713160298531875e-05
1.271986072026720649e-08
1.613477906836635611e-09
9.783762777715310222e-08
1.538149035695823841e-06
1.844908439352366258e-07
4.751009363701541588e-09
3.095713282164069824e-06
2.865124884010583628e-07
0.000000000000000000e+00
1.213073943517883890e-07
1.091432977773365565e-06
9.850609785644337535e-06
4.410143006339239946e-08
2.457825409862834931e-08
0.000000000000000000e+00
6.646251904385280795e-08
0.000000000000000000e+00
2.678179953363724053e-06
5.176122996886078909e-08
6.636911575874648861e-10
7.093885034947788881e-09
0.000000000000000000e+00
4.420271082494764414e-08
2.994356009367038496e-06
4.758353213674126891e-07
9.499823150349584466e-09
6.605217484079162205e-10
0.000000000000000000e+00
4.505965822687585387e-09
0.000000000000000000e+00
5.049346274432764403e-09
0.000000000000000000e+00
1.538687683932948858e-06
4.898831321042962372e-06
3.634686152054200647e-07
8.525827865923929494e-08
4.801449904334731400e-07
1.286358797258913000e-09
2.595671455551951112e-09
2.997451886699309398e-08
1.145994019680074416e-07
2.851384977020643419e-07
8.647330851374590566e-09
0.000000000000000000e+00
1.070857749141396198e-07
5.678106429485296758e-09
4.961272637160618615e-08
6.599922386385514983e-08
2.076920502247503464e-08
1.338267878736587591e-07
0.000000000000000000e+00
5.442987003334565088e-07
4.758799150295089930e-07
1.206718849289245554e-07
4.417103838250113768e-08
2.003968120334320702e-06
0.000000000000000000e+00
0.000000000000000000e+00
7.835813775614042243e-09
0.000000000000000000e+00
0.000000000000000000e+00
0.000000000000000000e+00
1.799131439383927500e-07
6.976465982688750955e-08
1.696941609452551347e-07
0.000000000000000000e+00
1.148287580576834443e-07
7.361407927675145402e-09
1.843440955440200923e-08
0.000000000000000000e+00
0.000000000000000000e+00
0.000000000000000000e+00
0.000000000000000000e+00
0.000000000000000000e+00
4.515725038345408393e-08
6.978983719818643294e-07
3.374221568819280037e-09
5.611816078499032301e-08
2.290998724063797454e-09
2.055994855254539289e-06
2.273391430662741186e-07
5.384897150406686706e-08
1.069128430231103266e-07
0.000000000000000000e+00
1.675697234304607264e-07
0.000000000000000000e+00
0.000000000000000000e+00
1.271788185874811461e-08
0.000000000000000000e+00
1.028366991562279509e-08
6.784652839542104630e-10
1.336696868747822009e-07
2.484826495674496982e-07
0.000000000000000000e+00
0.000000000000000000e+00
0.000000000000000000e+00
6.430023180570287877e-10
1.548589367850183862e-09
1.257575910074137937e-08
4.944938154949340969e-06
2.071423210736611509e-08
5.057883889492131857e-09
5.680326253809653281e-08
2.500138429617493330e-10
8.226119518894847715e-08
1.022567417408026813e-07
1.277942658362007933e-07
8.968468634407145146e-09
3.010567752426140942e-06
1.703598684343887726e-08
9.763621855451987130e-11
6.584265133113831325e-09
6.172990119068799686e-09
2.170603430329265393e-08
1.954679476057208376e-07
2.534384293539915234e-07
0.000000000000000000e+00
0.000000000000000000e+00
7.909176957809904707e-08
2.793894964270293713e-07
1.164454133117942547e-07
3.706118079094267159e-08
2.852196132607787149e-07
2.526439175198902376e-06
2.246709840392213664e-08
2.235597378330567153e-07
2.807330190535139991e-08
4.188654312287098946e-09
1.112452974183497645e-08
1.533630751282544225e-07
2.583962910307491256e-08
3.219743973659205949e-07
7.612806030010688119e-07
1.188175460242746340e-07
1.664504445386683074e-08
1.356634915516963247e-09
4.091620553481334355e-07
5.636751954085639227e-09
1.147833161851963268e-09
8.467943501955232932e-08
5.933655344847466040e-09
7.487036768338839465e-09
1.112034510697412770e-06
1.547219738995408989e-07
1.944718235336040379e-07
5.412538861548910063e-09
8.328688636538572609e-07
5.330904514266876504e-06
1.679240995144937187e-07
5.220526304583472665e-07
4.295415223509735370e-08
0.000000000000000000e+00
1.892126988423115108e-08
1.038191932423160324e-08
0.000000000000000000e+00
1.609311311767669395e-06
7.557795242973952554e-07
4.770533905684715137e-07
2.619464645192692842e-09
5.022206096327863634e-06
8.769161041755069164e-08
3.892864697263576090e-09
7.667933914490276948e-07
2.806529009191649493e-09
0.000000000000000000e+00
3.749587165202683536e-07
0.000000000000000000e+00
1.002174059294702602e-07
0.000000000000000000e+00
8.247537763850232295e-09
2.339402556117420318e-07
3.568172530776791973e-07
0.000000000000000000e+00
9.770123078622905410e-12
0.000000000000000000e+00
1.376415070808434393e-08
1.328621124230267014e-06
8.854511435174572398e-08
0.000000000000000000e+00
4.339977821565810245e-10
4.880080695102151367e-08
8.137213569625600940e-08
6.586984113710059319e-07
1.078099209905758471e-08
0.000000000000000000e+00
1.017659911894952529e-08
0.000000000000000000e+00
1.779400690793409012e-06
7.663533807544808951e-08
1.005552121569053270e-07
9.117608890107931074e-10
3.345118315678519139e-08
0.000000000000000000e+00
5.803772396006934287e-08
2.374251607761834748e-06
1.096936941280546307e-07
2.825264822092776740e-08
0.000000000000000000e+00
0.000000000000000000e+00
4.153969712206162512e-06
0.000000000000000000e+00
6.935265162155701546e-08
1.164714490187179763e-06
0.000000000000000000e+00
0.000000000000000000e+00
3.822574257128508179e-09
1.875559405561944004e-07
6.476591920545615721e-07
2.579465707697181642e-08
0.000000000000000000e+00
3.722518293614029972e-09
1.752548996591940522e-06
1.053198417366729700e-08
0.000000000000000000e+00
0.000000000000000000e+00
1.006492027499916730e-07
0.000000000000000000e+00
2.508932794853535597e-08
1.360091232527338434e-06
8.711786847470648354e-09
2.495690987203147415e-09
2.138147436880899477e-08
2.335925053387200023e-08
7.864141338131958037e-09
2.568921900092391297e-06
1.260884174847376471e-09
3.366300006746314466e-06
6.980208127060905099e-07
1.769737778545277251e-08
3.350899078213842586e-07
1.043285280388772662e-07
8.660077241984254215e-07
1.958169832505518571e-06
8.754812874656181521e-09
5.666431661666138098e-07
5.003300316275272053e-07
1.302173444628351717e-07
7.300074855720595224e-08
9.739839157418828108e-09
1.255392589882831089e-07
1.175973451950085291e-07
5.441145867202124009e-10
5.525106150372494085e-09
1.356442735911400632e-09
5.383253309787505714e-08
5.617440820060437545e-06
1.980323304451303557e-06
1.312006077114347136e-07
1.442465304535289761e-06
2.919350983177082526e-09
6.042979094900147174e-08
6.646990868830471300e-08
2.495031026228389237e-07
3.696274575304414611e-08
6.892630022292678404e-09
2.691099609819502803e-07
2.198372506256873748e-08
9.582922899653567583e-08
7.939207762319711037e-07
1.858477389760082588e-07
1.315362737841496710e-06
3.579145300136588048e-07
0.000000000000000000e+00
5.348149443307192996e-07
2.232408860436407849e-06
1.083048672967379389e-07
3.481906674096535426e-07
1.154667614855497959e-07
1.689866849119425751e-06
0.000000000000000000e+00
4.793710672856832389e-08
1.131259250541916117e-05
5.389149748680210905e-08
1.028583440643160429e-07
9.508524634327386593e-09
2.725845327233855642e-09
6.501831517624623302e-09
2.939486654085499140e-09
2.643219509934624512e-08
5.526159796431784343e-08
2.497931461675761966e-08
3.531994696714946258e-09
2.123101516815495415e-08
2.817125199783276912e-09
2.940416379715315998e-06
1.734399575070710853e-07
9.202866024793365796e-09
3.843386442436980133e-10
1.408089467247464199e-08
0.000000000000000000e+00
3.107866408669224256e-09
0.000000000000000000e+00
7.736181828477128875e-08
8.881604784960472898e-09
2.969123329421563540e-07
4.885308602098348274e-09
1.577067223479389213e-07
0.000000000000000000e+00
7.786542255416861735e-08
2.485880372660176363e-07
4.226635486048735402e-09
1.398473448155357346e-09
1.762165311447461136e-07
1.629889290200026153e-08
7.693711445710960106e-09
6.709376942914957453e-10
0.000000000000000000e+00
0.000000000000000000e+00
8.916939719938454800e-08
1.822218598235281206e-09
4.619052873522377922e-08
5.166353389540745411e-08
0.000000000000000000e+00
1.763184968694986310e-06
0.000000000000000000e+00
0.000000000000000000e+00
1.634446107345866039e-06
2.605947635458960576e-08
6.409062791590258712e-08
2.874887172765738796e-07
8.853103139472295879e-09
1.223423282681324054e-07
0.000000000000000000e+00
3.382680446861741075e-08
8.095846624200930819e-07
2.483253380702876711e-09
4.364430594705481781e-08
1.917824787867061787e-10
7.722702122237024014e-08
3.576723273113202595e-08
0.000000000000000000e+00
5.851622741914752623e-09
0.000000000000000000e+00
0.000000000000000000e+00
0.000000000000000000e+00
0.000000000000000000e+00
6.395856733121263460e-09
0.000000000000000000e+00
8.396645156949489319e-09
1.781772027698025340e-07
0.000000000000000000e+00
6.843530742095538244e-10
3.846078566738242444e-09
0.000000000000000000e+00
9.115188603914248233e-09
0.000000000000000000e+00
2.087970862874044542e-08
3.961856265277674538e-08
0.000000000000000000e+00
3.657772396081782063e-08
2.352089296664416906e-07
1.522009074328423139e-09
6.493789062034238668e-09
3.201429876753536519e-07
1.093224923920388392e-07
7.811496516296756454e-08
8.318413335928198649e-08
3.578638718693127885e-09
2.952900501895783236e-07
1.892816747783854225e-08
7.684057550250145141e-07
1.596455803110075067e-07
2.429640630907670129e-07
4.068460768280601769e-08
0.000000000000000000e+00
1.949137953261015355e-07
1.320949536420812365e-06
8.928641932470782194e-07
9.901680364521325828e-09
1.451871298741025385e-06
2.175072744137196423e-08
3.095665057628593786e-09
1.336167088084039278e-07
2.146363309307730560e-09
2.014451272458472886e-09
5.839459760181853198e-08
3.212859667200973490e-07
2.887995398381804080e-09
3.643045261014776770e-07
3.902816274603537749e-07
5.494991839327667549e-08
1.557424127440754091e-07
6.426677146009751596e-08
9.648532639516815834e-09
2.964684142625628738e-07
1.763218733685789630e-06
1.646814573597055187e-09
8.280034435870220477e-09
8.398809114851246704e-08
0.000000000000000000e+00
1.941117346859755344e-07
1.769259938555478584e-07
1.023702189684172481e-08
1.607938671099873318e-08
5.673956859908457773e-09
4.596315363869507564e-07
1.987316622376056330e-08
2.099996549986826722e-07
7.865693874009593856e-09
1.849287216415529400e-11
9.579080639809944842e-09
2.244587875566139701e-07
7.550605118922248948e-07
1.415230741486084298e-07
8.466009830954135396e-07
1.657376287766965106e-06
1.860420582033839310e-07
3.575727589577581966e-07
5.115096428198739886e-06
9.986304121412103996e-07
0.000000000000000000e+00
5.052738671906809031e-09
0.000000000000000000e+00
3.305871359771117568e-06
0.000000000000000000e+00
2.925748754378787453e-09
3.826389871619539917e-08
5.187717810883896163e-09
7.952118039611377753e-07
7.850309202694916166e-08
1.843543600443808828e-06
1.794369808294504764e-07
4.570267009285089443e-08
5.488612231374645489e-09
7.375701382983379517e-09
7.775142196742024225e-10
0.000000000000000000e+00
4.297028066702068827e-09
0.000000000000000000e+00
0.000000000000000000e+00
1.017148747450846713e-06
6.557371978743731233e-09
3.157500705341931280e-09
2.144997552022687159e-06
5.059011414232372772e-07
8.006362008927681018e-07
1.203157125928555615e-06
4.802404252046699185e-09
0.000000000000000000e+00
8.069012835676403483e-08
3.979059748360214144e-09
0.000000000000000000e+00
1.237818878507823683e-07
1.549538069411937613e-06
1.927131734191789292e-07
3.888986555011797464e-07
3.176995051035191864e-06
2.882516270119594992e-08
0.000000000000000000e+00
0.000000000000000000e+00
0.000000000000000000e+00
4.583771229249578028e-08
5.009397696653650200e-08
0.000000000000000000e+00
8.292584396940583247e-09
1.025943916488358809e-07
5.935179014926461605e-10
0.000000000000000000e+00
4.740183783269458218e-07
7.473039076444365492e-09
6.263082497071081889e-08
5.945014702746220792e-09
2.430683654353060774e-09
0.000000000000000000e+00
0.000000000000000000e+00
0.000000000000000000e+00
7.566028692451709503e-09
4.695164648182981182e-07
1.739285160340386938e-08
3.535032249146752292e-07
2.577912772139256958e-09
1.517359038416543626e-07
1.878262736454416881e-07
8.676159268361516297e-06
6.875963798336215405e-09
1.339994781801578938e-10
1.254897075142480389e-08
0.000000000000000000e+00
2.201001603197028089e-09
9.035242101163021289e-07
0.000000000000000000e+00
4.927357508677232545e-07
1.486962997176988210e-08
0.000000000000000000e+00
8.862302558476642389e-10
1.025379603447618138e-08
1.848470532195278793e-07
0.000000000000000000e+00
7.447046979081051177e-09
1.149056760851863146e-08
2.530854432275519983e-12
1.002950167361404965e-08
0.000000000000000000e+00
7.402119450716782012e-08
0.000000000000000000e+00
0.000000000000000000e+00
0.000000000000000000e+00
2.177970657157857204e-07
1.130462194964820810e-07
6.843750455232111563e-09
1.882762834526374718e-09
1.579441857302299468e-07
1.452263198586933868e-09
4.152633348297740667e-09
6.736067348356300499e-08
9.359787327412050217e-07
1.120366945883688459e-07
8.452763609057001304e-07
6.986805090036796173e-08
4.677547238429724530e-08
3.824887628844919618e-10
7.062731732787597139e-09
1.630090018522878381e-08
1.844463248801275768e-09
2.094619730996782891e-07
4.308288836796236865e-09
2.752453265308929531e-10
0.000000000000000000e+00
1.656388519677420845e-07
2.494891191417991649e-07
3.107628572251996957e-07
2.517311486371909268e-06
3.933245125153916888e-07
3.986261631894194579e-08
4.610411963312799344e-07
8.552023977870248928e-09
3.365797596188713214e-08
7.871490481647924753e-08
3.280339342381921597e-06
3.425534714551758952e-06
1.148298345299281209e-08
2.199818105452777672e-09
1.382967518281930097e-08
1.555824837851105258e-07
2.723677461347051576e-08
2.111891106437724375e-08
1.255159265411975866e-08
1.264442630599660333e-07
1.932152372319251299e-06
7.782541615597438067e-07
4.655958107946389646e-08
1.501855990682088304e-06
5.729432039913717745e-09
2.210551741654853686e-09
1.057881107158209488e-07
0.000000000000000000e+00
3.017218030976209775e-09
8.544609464422592282e-09
1.692181541557147284e-07
1.029180580758293218e-07
3.043862477625225438e-07
4.694225310686306329e-07
1.603085442170026909e-09
2.456677634654624853e-07
0.000000000000000000e+00
1.504466135004989269e-10
7.497761855823625865e-10
5.404566763900220394e-06
9.560409353071008809e-09
0.000000000000000000e+00
8.266216156016525929e-09
0.000000000000000000e+00
2.271191306135733612e-07
1.732679111299262331e-09
8.509774573894901550e-08
1.602515112608671188e-06
1.132626834987604525e-06
1.104051079892087728e-06
2.513253775759949349e-06
3.988438947999384254e-07
0.000000000000000000e+00
9.161030156690230797e-09
2.991324077328272324e-09
6.567116208472389971e-12
1.078080069660813933e-09
0.000000000000000000e+00
0.000000000000000000e+00
0.000000000000000000e+00
0.000000000000000000e+00
0.000000000000000000e+00
0.000000000000000000e+00
4.992983890922397805e-12
9.311433132097590715e-06
0.000000000000000000e+00
0.000000000000000000e+00
0.000000000000000000e+00
5.683706283399203585e-10
2.422762257481281267e-08
4.268452968858582608e-08
3.679254803046205780e-07
1.768232045160078592e-12
4.999094027624551018e-09
0.000000000000000000e+00
4.177989509912549693e-08
1.821938099055842031e-06
0.000000000000000000e+00
0.000000000000000000e+00
0.000000000000000000e+00
7.387853884210926481e-07
0.000000000000000000e+00
2.737414206421817653e-08
3.783922863931366010e-08
4.484030213802725484e-08
6.693957610437450967e-10
1.378433012177993078e-07
4.072065740157171376e-10
6.006441566341891303e-08
0.000000000000000000e+00
6.069201958780467976e-07
9.694522268288707778e-11
0.000000000000000000e+00
0.000000000000000000e+00
0.000000000000000000e+00
0.000000000000000000e+00
4.959670150128658861e-06
0.000000000000000000e+00
0.000000000000000000e+00
0.000000000000000000e+00
0.000000000000000000e+00
4.665852486596122617e-07
0.000000000000000000e+00
0.000000000000000000e+00
0.000000000000000000e+00
1.061812113789528667e-07
0.000000000000000000e+00
0.000000000000000000e+00
8.892312308717009728e-08
4.524017924723011674e-07
0.000000000000000000e+00
0.000000000000000000e+00
0.000000000000000000e+00
0.000000000000000000e+00
0.000000000000000000e+00
2.725516196733224206e-06
1.917758174485584277e-09
3.812197491015467676e-08
7.085677111717814114e-08
2.466441051396373041e-09
1.009338124191572206e-08
2.130305460923409555e-07
9.055704797145125440e-11
3.552627747538394942e-09
6.289397891379167049e-10
1.634483381973694804e-10
1.812211047891310045e-09
1.408802102753625718e-10
1.733486811872353428e-07
6.658029683137556276e-11
0.000000000000000000e+00
0.000000000000000000e+00
7.616308721480891109e-06
5.845489070566145529e-08
7.635046586074167863e-07
2.025297334284914541e-07
3.362234508585970616e-07
1.545641111988516059e-06
0.000000000000000000e+00
1.287652762194113620e-09
8.113119065455975942e-09
6.071547886676853523e-07
3.363169076564531679e-09
2.063091102399994270e-07
1.069611812454240862e-06
8.383297944725143225e-10
1.226430015321966494e-07
1.170321638710447587e-06
4.405670850360365876e-08
8.038691703404765576e-07
1.774265427911814186e-07
9.635011792852310464e-07
6.289241127888089977e-07
4.497716687978936534e-08
1.138579222015323467e-07
1.259034831946337363e-07
2.263088738629903673e-08
5.746047193611047987e-08
5.090805288432420639e-08
1.171984649772639386e-06
9.591611842552083544e-07
5.339043127605691552e-07
5.103701710140740033e-07
0.000000000000000000e+00
1.965352147692556173e-08
2.003374177661498834e-08
8.474502521949034417e-08
3.009333005010716988e-09
7.344581831603136379e-08
4.227968304348905804e-07
7.283702871063724160e-06
1.136725984451913973e-07
2.785125241544506025e-09
2.697410650398524012e-08
5.976085404313380423e-09
3.145067239529453218e-06
7.648407517990563065e-06
2.058735049104143400e-08
4.242050266611840925e-09
5.417046722300256079e-08
2.507991609945747769e-07
4.836530109741943306e-08
7.886459911787824240e-07
4.967186484350349929e-08
2.490143515387899242e-06
4.580065748882589105e-08
8.272696305766658043e-08
6.087440596047599684e-08
8.308395749168084876e-09
3.352940680656502082e-08
5.452617642731638625e-06
3.633007850112335291e-07
3.871692744183974355e-09
6.310363431794030475e-08
4.233518211549380794e-07
2.715302571232314222e-06
4.821246761821385007e-07
0.000000000000000000e+00
6.216909653744551179e-09
0.000000000000000000e+00
2.499668472211169501e-09
1.158099848908022977e-06
2.135803534031310846e-08
1.534168014849512929e-09
1.059337839670604353e-09
4.999462248633790296e-07
1.339212900575148524e-07
1.499355661849222088e-08
3.425428758419002406e-07
9.179628079891699599e-08
7.276349744955723509e-09
0.000000000000000000e+00
5.768887945123424288e-08
5.693088311886640440e-08
7.490268849608128221e-09
2.116120750850214449e-10
6.446095568435339374e-08
1.248173134626995306e-06
5.414354973254376091e-07
8.547926313440257218e-07
0.000000000000000000e+00
0.000000000000000000e+00
6.952378157620842103e-07
1.148291328689765578e-08
1.572046812725602649e-07
0.000000000000000000e+00
8.323698352796782274e-07
0.000000000000000000e+00
1.123459192342579627e-08
0.000000000000000000e+00
0.000000000000000000e+00
0.000000000000000000e+00
2.219806560788128991e-09
1.290921574081949075e-07
2.393933273836523767e-09
0.000000000000000000e+00
9.644667287034280889e-09
1.282611572506198172e-09
2.813751734720426612e-06
6.923333017994082184e-09
2.222823258790640466e-09
3.715228302780815284e-08
2.659600681909068953e-07
2.597826842531958391e-09
4.195900515924222418e-09
0.000000000000000000e+00
1.384051699915289646e-07
0.000000000000000000e+00
0.000000000000000000e+00
2.313865934411296621e-07
4.133236863879119483e-09
0.000000000000000000e+00
2.259332404719316401e-06
1.851445517786487471e-06
0.000000000000000000e+00
5.026814520192601776e-09
4.327740725784678943e-07
3.989843477825161244e-08
3.529605496765952921e-09
3.028853556852340034e-10
7.121440148694091477e-08
0.000000000000000000e+00
0.000000000000000000e+00
1.782165881536457164e-08
5.116154966344765853e-07
1.022988715959627370e-08
1.726821174941051140e-08
9.206330275901564164e-08
3.694544759014206647e-08
3.288883887453408761e-10
2.310763420609873720e-07
3.152943293116550194e-07
0.000000000000000000e+00
0.000000000000000000e+00
1.429034490740832553e-08
4.940472031478293502e-09
0.000000000000000000e+00
0.000000000000000000e+00
1.617502505268930690e-07
9.855578575468371127e-10
1.281131744690355845e-06
1.016553596855374053e-08
1.096526869304170759e-08
1.340820676709597592e-09
5.076777220835992921e-09
3.194646547299839767e-09
2.141981730874320533e-11
7.232898724396363832e-09
4.230274353034246815e-09
7.161095822993956972e-07
2.464418457748251967e-06
0.000000000000000000e+00
2.675704546817314622e-09
0.000000000000000000e+00
7.994620590534573523e-12
6.459832775362883694e-07
4.359906924378265103e-08
1.319224338658386841e-07
1.776232139150124567e-08
7.952680789458099753e-07
4.673102864671818679e-07
6.028939878888195381e-06
1.172232231283487636e-07
2.908319913785817334e-07
6.946358155346388230e-09
7.424601335515035316e-06
5.541200387426670204e-09
2.039145812204878894e-07
1.518435055913869292e-06
3.521038934195530601e-06
2.361186034249840304e-06
7.358157461112568853e-08
2.706577333810855635e-06
4.063637788931373507e-06
2.791896047682485005e-09
1.973167851332391365e-09
5.940257779002422467e-07
3.486255906182122999e-08
4.105602329218527302e-07
5.874194926036580000e-07
4.203060370855382644e-07
1.013937200866621424e-08
3.593061421724996762e-07
2.890616190853734224e-09
8.872411427773840842e-08
5.156679705464739527e-08
3.131176811166369589e-07
3.379157575977842498e-08
3.728247293111053295e-07
5.128199731530003191e-08
3.771736345470344531e-08
1.497479473755447543e-08
1.436126950693505933e-08
0.000000000000000000e+00
8.231670278746605618e-08
8.362228953728845227e-08
1.494517221090063686e-07
1.100066455705928092e-07
1.715658015655208146e-07
4.197478808976029541e-09
2.152596545457186039e-09
1.683294613030739129e-06
7.865438078624720220e-08
2.901102291730239813e-08
1.504344981917427049e-09
1.619858238655069727e-07
1.252154646635972313e-07
3.896204192610497330e-10
8.172166303666017484e-07
4.842262910642602947e-07
1.858671438981218671e-09
0.000000000000000000e+00
1.416181589775078464e-07
2.619544758886149793e-08
6.613050373971418594e-08
3.156734429410334997e-09
0.000000000000000000e+00
1.800069981072738301e-06
1.119498506341187749e-06
9.208267925941981957e-08
2.373464202953812219e-10
1.294678475538546536e-09
7.390524814354648697e-08
4.047113009164604591e-07
3.919566097465576604e-06
1.136077099062049456e-08
0.000000000000000000e+00
6.029174492994116008e-09
0.000000000000000000e+00
0.000000000000000000e+00
0.000000000000000000e+00
0.000000000000000000e+00
0.000000000000000000e+00
0.000000000000000000e+00
1.816291842260397971e-06
1.769083191049958259e-08
0.000000000000000000e+00
0.000000000000000000e+00
7.999144457926377072e-09
0.000000000000000000e+00
3.535599262249888852e-07
7.820161407323666936e-09
3.601351181714562699e-07
3.850879437550247530e-08
1.907684854529634322e-08
9.980691118016693508e-08
4.924437302378237291e-09
0.000000000000000000e+00
5.419683475338388234e-07
4.070746939532909892e-08
1.951958317203406068e-10
0.000000000000000000e+00
1.438455310420749811e-08
9.066966732973469334e-09
1.869091192929772660e-07
4.981992773878118896e-08
2.232329210372085981e-09
0.000000000000000000e+00
0.000000000000000000e+00
4.934249009380664575e-09
0.000000000000000000e+00
2.064691351222336380e-08
0.000000000000000000e+00
8.349376656724416534e-08
4.787285678986563653e-09
1.073742783574971327e-08
0.000000000000000000e+00
2.682594697489548707e-07
6.687385756265484815e-09
2.823243305805078762e-10
8.475620205672385055e-09
5.736449093518558584e-10
7.507576782472824561e-09
7.489328268661665788e-09
3.040027785061738541e-09
3.039641649493773912e-09
8.705769438677180005e-09
3.317986330131361683e-09
9.201108763789989098e-10
8.720411059925936570e-10
2.669772811714210548e-07
7.850297834011144005e-07
1.840038947875655140e-07
2.044552502411534078e-06
1.265552782570011914e-07
0.000000000000000000e+00
4.303391865079220224e-09
1.744078126364456693e-08
9.366495135054719867e-09
9.935624767365425214e-09
4.866578251494502183e-09
3.515295277090046966e-10
4.166730320775968721e-07
4.833120925695766346e-08
2.225903301678044954e-07
7.953298108986928128e-08
8.221955027920557768e-08
6.180281619805327864e-09
1.500896587458555587e-06
1.092066170826910820e-07
6.340105755953118205e-06
4.182512558514872580e-09
5.037864792001300884e-09
1.478291267176246038e-07
2.331606019367882254e-08
5.165826451047905721e-07
2.555065325982042168e-10
3.315383878543798346e-07
4.805055908718713908e-08
7.581523187027983113e-10
2.746671690090352058e-08
4.011606051790295169e-07
7.044103256248490652e-08
1.069356798666376562e-07
2.811206600839000203e-09
3.128539205476954521e-08
1.274549354945975210e-10
5.304293893004796701e-08
3.447217788998813148e-10
1.435658191439870279e-06
1.048084925514558563e-07
1.143595884656178896e-09
2.401196574908226467e-08
9.301568297814810649e-07
3.555334870952719939e-08
1.643316409172257408e-06
1.904423214682537946e-07
5.008045889098866610e-08
1.673557903814071324e-06
8.263902486760343891e-07
6.348080461293648113e-08
6.144611486291751135e-10
0.000000000000000000e+00
2.284276412467534101e-08
9.927217270444543828e-09
5.965742122526762614e-09
8.126551875875520636e-08
2.409860826446674764e-07
9.071244200242745137e-09
8.188582256707377383e-09
2.251284314525037189e-08
9.245496244147943798e-07
1.193311671698893406e-09
4.803024200583649872e-09
1.187898557297728530e-09
1.135181171285637447e-09
9.378824756822723430e-07
0.000000000000000000e+00
2.690110179059956863e-08
1.685194916944965371e-07
1.207331390418175943e-08
0.000000000000000000e+00
0.000000000000000000e+00
0.000000000000000000e+00
9.135768408441435895e-08
1.388256354317718433e-08
3.924060187898703589e-09
7.195075202304224149e-09
6.749518206561333500e-07
0.000000000000000000e+00
8.097976689214192447e-08
3.395479382106714183e-07
3.561876793511942196e-09
4.217442437948193401e-06
0.000000000000000000e+00
0.000000000000000000e+00
3.522107761000370374e-07
0.000000000000000000e+00
3.554341532208127319e-08
9.786365495756399469e-09
0.000000000000000000e+00
0.000000000000000000e+00
3.344656773762721969e-09
0.000000000000000000e+00
0.000000000000000000e+00
0.000000000000000000e+00
8.242658999790819507e-09
4.159052124919071503e-08
9.397149725032249989e-09
0.000000000000000000e+00
0.000000000000000000e+00
1.398184167555882595e-06
2.499858542392985328e-09
2.968947043768821459e-08
0.000000000000000000e+00
3.629522993264799879e-08
2.012691595609794604e-07
1.705237195892550517e-08
1.586980991064024238e-09
1.214915390512771864e-09
1.981598174438659044e-08
6.695247911636670324e-09
1.047189446268248503e-09
0.000000000000000000e+00
1.079935600500903092e-06
1.365345703163711732e-08
0.000000000000000000e+00
0.000000000000000000e+00
0.000000000000000000e+00
0.000000000000000000e+00
0.000000000000000000e+00
2.198240034445575475e-09
8.418015084998842212e-08
0.000000000000000000e+00
4.075439541395553533e-09
1.228585375656621181e-07
1.379857478278623262e-10
7.046035310764864334e-09
1.844051098487398122e-06
1.193693606182932854e-06
1.168631698078570480e-07
7.277443501152447425e-07
0.000000000000000000e+00
6.373817473814824552e-09
0.000000000000000000e+00
1.813914352055689960e-08
8.640728310638223775e-08
0.000000000000000000e+00
0.000000000000000000e+00
2.329674453349639407e-09
4.004144216196436901e-08
0.000000000000000000e+00
2.486851144567481242e-06
1.525529569335049018e-07
3.789562086353726045e-08
0.000000000000000000e+00
9.416094570724453661e-09
2.343915461722190230e-08
1.655210546402940963e-08
0.000000000000000000e+00
1.308263453125846354e-08
2.944287871287087910e-07
2.775984171421441715e-07
0.000000000000000000e+00
0.000000000000000000e+00
4.784796114876144202e-09
2.740269643142223543e-11
5.710593597996194148e-08
0.000000000000000000e+00
0.000000000000000000e+00
5.573749604081967846e-07
0.000000000000000000e+00
9.347412621707462677e-09
6.321724299596098717e-08
0.000000000000000000e+00
1.267695814988201164e-08
7.718548289403770468e-08
1.672678218156420371e-09
1.639502933414860308e-08
5.822798569265347224e-14
2.227927531350815116e-08
3.899855869349266868e-07
4.740316139617561930e-09
2.681773558776967548e-08
0.000000000000000000e+00
0.000000000000000000e+00
1.064515836590729236e-10
4.733959002578558284e-08
4.371551312942756340e-06
2.052468062174739316e-08
4.821242782782064751e-07
7.286640624215579010e-08
3.017460947773997759e-09
1.425117979181322880e-08
1.093296742027405344e-08
3.607938765526341740e-07
8.446579613519134000e-08
4.224485650183851249e-09
7.189133732765640161e-09
1.198145693770413800e-09
9.140586371358949691e-06
1.059551682502934966e-10
1.900426980228075990e-07
9.004306633642045199e-09
4.931261798901687143e-08
3.841142188321100548e-06
7.130501700203240034e-08
8.679044753989728633e-07
3.292856876058181115e-09
1.272843235256004846e-07
2.331306490077622584e-07
2.440100388412247412e-07
1.103826274828634268e-08
2.580983959887817036e-07
6.064978151698596776e-06
3.643026502686552703e-08
1.449253250740412113e-08
1.632442181431770223e-09
1.508787050852333778e-08
8.068449375286945724e-08
6.300040240603266284e-07
6.500681593024637550e-06
1.006533420877531171e-05
2.499199577756655577e-13
5.360144683663747855e-08
1.705201100321573904e-07
1.038129027186585063e-10
9.459122374266826228e-09
1.791887171975758974e-08
1.969033824877897132e-08
3.911757584518227304e-09
6.373080285726473448e-09
1.929538129274988023e-08
9.721739857582178956e-09
7.049894890087671229e-08
0.000000000000000000e+00
1.255395716270868434e-07
9.872848494296704303e-08
4.966660069327666349e-11
3.670801618227415020e-07
3.494281486382533330e-08
9.754879570778030029e-09
3.855181773815274937e-08
9.494952450950222556e-07
4.787136020922844182e-08
1.987191522445641567e-09
2.312003516635741107e-06
9.510150889013857523e-09
5.032527496950933710e-07
3.962778407640143996e-07
0.000000000000000000e+00
6.361719329106563237e-08
0.000000000000000000e+00
0.000000000000000000e+00
0.000000000000000000e+00
0.000000000000000000e+00
3.171427920278802048e-08
9.220190833048036438e-08
0.000000000000000000e+00
1.699253999731809017e-07
0.000000000000000000e+00
1.514680150194180897e-07
2.177195490560279723e-08
0.000000000000000000e+00
5.428730673884274438e-07
3.078144672485905176e-08
2.959876255204108020e-08
3.380694335586298394e-11
1.137672782647314307e-07
6.135579724286799319e-07
0.000000000000000000e+00
0.000000000000000000e+00
0.000000000000000000e+00
3.001240855837750132e-08
0.000000000000000000e+00
0.000000000000000000e+00
0.000000000000000000e+00
0.000000000000000000e+00
0.000000000000000000e+00
1.858621203609800432e-06
0.000000000000000000e+00
5.747734288519268375e-09
6.192492918444258976e-08
1.225404222537918031e-09
0.000000000000000000e+00
3.945015336626056524e-08
1.783998371251982462e-08
0.000000000000000000e+00
2.347224153709248640e-06
0.000000000000000000e+00
1.035063164067651087e-07
1.569652186006464945e-09
0.000000000000000000e+00
5.978191666144994088e-07
6.222942374733975157e-06
6.328556878543167841e-07
1.202965371760456037e-08
1.597783594320389966e-08
0.000000000000000000e+00
4.525711805314358571e-09
1.954773978241064469e-07
0.000000000000000000e+00
1.482278744191489750e-09
0.000000000000000000e+00
4.959450450314761838e-08
7.965999770931375679e-08
7.557362735610695381e-09
8.399654802815348376e-07
4.024618363018817035e-07
6.758594378597493346e-11
8.443686638770486752e-09
1.035070340549282264e-08
7.801423151931885513e-08
4.500308392607621499e-08
1.005381378149650118e-08
3.810691850958392024e-08
2.537032450788956339e-08
1.767708823763314285e-08
2.254531139556092967e-08
4.043255064090089945e-09
2.203940363543210879e-09
5.850431080034468323e-06
9.661313526976300636e-08
3.940091808374290849e-09
1.063860537442451459e-07
4.829088879887422081e-07
1.138049583460087888e-06
0.000000000000000000e+00
4.470633285791336675e-08
2.063588411260752764e-09
0.000000000000000000e+00
4.246960259024490369e-07
8.828555664308623818e-09
6.798035201427410357e-08
1.614811537820060039e-07
3.826783370186603861e-07
1.290231210759884561e-07
2.044072244800076987e-09
6.040214088898210321e-07
5.492533983186831392e-09
2.435562294067494804e-07
1.431007063956712955e-07
1.194786214409049308e-10
1.727449827626514889e-08
8.999196410286458558e-08
8.114722049867850728e-08
3.374800172650793684e-08
3.752887494101742050e-07
1.987497527666803876e-10
7.658612410921250557e-09
4.893993210686176099e-09
2.216249184172625064e-09
4.723822444319125680e-10
4.392359187477268279e-07
2.558072687008916546e-08
9.224012664788006077e-10
9.013743529351359030e-09
6.794756757244613254e-09
3.118576330507494276e-08
2.795156817114730075e-08
2.962167116038472159e-07
5.440217591967666522e-07
6.287437827268149704e-06
1.337584443206196738e-08
7.651295708122063388e-10
0.000000000000000000e+00
3.404792225936148498e-09
4.135034032515250146e-06
2.772334140033194672e-09
4.266333775149178109e-08
1.991310654148037429e-07
1.037692864969130824e-08
9.328941814601421356e-07
0.000000000000000000e+00
2.911205285727191949e-07
2.808868657666607760e-07
6.317085965434898753e-09
2.915684717663680203e-06
1.249536740743906194e-08
1.475098154735121625e-09
2.221713515382361948e-07
2.021789384798466926e-07
2.663507103761730832e-08
0.000000000000000000e+00
5.350617016119940672e-07
2.694654597235057736e-07
9.604713113731122576e-08
1.801396010137068515e-08
1.658783510549710627e-08
1.537698381071095355e-06
1.550297810126721743e-07
1.304997443440925053e-08
3.949387483714872360e-09
3.492951705652558303e-08
2.611961633647297276e-07
1.571885677176254603e-10
0.000000000000000000e+00
2.214746785966781317e-08
1.886916436433239141e-07
1.435062841892431607e-07
6.327938706363056554e-08
0.000000000000000000e+00
0.000000000000000000e+00
0.000000000000000000e+00
0.000000000000000000e+00
4.518089902205701947e-09
6.488184567388088908e-08
0.000000000000000000e+00
1.418779618234111695e-07
2.502047777852567378e-07
5.378839418312963971e-08
5.840769290443859063e-07
8.800307149670061335e-09
0.000000000000000000e+00
0.000000000000000000e+00
0.000000000000000000e+00
0.000000000000000000e+00
8.491977787628002261e-09
0.000000000000000000e+00
0.000000000000000000e+00
8.337172063832554159e-10
6.138990649162678892e-09
7.865990596656047273e-07
9.350764571536274161e-07
7.430181359069365499e-09
0.000000000000000000e+00
2.541868013850034913e-07
3.883583177266558550e-10
5.410206060929567684e-09
0.000000000000000000e+00
7.523623501981546724e-09
1.500839452717173117e-08
8.646292570801961119e-09
1.468598327392101055e-07
2.870755906769772992e-06
0.000000000000000000e+00
8.576042098695779714e-10
0.000000000000000000e+00
1.827483409044816653e-08
1.692597986411008976e-14
6.564391696883831173e-09
0.000000000000000000e+00
7.051053518836170042e-09
7.592871220651886688e-09
2.847648374881828204e-07
1.508034253028256444e-09
5.589533316197048407e-07
0.000000000000000000e+00
0.000000000000000000e+00
2.089184825138090673e-08
0.000000000000000000e+00
9.955626323332467109e-10
0.000000000000000000e+00
2.375557954792384407e-07
0.000000000000000000e+00
0.000000000000000000e+00
0.000000000000000000e+00
0.000000000000000000e+00
1.364448221075065248e-09
3.418968233526165079e-11
0.000000000000000000e+00
5.378575362868787124e-09
4.821270049859549545e-10
7.845874172573985561e-09
0.000000000000000000e+00
9.429783176528871991e-09
0.000000000000000000e+00
3.077899601855449419e-10
1.268361273787377286e-07
0.000000000000000000e+00
5.426879106686099963e-13
1.110737244403026125e-07
1.726951581737523611e-09
0.000000000000000000e+00
0.000000000000000000e+00
0.000000000000000000e+00
3.377415458416521687e-09
0.000000000000000000e+00
1.773893671952464501e-07
3.416592520011363376e-08
0.000000000000000000e+00
1.093895107828757318e-08
2.157216982823229046e-08
0.000000000000000000e+00
0.000000000000000000e+00
6.407277908238029340e-08
1.478864142256952618e-08
3.705773679030244239e-06
0.000000000000000000e+00
0.000000000000000000e+00
0.000000000000000000e+00
1.330159022927546175e-07
4.239551820717224473e-09
2.100047957753758965e-08
5.892929877404640138e-08
1.843119576960816630e-07
5.471109787436034821e-09
4.047268831186556781e-08
2.301347334920933463e-09
8.949899665822158568e-07
7.957734027286278433e-09
4.907103630102938041e-06
4.184278736829583067e-07
1.527860007399794995e-07
2.728389425499244680e-08
7.263844636895555595e-09
3.788142777239045245e-08
4.729384883717102639e-09
3.328805009417123983e-09
3.100967660429887474e-08
2.128313081328769840e-09
7.197782991852363921e-08
1.507122249222447863e-07
1.976645336299043265e-08
7.742304575231173658e-09
5.572726990976661909e-07
2.104641261269080132e-08
4.498486305237747729e-06
9.668106031313072890e-07
3.292964123602359905e-08
3.865104361011617584e-07
3.040853187030734261e-07
2.347913579114901950e-07
2.731767922981021002e-09
1.285165012632205617e-06
1.267252514480787795e-06
1.164871036962722428e-06
9.619088103818285163e-08
2.018483201027265750e-06
7.168480351538164541e-07
4.110727331863017753e-07
8.957197650261150557e-09
1.096909940656587423e-07
8.720431310393905733e-07
1.049033357958251145e-06
4.335938399435690371e-07
2.024838295255904086e-06
1.134035301220137626e-07
1.784354822120803874e-06
4.071278780770626327e-08
5.319261617842130363e-07
1.730762200224944536e-08
5.173346266929002013e-07
4.108741435970841849e-08
6.826564913353649899e-08
0.000000000000000000e+00
3.228648779440845829e-07
1.655647793086245656e-06
0.000000000000000000e+00
1.926368042859394336e-08
0.000000000000000000e+00
7.394971301977193434e-10
1.184206780635577161e-06
2.112131269882411289e-08
4.499802308544076368e-09
3.848072935852542287e-07
2.117697590620082337e-07
1.245070819777538418e-07
5.190696583667886443e-08
6.593510875063657295e-07
7.287584935511404183e-07
7.918217193036980461e-09
2.016523481529475248e-08
5.709369865769531316e-09
2.252413722203527868e-08
0.000000000000000000e+00
9.373812837054629199e-09
6.506024874397553504e-08
2.713749225335959636e-08
1.927314542626845650e-06
6.411704589481814764e-08
0.000000000000000000e+00
2.019329592428675824e-09
6.187987899863856001e-09
0.000000000000000000e+00
0.000000000000000000e+00
0.000000000000000000e+00
2.436560064822401728e-09
6.262098395382054150e-07
4.916984042147021228e-10
0.000000000000000000e+00
7.900835541363449011e-09
0.000000000000000000e+00
1.062016696806722393e-08
7.533520474112265219e-09
0.000000000000000000e+00
3.253865621388740692e-09
7.076184971310794936e-09
2.353638950403080798e-10
0.000000000000000000e+00
0.000000000000000000e+00
0.000000000000000000e+00
2.894229034211548424e-08
5.326774132896616720e-09
2.704670578168588690e-06
2.417041514490847476e-06
2.305104231936638826e-07
2.729244608090652946e-09
2.212991603300906718e-06
5.511854794804094126e-08
1.077976548913284205e-06
7.001884569035610184e-06
3.424906253712833859e-06
3.434870222918107174e-06
1.647450744712841697e-06
2.005421629291959107e-05
3.182240789101342671e-06
0.000000000000000000e+00
0.000000000000000000e+00
0.000000000000000000e+00
0.000000000000000000e+00
0.000000000000000000e+00
0.000000000000000000e+00
0.000000000000000000e+00
3.061193798448158532e-10
0.000000000000000000e+00
0.000000000000000000e+00
0.000000000000000000e+00
0.000000000000000000e+00
0.000000000000000000e+00
0.000000000000000000e+00
0.000000000000000000e+00
3.218266098059530123e-09
0.000000000000000000e+00
0.000000000000000000e+00
0.000000000000000000e+00
1.680208416843242958e-09
0.000000000000000000e+00
0.000000000000000000e+00
0.000000000000000000e+00
0.000000000000000000e+00
5.609245068427526348e-09
4.041734058546353481e-09
3.952139504548313198e-09
0.000000000000000000e+00
0.000000000000000000e+00
0.000000000000000000e+00
0.000000000000000000e+00
0.000000000000000000e+00
