9.191323897539405152e-07
1.698478968137351330e-06
3.476341987607156625e-07
3.963696599385002628e-06
6.270781227613042574e-09
1.473905922466656193e-05
1.065840297087561339e-05
4.042482544264203170e-07
1.263816011487506330e-05
4.691301455750362948e-06
1.339707864644879010e-06
3.626123316280427389e-06
2.597475941001903266e-06
2.215549329775967635e-06
9.818838861974654719e-07
2.977602207465679385e-06
7.436699434038018808e-07
2.617357040435308591e-06
9.479997231665038271e-08
1.969463664863724262e-05
4.040539806737797335e-06
2.093307330142124556e-06
5.156420684215845540e-06
2.666167119969031774e-06
6.478173304458323400e-07
2.006036766033503227e-06
3.541922296790289693e-06
6.673952157143503428e-06
3.319481038488447666e-05
8.478182280668988824e-06
3.145807113469345495e-06
1.284481277252780274e-05
5.750979653385002166e-06
8.346931281266734004e-06
1.580824027769267559e-05
9.045230399351567030e-06
7.443415142915910110e-06
2.090394445986021310e-05
3.892823315254645422e-06
1.916767359944060445e-06
1.957957829290535301e-05
1.406471028531086631e-06
1.619735257918364368e-06
9.781751941773109138e-06
8.091490599326789379e-06
4.054269993503112346e-06
6.321261935227084905e-06
2.656745664353366010e-06
2.601933374535292387e-06
2.389700739513500594e-07
4.649913080356782302e-06
2.096558318953611888e-06
3.324804765725275502e-06
1.274929218197939917e-06
1.007201171887572855e-05
3.188895334460539743e-06
1.899066319310804829e-06
9.826218274611164816e-07
1.426698986506380606e-06
4.080827409325138433e-07
2.589931500551756471e-05
1.784068786037096288e-06
1.761930093380215112e-06
3.931701485271332785e-06
9.688775207905564457e-06
2.272882738907355815e-06
2.328491791558917612e-05
1.390538909618044272e-05
6.361621672112960368e-06
2.625083425300545059e-06
5.696286734746536240e-06
1.579243416927056387e-06
1.037054880725918338e-05
7.222371095849666744e-06
3.866162387566873804e-06
1.237694746691886394e-08
1.248320813829195686e-06
3.858302079606801271e-06
5.232183752923447173e-07
2.574449581516091712e-06
8.088838512776419520e-06
3.639946953626349568e-05
1.878181137726642191e-05
2.999486014232388698e-06
3.048059625143650919e-06
6.464278612838825211e-06
4.527954388322541490e-06
1.828869130804378074e-06
2.667919261511997320e-06
3.139357659165398218e-06
2.541200956329703331e-06
3.160552660119719803e-05
9.468300959269981831e-06
6.281504738581134006e-07
2.184846380259841681e-06
1.354397591057932004e-05
7.221855867101112381e-06
3.022536020580446348e-06
1.482400080021761823e-06
1.862542740127537400e-05
9.950907951861154288e-06
5.195807534619234502e-05
1.923588115460006520e-06
3.181917463734862395e-06
2.905825112975435331e-06
5.065749519417295232e-06
1.970750872715143487e-06
9.948345905286259949e-06
7.518357051594648510e-06
9.580228379491018131e-07
2.007139073612052016e-06
1.977633928618161008e-06
5.359074748412240297e-06
1.163617980637354776e-05
3.950677864850149490e-07
9.921801620293990709e-07
4.814493877347558737e-06
2.933558562290272675e-06
2.722546469158260152e-06
8.124764462991151959e-06
3.514445779728703201e-06
6.851860234746709466e-06
2.334024429728742689e-06
1.080586571333697066e-06
9.423206961400865112e-07
2.479188879078719765e-06
7.215888899736455642e-07
4.199988268283050274e-07
1.146521026385016739e-05
3.708487028575291333e-08
1.052612333296565339e-05
8.815472028800286353e-06
7.600809112773276865e-06
8.419116056757047772e-06
4.010139946331037208e-06
