8.515809781783900689e-07
9.454667271313610399e-09
8.680842000785560231e-08
5.065622588062979048e-08
4.842156542395059660e-08
3.280643667835647648e-08
8.328043321625955286e-08
7.120070932842281763e-08
4.114768671570345759e-05
7.672416521553593327e-12
5.668905942002311349e-06
6.508945826766421305e-09
1.198755285258812364e-06
1.326195956607989501e-06
9.289147229196714761e-09
2.872372533602174371e-06
5.164855920725131000e-08
2.091375392865302274e-07
0.000000000000000000e+00
1.682976289885118604e-06
1.946341579659588428e-13
3.188620894434279762e-06
6.100991267743438584e-09
2.675919219541356142e-08
3.322893515900204875e-09
6.941868191390199172e-10
1.539482141765802226e-08
2.799309450907117025e-09
1.096785467780136969e-06
5.110049272616379312e-09
3.199448528334869479e-08
9.799636245588771999e-06
2.456380570947658271e-05
3.597756631279480644e-06
1.547535930512822233e-06
4.686708336976153078e-07
1.707371779957611579e-06
3.237256862576032290e-07
8.809226528683211654e-06
3.906659912900067866e-06
1.621336423340835609e-06
1.487895815444062464e-06
1.537981370347552001e-05
4.017312221549218521e-06
1.235523359355283901e-05
1.330075974692590535e-06
2.861256007236079313e-06
3.279076508988509886e-06
1.822632043513294775e-06
5.335855348675977439e-06
2.071052222163416445e-06
7.729361186648020521e-07
4.104278161776164779e-08
4.636223820853047073e-06
4.233017989463405684e-06
5.472150860441615805e-06
5.187013698559894692e-07
1.104763441617251374e-06
4.065030225319787860e-06
1.451877687941305339e-05
5.197944119572639465e-06
8.648999937577173114e-06
1.027705742728812766e-08
1.870704909379128367e-05
1.354391201857652050e-06
3.504182132019195706e-06
2.283749154230463319e-06
8.823382813716307282e-06
1.473880820412887260e-05
1.230263660545460880e-05
6.655417564616072923e-06
4.282273494027322158e-06
4.841525878873653710e-06
5.480551408254541457e-07
1.466660592086554971e-06
2.297719419175336952e-07
1.384929419145919383e-06
1.438061735825613141e-05
9.569454960001166910e-06
1.912262348469084827e-07
7.859877769078593701e-06
1.517232590231287759e-06
2.010826938203535974e-05
6.388512701960280538e-06
9.622124707675538957e-06
9.138298082689289004e-06
1.273814359592506662e-05
8.797914233582559973e-06
1.443778160137298983e-06
8.347697644239815418e-07
2.836736712197307497e-06
8.972618161351419985e-06
2.601189407869242132e-06
1.994036011865318869e-07
9.635673450247850269e-06
2.917361598520074040e-06
8.698990313860122114e-06
1.861572627603891306e-06
2.005291889872751199e-06
3.663958705146797001e-05
5.369139671529410407e-06
6.096310698922025040e-06
9.690090337244328111e-06
6.401914561138255522e-06
1.204140153276966885e-05
2.246593794552609324e-06
1.145087026088731363e-06
1.160602892014139798e-06
2.396380750724347308e-06
4.880882443103473634e-06
9.969523489417042583e-06
2.439024456180050038e-06
2.194950639022863470e-06
8.284903287858469412e-07
5.403357590694213286e-06
1.753928927428205498e-06
5.247338322078576311e-06
9.102361673285486177e-07
1.410566892445785925e-05
1.376286462573261815e-07
2.973354185087373480e-06
1.762903252711112145e-06
2.195497472712304443e-06
1.300267854276171420e-06
3.987843228969722986e-06
6.756833954568719491e-06
1.142610290116863325e-05
3.796807050093775615e-06
7.222892008940107189e-07
0.000000000000000000e+00
1.593612296346691437e-06
4.582757924254110549e-07
2.395384399278555065e-06
3.307953647890826687e-06
1.335171054961392656e-05
1.058126053976593539e-05
7.358965348203128087e-08
6.277251145547779743e-07
2.255760733760325820e-08
8.525295925210230052e-06
3.715353841471369378e-06
2.645507208853814518e-07
9.353724017557851766e-09
7.452432555510313250e-07
4.573705041366338264e-07
2.325899686184129678e-06
6.328646122710779309e-07
9.431948342353280168e-07
2.833264147739100736e-07
9.971031431632582098e-06
3.650506187113933265e-05
9.177032325169420801e-07
6.871021085430584208e-09
1.367735308122064453e-06
0.000000000000000000e+00
4.126519797864602879e-06
3.136560735583771020e-06
3.641114354469010550e-10
1.813252879401261453e-06
1.983854360787518090e-07
1.076873079597362448e-08
3.768646195112523856e-08
1.556467310592779540e-07
7.682490199556468724e-09
1.024106244251754561e-09
3.242836896788503509e-07
2.888538119805161841e-06
4.018878840827966314e-10
3.870488995971754775e-08
2.100409346894593909e-06
3.131646508336416446e-06
3.497232228255597875e-06
1.028723659146635327e-06
4.345000093053386081e-07
1.611761035746894777e-06
5.120413788972655311e-06
1.286969563807360828e-06
3.994421149400295690e-07
8.155715818247699644e-07
2.365941327298060060e-06
9.616471174922480714e-09
1.010212827168288641e-06
6.699797605591584215e-09
6.066714774988213321e-08
4.969557210188213503e-08
1.928392066474771127e-06
2.028338940363028087e-06
5.100757334730587900e-06
1.231677204671655090e-09
2.821590214807656594e-06
3.234555379094672389e-06
3.921048119082115591e-06
1.082798517515470849e-09
2.040260824287543073e-06
4.535863595833689033e-08
2.629958828492817702e-07
9.946730870069586672e-07
9.380652841173287015e-07
9.971457757274038158e-07
9.063095944839005824e-07
3.549128990698591224e-09
8.067725616456300486e-07
3.170784111716784537e-06
1.716737187962280586e-07
1.505322089201399649e-08
2.279833744012194074e-08
6.280084008380981686e-09
5.289812587960796009e-09
2.079376599795068614e-06
0.000000000000000000e+00
8.968098086370446254e-07
0.000000000000000000e+00
2.217131395809701644e-06
0.000000000000000000e+00
2.841044732804220985e-08
4.000567912498809164e-07
1.309256369985689616e-09
0.000000000000000000e+00
1.778620344339287840e-07
6.879200498133286601e-08
3.314604413162669516e-08
4.135796061177643423e-08
2.069922402370139025e-07
2.428537072773906402e-06
3.589291281969053671e-07
9.240689990974715329e-09
2.912049922088044696e-06
1.659494586192522547e-07
9.799517863839923848e-10
1.562043962621828541e-06
9.027160672303580213e-07
5.321480145425994124e-08
1.463423870973201701e-07
1.006156846727890297e-08
1.567854845951899279e-09
4.885907401330769062e-06
5.117036572244160197e-09
6.047991885083092711e-09
2.883861043301294558e-06
6.841546564828604460e-07
2.314554876647889614e-07
1.247535419679479674e-05
6.204658120623207651e-07
1.482364382354717236e-06
6.933768759154190775e-07
1.609638843547145370e-06
6.040335733814572450e-07
3.898913547573101823e-08
6.704080401931378219e-09
2.507723273481587967e-08
1.449700732791825430e-07
1.580493034225582960e-07
1.074171109394228552e-06
1.826312427510856651e-06
2.690895328782971774e-08
6.365564075849761139e-08
7.046142513900122140e-08
4.247217020747484639e-06
4.660288368540932424e-07
0.000000000000000000e+00
2.211587116107693873e-06
8.529950079605441715e-09
2.368321656831540167e-05
7.882882613330366439e-08
7.352363809332018718e-06
1.014925388176379784e-08
1.858571907487061026e-10
2.296889611841379519e-08
1.147505424015093922e-09
8.297492826159214019e-08
1.173386507957729918e-07
9.951091328730399255e-08
1.676405325667928992e-08
2.305794133405925095e-08
5.005496461762959370e-09
1.521365478041047936e-09
4.512056420935550705e-06
1.031513097160541292e-08
6.324113144273724174e-08
5.522556421055924147e-07
1.929153938817762537e-07
0.000000000000000000e+00
1.191480350826168433e-06
6.130384644364994529e-09
1.526432811260747258e-07
3.260351277845074947e-08
2.804208421025577991e-08
6.594444244001351763e-07
3.653003233239360270e-08
1.437077116861473769e-06
1.242903948650564416e-07
6.995553576416568831e-07
4.422511690194141920e-09
4.044712342832212926e-10
5.516661758520058356e-07
5.862600119144190103e-06
5.535610636542287466e-09
9.294901246903464198e-06
1.882589094748254865e-05
0.000000000000000000e+00
5.726692897667362558e-09
9.150251685241528321e-07
4.780038764806704421e-08
9.326565191258850973e-07
4.174065981743524389e-09
1.438055230451595889e-11
0.000000000000000000e+00
0.000000000000000000e+00
9.021428581945656333e-08
0.000000000000000000e+00
0.000000000000000000e+00
8.907500848032157137e-10
7.607099838935482694e-09
0.000000000000000000e+00
0.000000000000000000e+00
2.485324612777617403e-09
7.475143171120635088e-09
2.821607495206990279e-06
1.639605443415348418e-06
1.695843593552126549e-06
0.000000000000000000e+00
6.460668828367488459e-06
7.528350920438242611e-07
1.275044155590876471e-06
3.699906869769620243e-08
2.755046857316756359e-09
1.472989996642581900e-08
2.056721939425187884e-07
2.773771541342284763e-07
4.098908767957709642e-09
2.261949738624480233e-08
6.315894438557734247e-07
1.858337128624043544e-07
9.308214430348016322e-07
1.036847493196546566e-06
1.678932903814711608e-06
1.574469933984801173e-06
1.623829604113780078e-07
3.758873958759068046e-07
4.098288641785075015e-08
1.929075779116828926e-06
1.317056558036711067e-05
1.181502739200368524e-06
1.471968573696358362e-07
5.219757781560474541e-07
6.257714346702414332e-09
0.000000000000000000e+00
5.694154765478742775e-07
2.428716427971266967e-08
9.715321880321425851e-08
1.337025992143026087e-06
4.619898845703573897e-07
4.034000511410340550e-08
1.355335712105443235e-06
0.000000000000000000e+00
3.034988083072676091e-08
0.000000000000000000e+00
8.812502727550963755e-09
3.157832225042511709e-06
3.115988533863855992e-08
1.819715045314751478e-08
4.984424961662625719e-08
1.327478855728259077e-07
1.828859467423171736e-06
2.688609811229980551e-06
4.942549836073339975e-08
2.998803438458708115e-06
1.006351779686553982e-09
9.487571617228240939e-09
2.099641420727493824e-07
3.685488536575576290e-07
0.000000000000000000e+00
1.061763832410633768e-08
5.112529066764182062e-09
9.640400477906041488e-09
0.000000000000000000e+00
3.775539170192132588e-08
0.000000000000000000e+00
1.829947926523800561e-08
2.240978425049888756e-08
2.239228358291711629e-09
6.511896231131686363e-07
0.000000000000000000e+00
0.000000000000000000e+00
0.000000000000000000e+00
9.879538076518201706e-09
2.155607248255364539e-08
0.000000000000000000e+00
1.789872726476460230e-06
3.706915607804006640e-10
5.655822921113440316e-09
2.440232371725414851e-08
2.194338412664365023e-05
2.849370321200694889e-05
0.000000000000000000e+00
0.000000000000000000e+00
3.997251596388196049e-08
1.962643103592398575e-10
0.000000000000000000e+00
3.249992914788890630e-06
2.079513450325976009e-08
6.436558508404743861e-10
1.447940690013638232e-06
0.000000000000000000e+00
4.043980368351185462e-07
7.833590026651293670e-11
6.354343440762022510e-06
1.411864474221147248e-07
9.111878966905351263e-07
7.120296352525201655e-09
6.740110247704933499e-09
1.907276896417897660e-07
4.841105849529014904e-10
1.718827746799433953e-07
5.657017823068599682e-07
1.153795281538805284e-07
8.551628525310661644e-06
2.943018216683412902e-06
4.051443738717352971e-06
1.338439545861547231e-07
4.963057742557452912e-10
1.097243875847198069e-05
8.312972532564799621e-09
7.382716105119868644e-10
7.040070158836897463e-06
1.230292696163814981e-06
2.225466005256748758e-06
2.410394586149777751e-07
9.816947255103514181e-09
1.556223168108772370e-07
0.000000000000000000e+00
1.597991831658873707e-05
4.041724110948052839e-08
1.428618112697677134e-08
2.552498870045383228e-07
0.000000000000000000e+00
1.418459078195155598e-06
0.000000000000000000e+00
8.453642408312589396e-07
1.430404905633508861e-09
1.309330777132799994e-08
1.892809242676207759e-09
0.000000000000000000e+00
0.000000000000000000e+00
0.000000000000000000e+00
4.655806851161514714e-09
1.172279384675789515e-09
0.000000000000000000e+00
9.165166375169064850e-06
4.481901783037756104e-07
6.567987043126777280e-07
7.371539822997874580e-07
0.000000000000000000e+00
2.019855926960190118e-08
0.000000000000000000e+00
2.968532530900347410e-09
1.307092878377602574e-09
1.346222688880516216e-07
1.043895281327422708e-08
1.223272931838437216e-07
2.820816469295550633e-09
2.441345969828034868e-08
7.298489812512798380e-09
6.312473033176502213e-07
0.000000000000000000e+00
1.568770002791097795e-09
9.354816654649766861e-08
9.522746040602214634e-07
7.840687317184347194e-07
0.000000000000000000e+00
0.000000000000000000e+00
0.000000000000000000e+00
7.310188454567878580e-09
0.000000000000000000e+00
0.000000000000000000e+00
1.808936787028869730e-07
0.000000000000000000e+00
0.000000000000000000e+00
1.501245918689164682e-07
0.000000000000000000e+00
0.000000000000000000e+00
0.000000000000000000e+00
7.079525232711603167e-08
0.000000000000000000e+00
0.000000000000000000e+00
0.000000000000000000e+00
2.492609496584918816e-08
2.491315154173889823e-09
1.196875473397085443e-06
0.000000000000000000e+00
0.000000000000000000e+00
1.077252509418258342e-08
0.000000000000000000e+00
3.964051753513331278e-09
2.796344631406100234e-07
5.034378887103230227e-07
1.725316423062395188e-08
3.454947261616325704e-07
4.777759272656112444e-07
2.503800500264219409e-10
0.000000000000000000e+00
2.616606934680021368e-06
6.430602716989142209e-10
0.000000000000000000e+00
2.166372192746734981e-09
3.250589088565902784e-06
2.782878816276479483e-09
4.627705718629471221e-10
7.678474744921004458e-09
0.000000000000000000e+00
9.548151069793675561e-08
0.000000000000000000e+00
1.053669151929170766e-07
7.870860230241305544e-08
1.299404743804188911e-07
6.111398306529736146e-06
2.518549308661022224e-06
4.315429791290625872e-09
9.602460693258763058e-08
9.984661346607026644e-07
7.288173264896613546e-08
1.271016344617237337e-06
1.839410579407285695e-08
7.713973459999579063e-09
3.205047249821291189e-08
1.017328395391814411e-05
2.280456556036369875e-06
5.099323185930870750e-09
5.916825251972568367e-09
1.773960889295267407e-08
2.902634605561615899e-06
5.207560604958416661e-08
3.227949463280310738e-09
1.466739547595352633e-07
3.325936177134281024e-06
2.132953653699587449e-07
7.383116784609455863e-09
1.232287427654910061e-08
6.856625933693294428e-09
1.699433369140024297e-06
1.258411543858528603e-06
1.357196737217236659e-07
1.196496128841317841e-07
4.542723530676084920e-08
9.233939408659352921e-07
3.945420758100226521e-06
6.626457320635381620e-07
1.819934425384417409e-07
1.685360075498465449e-06
9.381270871244851151e-09
1.711482511268513917e-08
9.643456877483913559e-08
1.169175476434247685e-07
1.551865898363757879e-05
3.290838179736965685e-08
7.363855274888919666e-06
1.397151322635181714e-06
9.730779311212245375e-07
5.241864187155442778e-08
1.580855268912273459e-07
8.609492141431474010e-08
2.795159659285673115e-08
8.948734944169700611e-07
0.000000000000000000e+00
2.637757916090777144e-06
5.520366830324974217e-09
1.835198645494529046e-06
8.121450179032763117e-08
0.000000000000000000e+00
2.487726136202184080e-10
8.667139894669162459e-08
1.049569164024433121e-06
0.000000000000000000e+00
7.761165043973505817e-09
0.000000000000000000e+00
4.274128606596150348e-09
0.000000000000000000e+00
4.198127123711259401e-10
0.000000000000000000e+00
0.000000000000000000e+00
0.000000000000000000e+00
2.481519686625688337e-06
0.000000000000000000e+00
9.473091608924733009e-07
6.859998125108290878e-10
0.000000000000000000e+00
1.400758176117733456e-09
9.983951798631096608e-08
1.214069844657217345e-09
8.886679836450639414e-08
1.304955077330305357e-07
9.339482076597960258e-09
0.000000000000000000e+00
2.909223155711515574e-07
0.000000000000000000e+00
1.607865215191850439e-06
0.000000000000000000e+00
0.000000000000000000e+00
0.000000000000000000e+00
1.329336782873724587e-07
0.000000000000000000e+00
9.846416043624017789e-11
1.944771843565007430e-10
2.898697726294585664e-09
1.506532612438604701e-06
0.000000000000000000e+00
1.412638681586031453e-07
0.000000000000000000e+00
0.000000000000000000e+00
1.719372812658548355e-05
6.458486154770071153e-07
2.409427395377861103e-07
9.116382670981693082e-07
0.000000000000000000e+00
2.195414054995126207e-07
6.134557306580745717e-10
9.555017186357872561e-07
6.927735967110493220e-07
0.000000000000000000e+00
0.000000000000000000e+00
0.000000000000000000e+00
9.021586322432995075e-08
5.471374464605105459e-08
9.964224112479769246e-09
0.000000000000000000e+00
2.918737029844464814e-09
0.000000000000000000e+00
1.047773778850569215e-08
1.085662802324804943e-06
3.186424457624070783e-09
3.941998159007198410e-07
1.794811481659053243e-07
6.300075483522959985e-07
6.192046875241885573e-10
3.467455371719552204e-07
0.000000000000000000e+00
3.086068067759129008e-09
0.000000000000000000e+00
0.000000000000000000e+00
0.000000000000000000e+00
2.407603005849523470e-06
3.716741048265248537e-06
0.000000000000000000e+00
2.212302696591450513e-08
5.330667462999372219e-09
1.038141704157169443e-06
1.679371166574128438e-06
1.348336695627949666e-06
3.045354901587415952e-07
1.209558586623415977e-08
7.392785827953218813e-10
1.387126769003543814e-08
5.305172745551089974e-09
1.733574094942014199e-06
3.597723363668592356e-08
7.117960387770239095e-11
6.485659120869513572e-09
4.811275175597984344e-06
2.555527680669911206e-05
4.057089775244548946e-09
1.351408407401777367e-08
8.892818925687606679e-08
1.198780637423624285e-06
1.804612281830486609e-08
2.880338101363122405e-08
1.653803451517887879e-06
2.147450661738048439e-09
3.040109731955453753e-06
3.548871291059185751e-06
4.090231087161555479e-08
1.475967259523258690e-08
1.693179456196958199e-06
1.016954342958342750e-07
2.373736691652084119e-07
2.539466095186071470e-06
1.284296047288080445e-08
5.169241923397294158e-09
4.747791990666883066e-06
8.219628866434902648e-10
7.715096899119089358e-07
7.269371167240024079e-07
3.971369011424030759e-08
5.696445555258833338e-07
0.000000000000000000e+00
1.070226129940010651e-08
3.611032752814935520e-07
8.081249447400296049e-09
9.760044861195638077e-08
1.639349136439705035e-07
0.000000000000000000e+00
5.352280396664355067e-08
1.632772779203151003e-07
1.208739490721200127e-07
2.072401583674832182e-09
0.000000000000000000e+00
0.000000000000000000e+00
0.000000000000000000e+00
0.000000000000000000e+00
0.000000000000000000e+00
1.002387772786050846e-08
7.638470411741593580e-11
6.472323232920018654e-10
2.683332889219514072e-09
5.369521272058364048e-09
0.000000000000000000e+00
6.035606237020374465e-09
4.445663392971255234e-09
1.662837263438632363e-07
5.072331532574025914e-08
5.925083996771718375e-07
2.658607058947382029e-07
4.700185343153862050e-07
1.977502073202686006e-08
9.981250492785420647e-09
1.107540903433346102e-08
1.239256107510300353e-06
0.000000000000000000e+00
0.000000000000000000e+00
3.043803928903798806e-07
2.338405380442054593e-08
3.777209794941782661e-11
2.091931516901013310e-09
0.000000000000000000e+00
3.217132871213834733e-08
8.265008233365733759e-09
0.000000000000000000e+00
4.926365093638196413e-09
0.000000000000000000e+00
3.883791777070655371e-08
0.000000000000000000e+00
0.000000000000000000e+00
1.379199310314049853e-09
9.835682490688668622e-09
0.000000000000000000e+00
4.138562417210778221e-06
1.062142551688793901e-08
9.398163136609127832e-09
1.109267827814619523e-06
1.527162396541825728e-08
0.000000000000000000e+00
0.000000000000000000e+00
1.190320952915158159e-09
0.000000000000000000e+00
0.000000000000000000e+00
0.000000000000000000e+00
0.000000000000000000e+00
0.000000000000000000e+00
0.000000000000000000e+00
2.364808260324480216e-08
0.000000000000000000e+00
2.447275626593636844e-08
7.785994071696222818e-09
7.457708051106237690e-08
0.000000000000000000e+00
1.832112572763833214e-09
7.740403457079381155e-11
1.776554540811048355e-06
0.000000000000000000e+00
2.464054489337286213e-07
0.000000000000000000e+00
8.855934083840111271e-07
2.104732175212120637e-06
1.561214213463557599e-10
1.465074839224200787e-09
5.613311486740713008e-07
0.000000000000000000e+00
1.988095688076896295e-09
9.764136166268144734e-09
3.751600363699481022e-09
5.878000752801426643e-09
3.683861393710685661e-08
2.624327422040551028e-08
4.946429932317641942e-09
1.193370962937478907e-06
1.314293172072211746e-06
6.964086196603602730e-09
1.834201498240872752e-06
1.523156640814704588e-07
2.335441422474104911e-07
1.448745251764194109e-06
1.936961666615388822e-07
1.230237785421195440e-06
1.622538192691536096e-08
4.450786491361213848e-06
2.433881491015199572e-06
2.026068386840051971e-06
8.379905125366349239e-07
3.895016931210193434e-08
2.355749302296317182e-06
4.716880255273281364e-07
9.342570592707488686e-07
3.599048170599417062e-08
2.517199426677052543e-08
4.757351490525252302e-08
2.856219680325011723e-06
1.491819574539476889e-07
1.663322905187669676e-06
8.203708603105042130e-06
1.670532689956871764e-08
0.000000000000000000e+00
3.178308460860534979e-08
4.519270987657364458e-06
1.322005687143246178e-06
1.491446521839634443e-09
1.286838937630818691e-07
0.000000000000000000e+00
6.121923856738931136e-09
0.000000000000000000e+00
3.100432133251729283e-10
7.668468526844662847e-09
4.008410030564846238e-07
0.000000000000000000e+00
0.000000000000000000e+00
1.089378517948880187e-10
6.014223430383935920e-08
4.566255711324629374e-07
0.000000000000000000e+00
0.000000000000000000e+00
3.857913100091536762e-09
9.291263869393162622e-10
0.000000000000000000e+00
7.577998784036310553e-10
0.000000000000000000e+00
1.937203997215419804e-08
1.434483909434902671e-08
1.296964646790854658e-09
9.472668871524092538e-09
4.045263235497031928e-09
0.000000000000000000e+00
0.000000000000000000e+00
3.816802518485928886e-07
1.703965466504087090e-07
2.424809242285164146e-09
5.376552962843561545e-07
1.921330152754308074e-07
1.753504790258375579e-07
1.258662531838927734e-11
4.604666870022811054e-09
1.241052483003102225e-09
5.529590563213560017e-09
5.246754142262943788e-09
3.045029188797343522e-07
5.622871412924723700e-07
2.951429678432759829e-07
2.239636032186353987e-08
0.000000000000000000e+00
0.000000000000000000e+00
0.000000000000000000e+00
3.196027664742473462e-09
1.333160781769038294e-08
1.594878824562329100e-07
3.700753126167910523e-08
0.000000000000000000e+00
2.446658520227629197e-08
6.411204456213681624e-09
6.751654346714985877e-09
6.328872537153529265e-09
4.158671629284071969e-09
0.000000000000000000e+00
8.394571260339489527e-09
0.000000000000000000e+00
0.000000000000000000e+00
0.000000000000000000e+00
0.000000000000000000e+00
9.743744477930249559e-09
0.000000000000000000e+00
4.610600967680511530e-08
2.789703785310848616e-06
4.753517259814543650e-07
0.000000000000000000e+00
0.000000000000000000e+00
0.000000000000000000e+00
3.481645249880926940e-10
5.097691713196184082e-10
6.323017487375182100e-08
3.562212896213168278e-06
0.000000000000000000e+00
1.024848472752637463e-07
0.000000000000000000e+00
1.373009927974067068e-09
5.497323041225854467e-09
3.386114997283584671e-07
1.907626723252064949e-09
3.718116090567491483e-07
2.664820328845962649e-07
1.878900093288393691e-06
4.352470114099560305e-06
7.886492170428027748e-08
3.823082295184576651e-09
2.199548987391608534e-08
1.788963857052294770e-07
1.250945160791161470e-07
1.345961095466918778e-06
6.869898356853809673e-07
9.497052033680120076e-09
4.783601639246626291e-07
1.632089463576846811e-09
5.960263251836295240e-07
2.756982198093282932e-08
3.318108454664070450e-08
1.879070850918651558e-06
2.748032102317665704e-06
4.340514010436891112e-07
3.001265895363758318e-06
6.526566949105472304e-07
1.905652311506855767e-06
4.137823861327660779e-09
4.301165972719900310e-06
8.921476890577650920e-09
1.023512368192314170e-06
7.916206072877685074e-07
1.177876697511237580e-06
1.638246338586668571e-08
1.821085561459767632e-06
4.594373876898316666e-06
3.069681895340181654e-07
0.000000000000000000e+00
9.895578614305122755e-07
5.178740707378892694e-07
5.680227786797331646e-06
2.039875425907666795e-06
3.909586876460480198e-09
2.135518798240809701e-06
3.845605363039794611e-07
7.297198401090554398e-10
2.090789479325394495e-07
0.000000000000000000e+00
4.838587130961968796e-08
2.247246000397495891e-10
1.420942794538859744e-06
1.161905274216223916e-07
3.610308052515165400e-09
0.000000000000000000e+00
0.000000000000000000e+00
0.000000000000000000e+00
1.532859394970387257e-09
1.688620443474064814e-08
0.000000000000000000e+00
6.927477480545007893e-10
2.453653114020681869e-10
2.252966879723317106e-08
7.231142831187753472e-07
0.000000000000000000e+00
2.930961962022138323e-08
2.625317963023121592e-09
1.310251906971870994e-09
0.000000000000000000e+00
2.423298361975412263e-08
1.041863484374516702e-07
2.119527131583254231e-08
3.537688586519038836e-09
0.000000000000000000e+00
6.101113285694736987e-07
2.014334921085492169e-09
0.000000000000000000e+00
5.404730245572864078e-07
2.483092065297398676e-10
2.665320630867995533e-09
0.000000000000000000e+00
0.000000000000000000e+00
4.980299592866055391e-12
1.939326210731451283e-08
0.000000000000000000e+00
1.067076524918775249e-07
2.302149937349895481e-07
2.768060447522202594e-08
5.283740392769686878e-06
2.739795490924734622e-06
0.000000000000000000e+00
3.810280020388745470e-07
5.656263510900316760e-07
0.000000000000000000e+00
4.284972376922269177e-09
1.702726071250992845e-09
0.000000000000000000e+00
3.846500340465297541e-10
9.719862248402932892e-09
5.783520862223667791e-08
0.000000000000000000e+00
8.440951937416230066e-09
2.462418933646404184e-06
1.279296224510062530e-08
0.000000000000000000e+00
0.000000000000000000e+00
0.000000000000000000e+00
0.000000000000000000e+00
6.769777769477514084e-07
1.159330409450376465e-08
3.440830509404690929e-09
0.000000000000000000e+00
3.611608434539448353e-08
1.486494038971386544e-09
0.000000000000000000e+00
6.961104759284353349e-07
6.565885612985766784e-10
0.000000000000000000e+00
0.000000000000000000e+00
0.000000000000000000e+00
0.000000000000000000e+00
0.000000000000000000e+00
1.205716671393020079e-06
5.281809212220878180e-09
0.000000000000000000e+00
1.073048228050765829e-08
0.000000000000000000e+00
5.681384696032409920e-09
0.000000000000000000e+00
7.779715360811678693e-08
0.000000000000000000e+00
1.681541572651212846e-09
4.095090488931418804e-09
0.000000000000000000e+00
2.935839571449605501e-09
4.241136863925021316e-08
0.000000000000000000e+00
2.644598299031408750e-12
1.365331740998954047e-06
2.998263880726881325e-06
0.000000000000000000e+00
9.515161281115069869e-08
4.292113331416658184e-08
0.000000000000000000e+00
4.629256409316440113e-07
3.002107575866830302e-07
0.000000000000000000e+00
1.185334554065775592e-06
4.927006358457219903e-08
5.481908704751958794e-09
5.224250116953044198e-07
2.827551952577778138e-07
1.829249356433138018e-07
3.069004037570266519e-07
1.535099158900266048e-08
5.432948668726567121e-08
6.064866830968185241e-09
1.662918748479569331e-06
4.877909631773036381e-08
4.704310185843496583e-07
1.489436840529378969e-06
1.323724241331092344e-08
9.094627273498190334e-09
3.980277938353538048e-07
9.648510967963375151e-07
1.400564375586554888e-08
2.172278357193135889e-08
2.124796765201608650e-07
8.269493889656587271e-08
3.865533315661195957e-08
4.392328634139630594e-08
1.405683680566482963e-09
3.155089189021964557e-06
8.782135410001501441e-07
3.198233855528087588e-08
5.927651272941147909e-06
4.439487213403481292e-07
3.554974341568595264e-07
9.283201052312506363e-08
2.717822189524099485e-09
9.267384193378802593e-09
2.744422715750260977e-07
3.276809081853571115e-07
0.000000000000000000e+00
1.423204707862169016e-06
2.651303843137498006e-09
0.000000000000000000e+00
9.011045243312310049e-09
1.707604155853914563e-07
9.238333986694158284e-10
9.944563998942612670e-07
2.567142928455723450e-06
1.187854468298610300e-05
3.730444575467117829e-08
5.479986686651727723e-09
1.425976137170437141e-08
1.223273073946984368e-07
0.000000000000000000e+00
0.000000000000000000e+00
0.000000000000000000e+00
1.067349444383580703e-07
4.651494123208976816e-08
1.562532048193787659e-10
1.297203403721747250e-11
0.000000000000000000e+00
0.000000000000000000e+00
3.465600002527935430e-07
9.353359198271959940e-10
0.000000000000000000e+00
3.812501869759898909e-09
0.000000000000000000e+00
7.051331518681536181e-09
4.594970448579260847e-08
0.000000000000000000e+00
4.003469111779622835e-09
0.000000000000000000e+00
0.000000000000000000e+00
0.000000000000000000e+00
1.156807982738428109e-09
1.155932571883511173e-09
0.000000000000000000e+00
4.188313198483228916e-07
5.095006083699615829e-10
3.009192255376547109e-07
1.454259518141043372e-06
4.200397807352374002e-09
6.264477270256918473e-10
0.000000000000000000e+00
8.653931615754117956e-08
4.843529133324864233e-09
3.201813000928283026e-13
0.000000000000000000e+00
1.867119570064801337e-09
3.001584047979122261e-07
2.469145332639754997e-09
3.357033762085848139e-09
1.027202358727663523e-07
1.399944338231762231e-08
2.090463567583356053e-06
9.612137752412763803e-09
0.000000000000000000e+00
1.101958133631342207e-07
0.000000000000000000e+00
0.000000000000000000e+00
2.228762063793965353e-09
0.000000000000000000e+00
0.000000000000000000e+00
9.393419375669509463e-09
0.000000000000000000e+00
0.000000000000000000e+00
0.000000000000000000e+00
0.000000000000000000e+00
4.708261087671417044e-07
2.506777946109650657e-06
0.000000000000000000e+00
1.175200647907104212e-08
4.411552456673462075e-09
2.950695545678172493e-07
1.599120480477722595e-08
9.204015896102646366e-07
3.195792430688015884e-08
9.251422738998371642e-08
1.112107597123213054e-07
5.287537305775913410e-07
1.644856695293128723e-07
6.675160868496732292e-09
0.000000000000000000e+00
0.000000000000000000e+00
0.000000000000000000e+00
0.000000000000000000e+00
0.000000000000000000e+00
4.160767019811828504e-08
0.000000000000000000e+00
2.997226602019509301e-06
2.085254469097463925e-10
6.043143230272107758e-08
9.140382895012066911e-11
1.606079786142800003e-05
9.336930162362477859e-08
3.870483396894996986e-06
9.183586513472619117e-08
4.892782179410914978e-09
2.124055669128210866e-07
3.169885465226229826e-09
2.911461738364096163e-09
8.322317626152653247e-07
2.255228991998592392e-06
1.760618175694617094e-07
4.242507145590934670e-08
2.237973717456043232e-08
1.684517343392144539e-07
3.096842574046299035e-11
4.458653108940779930e-07
8.235088898800313473e-06
6.005808295128645113e-09
1.231289161296444945e-06
3.726240205281783346e-09
4.950283027937985025e-07
2.638177420521969907e-06
6.790866109440685250e-07
2.963426197766239056e-07
8.795541930339823011e-07
1.681004668796504120e-09
4.430850708558864426e-07
5.542118231005588314e-08
6.829314447287515577e-09
4.545201548467048269e-09
9.416117663363365864e-09
7.879819463596504647e-09
1.098515213016071357e-06
2.243565631943056360e-06
3.008019180961163386e-11
2.725130116232321598e-06
2.661579463769658815e-11
1.971667273892308003e-07
3.708589702000608668e-08
2.917234667165757855e-07
0.000000000000000000e+00
6.678028086071208236e-08
1.453730646971962415e-08
3.297745365671289619e-07
1.069278265930506677e-08
1.577128316831988286e-09
6.167214738894699622e-09
6.654524931093419582e-09
5.015207534597720951e-06
1.020102113891141471e-09
1.857385001358125010e-08
1.343135750175861176e-06
0.000000000000000000e+00
2.032370957749662921e-06
6.751927372761201696e-08
9.723017058149707736e-09
4.377443296732508315e-09
1.665660276373159832e-09
4.111128859562995785e-08
3.393079737179505173e-07
8.619425173606032331e-09
5.821826576379862672e-08
0.000000000000000000e+00
0.000000000000000000e+00
0.000000000000000000e+00
0.000000000000000000e+00
1.884271227936551441e-07
2.342439131552964682e-08
5.650596879291924779e-09
0.000000000000000000e+00
1.970744136770008481e-07
0.000000000000000000e+00
3.343395249544300896e-08
0.000000000000000000e+00
6.039563686499604955e-06
0.000000000000000000e+00
1.163206420073947811e-07
0.000000000000000000e+00
9.510043241789389867e-08
1.111580559154390357e-06
2.599458071017579641e-08
3.520984037663765776e-08
0.000000000000000000e+00
6.003131716170173604e-07
0.000000000000000000e+00
0.000000000000000000e+00
0.000000000000000000e+00
0.000000000000000000e+00
0.000000000000000000e+00
1.380182311550015584e-06
0.000000000000000000e+00
3.847709649562602863e-06
1.069006287934826105e-07
0.000000000000000000e+00
4.618541638023998530e-08
4.728802238673779357e-09
9.950470030162250623e-07
0.000000000000000000e+00
1.569802066114789341e-08
2.603978543902485399e-08
1.684956174585749977e-09
2.860374603841364660e-09
0.000000000000000000e+00
0.000000000000000000e+00
0.000000000000000000e+00
1.858391101450251881e-06
0.000000000000000000e+00
2.267946275225085628e-09
1.193651684161523008e-07
0.000000000000000000e+00
0.000000000000000000e+00
4.694928001924836281e-09
0.000000000000000000e+00
4.003884896519593894e-06
0.000000000000000000e+00
2.825165101860704908e-11
0.000000000000000000e+00
0.000000000000000000e+00
3.947094821127317132e-12
0.000000000000000000e+00
4.379438589552364647e-09
0.000000000000000000e+00
2.696417256142780161e-10
0.000000000000000000e+00
0.000000000000000000e+00
3.709231179982452886e-07
2.103436600009445101e-06
2.091955358940467136e-10
0.000000000000000000e+00
1.409433014742944579e-08
1.153319431068666745e-07
0.000000000000000000e+00
2.108996532967921667e-08
0.000000000000000000e+00
0.000000000000000000e+00
0.000000000000000000e+00
0.000000000000000000e+00
7.210643637733937794e-09
0.000000000000000000e+00
7.037650906482895152e-09
0.000000000000000000e+00
0.000000000000000000e+00
0.000000000000000000e+00
0.000000000000000000e+00
2.709070523465584301e-09
0.000000000000000000e+00
0.000000000000000000e+00
0.000000000000000000e+00
0.000000000000000000e+00
0.000000000000000000e+00
0.000000000000000000e+00
0.000000000000000000e+00
0.000000000000000000e+00
0.000000000000000000e+00
7.344114465873685660e-13
7.724265671527064114e-09
0.000000000000000000e+00
0.000000000000000000e+00
0.000000000000000000e+00
1.424844464636976227e-09
3.783053037498262938e-10
0.000000000000000000e+00
6.064563251584331738e-08
0.000000000000000000e+00
3.560445049899385594e-09
0.000000000000000000e+00
0.000000000000000000e+00
0.000000000000000000e+00
0.000000000000000000e+00
6.189953882795862228e-09
0.000000000000000000e+00
0.000000000000000000e+00
0.000000000000000000e+00
5.339183317687457020e-09
0.000000000000000000e+00
0.000000000000000000e+00
0.000000000000000000e+00
0.000000000000000000e+00
0.000000000000000000e+00
0.000000000000000000e+00
0.000000000000000000e+00
3.769494938410389295e-09
5.820551152169173292e-09
0.000000000000000000e+00
2.445140623308361683e-08
7.734013429683272989e-09
3.604005094359763461e-09
1.725278531150564731e-10
1.329782239878340988e-08
8.697606190821716154e-09
5.301820351633068640e-07
0.000000000000000000e+00
2.542419164086595629e-09
2.829354173172760056e-07
2.428533374398966771e-09
1.227805768166945199e-07
7.933861567721578467e-09
1.606228927641950577e-08
5.379620082734959396e-10
1.246998948545297026e-07
3.831335249060430215e-08
4.309139267633099735e-09
0.000000000000000000e+00
3.442313101231775363e-08
1.147974049153788201e-09
1.682467001273835194e-07
4.381624396643246655e-09
6.833723205090791453e-07
1.013797845672570475e-08
1.551441755509586073e-06
4.605165486282203346e-06
5.480391109813353978e-07
2.977344593091402203e-08
1.221501406689640135e-07
1.626121274966862984e-06
6.466824409301352716e-09
1.610631450432720158e-08
0.000000000000000000e+00
1.167745836028188933e-06
5.574832262489337609e-11
1.450569442340565729e-08
4.168049017039265891e-08
3.787457458770404628e-09
5.313423590003196750e-10
3.723126269505883101e-07
9.312907423009164631e-07
7.547048852529769647e-08
9.059584158421785105e-07
2.952834421421357547e-08
2.134397618647199124e-07
4.039207635031516475e-09
1.760719641197283636e-07
0.000000000000000000e+00
8.479030810804033536e-09
0.000000000000000000e+00
0.000000000000000000e+00
2.682000932452410780e-08
9.738726447494627791e-08
1.611393400935412501e-07
1.714414111120277084e-06
4.337097720963356551e-07
4.187723778859009371e-11
2.298872459505219012e-05
0.000000000000000000e+00
9.166012837624748499e-09
2.032967394427487307e-08
5.036491756982286461e-08
4.372454043277684832e-07
2.514761288097133729e-09
0.000000000000000000e+00
1.234261617355514318e-07
7.205564145351672778e-09
1.396977999945647753e-08
2.963421650292730192e-07
0.000000000000000000e+00
6.368905047793305130e-08
3.439556195417026174e-09
2.344356175854045432e-08
1.051751112868259952e-07
0.000000000000000000e+00
5.454480742628220469e-07
1.849402231357544224e-08
5.171737029741052538e-06
1.513605774050574837e-08
1.040598704094009008e-06
0.000000000000000000e+00
7.189798338913533371e-07
0.000000000000000000e+00
2.491859829589770925e-09
1.048028863692707091e-07
6.844684463658268214e-08
0.000000000000000000e+00
0.000000000000000000e+00
2.522093467405284173e-08
2.181923974831079249e-09
9.209000495502550621e-07
0.000000000000000000e+00
3.473940246578877122e-09
0.000000000000000000e+00
0.000000000000000000e+00
0.000000000000000000e+00
0.000000000000000000e+00
3.758033884082578879e-09
2.938113086159432896e-09
1.797727350094646681e-06
0.000000000000000000e+00
4.401841380285986816e-08
0.000000000000000000e+00
2.945087729244733055e-08
4.308530476837546530e-10
0.000000000000000000e+00
0.000000000000000000e+00
0.000000000000000000e+00
1.078733280479582390e-08
2.252474757824529661e-07
2.508227794351114426e-07
5.248133039259528232e-09
0.000000000000000000e+00
3.199434672751522157e-07
2.029599102115753340e-07
5.404560354804743838e-09
1.925696713200863996e-09
1.587987963347359255e-09
3.652312619006892191e-10
1.155372686412192706e-07
3.652009944454803758e-11
1.030119051392830443e-06
2.790176623079787532e-08
4.149198484793004127e-10
7.239433941208517354e-09
6.489588866287476776e-09
0.000000000000000000e+00
6.388903628362641030e-09
0.000000000000000000e+00
0.000000000000000000e+00
1.497171275843811600e-08
4.036648704186518444e-08
0.000000000000000000e+00
0.000000000000000000e+00
0.000000000000000000e+00
0.000000000000000000e+00
1.248588521463034340e-08
4.651100127261997841e-08
0.000000000000000000e+00
5.797557278697240690e-08
2.317026215337136819e-08
4.988909729775059532e-09
4.500151717934386397e-08
6.093469284706998224e-09
4.921995255813271797e-09
6.215297503331385087e-07
0.000000000000000000e+00
0.000000000000000000e+00
3.217554649381781928e-07
5.938249714176890848e-08
0.000000000000000000e+00
1.128811604189650097e-07
0.000000000000000000e+00
3.415669311834790278e-07
2.076356082625352428e-07
1.557370943316982448e-08
0.000000000000000000e+00
5.357051247045774289e-09
0.000000000000000000e+00
1.791881345525325742e-07
8.456288114189192129e-09
5.746320086430500851e-10
0.000000000000000000e+00
9.404349299302339205e-09
8.654865268908906728e-09
2.373425722623778711e-08
4.494484073802595958e-06
4.228465133593317660e-09
3.878887211428150295e-10
9.542722523292468395e-08
0.000000000000000000e+00
6.511791070806793869e-07
6.536508556642672829e-10
0.000000000000000000e+00
5.695059357435638958e-08
1.287557793716587184e-08
1.515711574029410258e-06
5.847355238897122831e-11
4.585686838254332542e-06
0.000000000000000000e+00
1.904904252114647534e-06
1.217482642479339461e-10
0.000000000000000000e+00
7.720368344621419965e-09
9.389084648647738618e-11
1.308692976209613335e-08
4.373943873758889822e-09
1.466986532250302844e-09
1.003133718313620193e-07
4.485245508334401165e-09
0.000000000000000000e+00
2.325730052987751151e-09
1.585206521603765850e-09
1.446448738562366998e-08
4.150826669047091855e-07
1.780509073512348550e-08
1.305010641772241797e-07
3.502993095594320039e-08
3.596100270897295559e-07
4.360180660967216681e-09
1.043590600602328777e-06
5.920202852394140791e-07
8.735354661837391177e-09
1.706440798443509266e-06
2.512934393905652541e-08
8.911360538377266494e-09
6.359339295158861205e-06
7.889702828833833337e-06
6.919379735847996926e-09
3.173387241872660525e-08
6.451340084367984673e-08
1.836557750323208893e-08
6.303715736066806130e-07
1.045174702341000739e-08
2.981630359499831684e-06
1.790338330920349108e-07
8.061287530836125370e-07
1.860836373879237726e-09
7.698073845041619734e-10
5.379781065073530044e-09
1.007230366667499766e-06
7.981030836212710255e-10
7.626838716134898277e-09
3.822666627684156992e-08
4.739828529665146561e-09
5.687780024743460672e-09
2.282713694512494840e-06
8.598553868921499088e-09
1.683788184436707525e-07
3.886195365510047850e-09
4.418139187833958204e-10
1.329439101027674042e-07
7.269169710610867696e-10
2.477934913258650340e-06
0.000000000000000000e+00
2.129280501916852586e-10
1.995506337948427245e-08
8.356344061155596137e-09
8.246100833275704645e-07
7.726173407718306407e-07
2.475296057014020334e-08
1.741076630423776805e-06
7.280092084727129986e-09
7.223636355746521076e-09
1.481715457885002252e-06
3.925930229797813809e-07
7.913491195665756095e-09
4.807493958480790752e-09
5.983207707060955727e-09
6.397785057288274402e-08
3.887071500230376842e-07
0.000000000000000000e+00
1.005114880214819095e-09
0.000000000000000000e+00
0.000000000000000000e+00
0.000000000000000000e+00
4.884973350272048265e-07
2.354688000139049109e-08
0.000000000000000000e+00
5.825374849166564672e-09
2.915746810661090649e-10
8.621447022960637696e-08
0.000000000000000000e+00
6.710336730719745901e-09
0.000000000000000000e+00
0.000000000000000000e+00
1.062674614971115261e-09
2.187999954827990479e-11
1.595003880083822878e-07
6.712955524790231721e-09
0.000000000000000000e+00
0.000000000000000000e+00
7.065084961510592620e-09
0.000000000000000000e+00
2.852569025435514050e-07
0.000000000000000000e+00
1.712204777959414059e-08
2.971609402990793569e-09
0.000000000000000000e+00
0.000000000000000000e+00
0.000000000000000000e+00
0.000000000000000000e+00
0.000000000000000000e+00
3.093071354598464495e-09
3.203118048578090793e-10
0.000000000000000000e+00
6.584413902999131096e-09
1.682191097529539547e-08
0.000000000000000000e+00
1.332208370286025456e-07
4.780000006920914757e-11
6.306621447293991878e-09
1.034229768492878065e-07
3.817806515371557907e-08
6.275560338053765008e-08
1.420566775323095499e-07
4.715403179034183268e-09
0.000000000000000000e+00
5.181867823722541289e-09
4.184866497780603822e-07
6.556614948749484029e-07
1.825385282927527442e-07
5.890901633165412932e-08
4.315838353363687929e-08
0.000000000000000000e+00
8.140184490912361071e-07
0.000000000000000000e+00
8.694018838184547349e-09
1.046260749149041658e-07
2.081978465184874949e-07
5.822706228286733676e-08
5.374297895599511321e-09
9.259921163184969828e-10
0.000000000000000000e+00
0.000000000000000000e+00
2.841048001300805481e-07
0.000000000000000000e+00
3.525435232631934923e-08
1.320429873885586858e-05
4.530221087151176107e-09
0.000000000000000000e+00
3.613793353451910662e-07
0.000000000000000000e+00
2.594144461909309030e-06
7.368382171080156695e-08
3.319075049523778631e-12
0.000000000000000000e+00
0.000000000000000000e+00
0.000000000000000000e+00
8.457914368875663058e-09
9.264640166151139056e-10
1.943111449520529277e-09
3.262281778049214154e-09
1.449303340450569522e-06
2.489329062882461585e-06
3.209108312418607056e-09
2.802469811769014996e-09
0.000000000000000000e+00
0.000000000000000000e+00
0.000000000000000000e+00
8.850685517813872139e-09
0.000000000000000000e+00
8.459266620519656499e-11
2.763770767799655914e-09
1.328606913375551812e-07
2.138031902632064885e-07
3.319287245062696456e-08
1.583947124572659959e-07
4.886134163939459540e-09
1.405297189194243401e-05
5.356512389198542223e-08
9.880196216727199499e-08
3.022407497610402061e-07
4.676334356190636754e-06
2.491194450726652576e-08
0.000000000000000000e+00
1.614217921996896621e-06
1.186846702694310807e-06
2.511615662115218583e-07
2.433217218822392169e-07
2.234534157707912527e-08
1.068418509220236956e-08
1.097624213741710264e-08
1.292704610023065470e-08
1.084015366359381005e-06
2.495187700901624339e-08
4.744468995454553806e-08
1.050182518724795955e-08
2.156552454835036770e-06
8.312164845314384820e-10
1.857430098617385283e-09
1.947111395728118310e-11
1.298570964536338579e-06
4.114043861136451596e-07
1.730438157210301142e-07
7.909955357376929896e-09
5.769418294221395627e-07
1.160284909929032438e-06
1.393238857616552195e-10
5.529329882847378030e-09
4.818719503418833483e-07
1.466645360714835533e-09
1.590898932590789627e-06
3.289781247417522536e-08
5.239468592321827600e-08
0.000000000000000000e+00
2.600089374027447775e-06
8.221952043641067576e-07
2.054451719857297576e-08
1.087152696754856152e-07
2.859342318473068190e-09
1.988280429188193921e-09
3.881753585233127524e-08
1.025212092997662694e-08
1.013543471373168359e-08
1.580689534819157416e-08
6.128624274737148880e-09
8.891384482012654189e-07
1.268698035516990785e-08
6.401258634269879622e-09
1.528575467091286555e-06
0.000000000000000000e+00
5.801629843205091674e-09
0.000000000000000000e+00
0.000000000000000000e+00
3.839177153963646560e-08
8.543778307057436905e-08
4.043541057541233386e-09
4.670095776759808359e-08
8.106002979957338539e-08
8.818898500351224357e-09
1.278040429042448523e-07
1.014526240794566547e-08
0.000000000000000000e+00
0.000000000000000000e+00
1.886803886463894742e-07
8.427404196709176176e-08
0.000000000000000000e+00
0.000000000000000000e+00
6.505360516939617810e-08
7.391063405748354853e-08
2.083802570496118278e-07
0.000000000000000000e+00
4.898797811847543926e-08
0.000000000000000000e+00
0.000000000000000000e+00
0.000000000000000000e+00
0.000000000000000000e+00
0.000000000000000000e+00
0.000000000000000000e+00
0.000000000000000000e+00
0.000000000000000000e+00
5.074937803328793962e-08
1.957839723676357835e-10
0.000000000000000000e+00
0.000000000000000000e+00
3.710250107147317067e-09
4.359769434358895523e-07
2.359737294455044321e-07
2.774723228959885546e-10
8.432505360644881875e-09
5.432195848698029295e-06
1.743833308864850551e-07
0.000000000000000000e+00
0.000000000000000000e+00
0.000000000000000000e+00
7.466269380529411137e-09
1.161646112635139616e-09
0.000000000000000000e+00
0.000000000000000000e+00
1.993310405623560655e-09
3.707270712638432997e-09
0.000000000000000000e+00
2.003069043965410856e-09
0.000000000000000000e+00
0.000000000000000000e+00
2.993500780590352406e-09
3.010230065214614115e-09
1.926322923395673570e-08
2.709358071228962217e-09
5.354843679583609628e-09
1.791188886102190736e-08
1.219855163062111281e-12
9.255451516310131410e-09
2.400493031018413603e-06
0.000000000000000000e+00
2.816648816406086553e-07
0.000000000000000000e+00
1.276701709684857633e-06
4.806421103134561612e-13
7.086103259723586234e-09
0.000000000000000000e+00
0.000000000000000000e+00
5.549259185499977320e-07
1.484957046216095478e-08
0.000000000000000000e+00
1.068455324215733526e-09
2.104205032438244416e-09
5.974522565566076082e-08
1.961360140967371990e-07
3.756632168006035499e-06
0.000000000000000000e+00
2.150697042679894366e-07
4.909902706629054592e-09
0.000000000000000000e+00
0.000000000000000000e+00
9.192616445830026350e-09
0.000000000000000000e+00
0.000000000000000000e+00
0.000000000000000000e+00
1.298772867031061651e-09
1.780512519644616987e-07
5.656807644527361845e-08
0.000000000000000000e+00
4.046468049523355148e-09
1.201291843777596569e-09
0.000000000000000000e+00
1.365653474749706220e-06
0.000000000000000000e+00
0.000000000000000000e+00
0.000000000000000000e+00
1.254317449905784088e-08
0.000000000000000000e+00
5.348887199829732708e-08
0.000000000000000000e+00
2.098490787605725161e-13
0.000000000000000000e+00
1.572215495571072097e-07
7.894166209609920770e-09
2.097951437463052571e-06
0.000000000000000000e+00
0.000000000000000000e+00
0.000000000000000000e+00
2.204937175065424526e-07
0.000000000000000000e+00
3.390301728245503909e-08
1.668807643072020563e-13
0.000000000000000000e+00
8.218382641089760909e-10
3.987897567725440240e-09
5.748039266784132906e-10
0.000000000000000000e+00
8.448706623198631860e-09
0.000000000000000000e+00
7.396781711577204987e-07
0.000000000000000000e+00
2.644810148666465466e-09
8.362409431583728292e-09
0.000000000000000000e+00
1.605625854494974192e-09
0.000000000000000000e+00
0.000000000000000000e+00
0.000000000000000000e+00
3.080040944514195189e-10
0.000000000000000000e+00
0.000000000000000000e+00
0.000000000000000000e+00
0.000000000000000000e+00
0.000000000000000000e+00
0.000000000000000000e+00
0.000000000000000000e+00
0.000000000000000000e+00
2.512935282084072242e-08
1.683106015670787770e-10
4.013845700256979399e-09
7.481242708662350083e-11
0.000000000000000000e+00
1.041869368556547215e-09
4.673210014516371302e-07
1.043793229626999164e-08
1.064167332032184277e-08
0.000000000000000000e+00
2.354869355070121628e-10
1.998205600983737895e-09
8.488554499308520462e-07
7.513151700777598307e-08
9.836166547927405190e-09
1.264210277440724894e-05
2.767460749453221069e-08
2.235760021562782640e-08
6.561973187046987732e-09
2.144542349924449809e-06
3.753436228493001181e-09
3.719648233868610987e-08
1.655183901050349959e-08
4.851297035202151164e-07
1.296748308732276200e-08
2.544186905595324788e-08
2.259338494070561865e-08
1.747076083802312496e-08
1.128929216065444052e-05
2.793959993141470477e-06
6.135013563834945671e-08
1.243493663594108511e-08
7.155043704187846743e-07
1.822244848881382495e-05
3.136653958790702745e-06
1.358452550448419061e-07
1.004323735287471209e-08
3.951692519876814913e-07
3.318730623647070388e-09
1.670823301935797645e-08
7.629867582181759644e-07
6.738806490602655686e-08
1.524048387491205858e-10
1.303154562037889264e-07
5.106024758561034105e-08
2.259319664688064222e-08
2.017477207516549242e-08
0.000000000000000000e+00
2.065079662827429274e-08
3.316660013297223486e-08
1.087820322709376342e-08
4.372972398414276540e-06
1.432283909252873855e-07
7.928651513111617533e-08
2.242408527308725752e-06
1.967420757864601910e-06
4.614138049419125309e-08
2.605984095183089266e-09
1.370864044503150581e-08
2.668277376827177250e-09
0.000000000000000000e+00
1.518747467343928292e-06
7.541555078205419704e-07
1.087488840312289540e-06
1.419003492486581308e-08
7.978031817401642911e-07
2.824566358583524561e-09
0.000000000000000000e+00
1.452038267402144811e-09
2.434122903238744584e-09
6.257445761548297014e-08
1.344455302643154937e-08
4.158693627687171102e-06
3.010312639162293635e-06
1.080908962336479817e-08
1.159331688427300833e-07
1.758841294829949220e-09
2.026442444957865519e-07
0.000000000000000000e+00
0.000000000000000000e+00
3.454132757596539705e-09
3.299663475786474010e-08
8.452770927647179633e-09
0.000000000000000000e+00
0.000000000000000000e+00
5.708939099235976755e-08
5.242918632575310767e-08
1.394536326415618532e-07
2.502396228010184132e-07
1.067630073237069155e-08
0.000000000000000000e+00
0.000000000000000000e+00
1.499452471909190621e-11
0.000000000000000000e+00
1.013858885734464366e-09
4.010838949852768565e-08
1.500858104463986820e-09
0.000000000000000000e+00
1.160541316380658827e-07
0.000000000000000000e+00
9.711088821973135055e-09
0.000000000000000000e+00
5.763084232057735790e-07
0.000000000000000000e+00
0.000000000000000000e+00
7.894866627111696289e-08
0.000000000000000000e+00
3.687994976075970044e-08
8.168831833188505698e-09
3.643742047643172555e-06
0.000000000000000000e+00
0.000000000000000000e+00
1.206104638384886130e-08
6.236062404241238255e-07
0.000000000000000000e+00
2.686003641727552349e-09
2.239193364061975444e-08
6.946259389906117576e-08
6.867590940373702324e-09
2.671556103450711817e-06
1.604401631993823685e-06
1.589931519774268054e-10
0.000000000000000000e+00
1.038378494300218335e-09
2.663997200613721361e-08
0.000000000000000000e+00
5.721223033106070943e-07
1.999055143642181065e-08
1.012516381848627134e-08
0.000000000000000000e+00
2.408901744743729978e-09
7.695884485237058925e-10
4.300344613739071065e-08
1.880519517882817127e-09
0.000000000000000000e+00
0.000000000000000000e+00
3.057439457165855856e-08
1.162958440659167536e-07
7.233146970264670017e-09
0.000000000000000000e+00
0.000000000000000000e+00
4.571449778723035706e-07
0.000000000000000000e+00
0.000000000000000000e+00
5.026271499702916756e-12
3.591413033632306906e-08
1.902677837506416836e-08
0.000000000000000000e+00
0.000000000000000000e+00
1.702896668120956747e-07
2.794724229815415129e-09
2.181546143731338816e-08
1.308891341977869160e-07
0.000000000000000000e+00
0.000000000000000000e+00
0.000000000000000000e+00
7.110572686208627147e-10
0.000000000000000000e+00
5.175041223992593586e-06
4.626414522590494016e-07
3.786418734108565332e-09
1.996298124140594155e-06
3.628524325449689059e-08
8.551064212269920972e-08
6.981377254078324768e-09
8.088778535864094010e-09
0.000000000000000000e+00
0.000000000000000000e+00
1.944851675261816126e-07
8.352790459298375936e-09
9.591309968470795866e-09
2.556070910486596404e-09
0.000000000000000000e+00
3.114314495178405195e-08
0.000000000000000000e+00
0.000000000000000000e+00
0.000000000000000000e+00
9.883039275848659599e-09
1.046237141366646028e-08
9.558304148171714587e-10
0.000000000000000000e+00
0.000000000000000000e+00
4.090922445243450056e-08
0.000000000000000000e+00
0.000000000000000000e+00
3.078447941007311783e-09
9.595207961510254790e-10
0.000000000000000000e+00
0.000000000000000000e+00
1.994763798585097447e-10
1.166679641784185151e-09
0.000000000000000000e+00
1.687699580088519724e-08
1.903369366118567996e-06
0.000000000000000000e+00
0.000000000000000000e+00
2.270260868186824155e-09
2.272261667712882627e-08
1.115026577735989122e-07
9.851999749344031443e-08
2.636795954913395690e-07
1.467926047382661636e-08
4.455789905932761030e-07
3.754085184937139275e-07
1.330114628217415884e-06
3.722982477860625750e-10
3.152229055558564141e-07
3.932047576427066815e-08
1.378136175844701938e-06
7.972507631848202436e-08
1.754235654516378418e-07
1.873502242233371362e-08
2.361877093903785862e-08
2.632165660543250851e-06
8.564385097997728735e-06
2.108132868272605265e-08
4.004041986860329416e-09
1.533118279439804610e-06
8.084119258455757517e-07
1.156764106724494923e-08
8.327297074117723241e-09
1.651625552767654881e-06
1.309916619618434197e-08
1.483383371692070796e-08
4.915059470533833519e-09
1.293105733601862539e-09
1.072466293550178307e-08
4.979089567314076703e-07
4.619777485004306072e-07
1.139105734182521701e-06
0.000000000000000000e+00
6.610398006756668110e-09
4.169821432586928722e-10
6.488841108875931241e-07
6.158896326269314159e-07
1.217840690515004098e-06
8.721962672098015901e-07
2.197001123249719967e-07
7.075367847164670820e-09
2.298253080901258016e-11
7.139414837098456701e-09
1.320616775046801195e-06
1.150717654496702380e-08
1.064227728164723885e-08
2.372899876590395252e-09
6.272004693386179497e-09
2.556869560521590756e-08
0.000000000000000000e+00
4.346964033175026998e-08
0.000000000000000000e+00
2.908511431698457272e-09
0.000000000000000000e+00
3.737076426091334724e-09
3.690704772907338338e-07
4.854387611885613296e-07
0.000000000000000000e+00
5.350308356355526485e-07
7.242617061642420140e-10
1.196345124299114104e-06
0.000000000000000000e+00
6.128891172352268768e-09
0.000000000000000000e+00
7.466630336239177268e-08
4.714030272905123109e-13
1.464000888518057764e-06
0.000000000000000000e+00
1.576474950581996382e-08
0.000000000000000000e+00
0.000000000000000000e+00
2.267813101752835792e-07
1.865610776974335749e-08
3.260040770669547783e-08
6.272765631365473382e-07
0.000000000000000000e+00
0.000000000000000000e+00
7.049073130760419303e-12
1.646126612797615962e-08
0.000000000000000000e+00
0.000000000000000000e+00
3.674752724336372012e-09
5.863590946120211811e-09
2.444902336140586385e-10
1.455711640119261574e-08
2.533712439856117271e-08
1.783121872378501394e-09
2.196034529333701357e-06
0.000000000000000000e+00
9.476549545084367310e-10
5.977144557078872822e-09
0.000000000000000000e+00
1.363296675549463544e-08
0.000000000000000000e+00
2.298534518274664151e-08
4.860840618903239374e-09
0.000000000000000000e+00
0.000000000000000000e+00
0.000000000000000000e+00
2.979375635092651464e-09
0.000000000000000000e+00
7.718298888903518673e-07
2.394070577338425210e-07
1.526684750841056371e-10
0.000000000000000000e+00
2.117156761016758537e-08
0.000000000000000000e+00
4.011195997577488015e-08
7.707920524069322710e-09
4.853618840172657656e-09
6.504970340159843545e-09
0.000000000000000000e+00
4.606990344768746581e-09
3.262063899001077516e-07
9.870726458416356763e-09
9.623411045822649612e-08
1.908244895432176236e-09
1.865993226601858623e-08
1.656144199557729735e-08
1.766971649885817897e-06
5.705878880490899974e-09
3.458616674834047444e-06
0.000000000000000000e+00
3.561182282396657683e-08
1.430759937193215592e-07
0.000000000000000000e+00
0.000000000000000000e+00
1.553318007552206836e-08
0.000000000000000000e+00
3.424226861170609482e-06
3.535196579917965209e-10
1.836647153807824395e-11
2.128277856172644533e-07
1.122031711986437585e-08
3.105451753526722314e-07
4.829428945640756865e-08
9.014526654027577024e-07
0.000000000000000000e+00
0.000000000000000000e+00
0.000000000000000000e+00
0.000000000000000000e+00
9.421267321840787190e-08
3.486924970985683103e-09
7.326135431640068418e-08
0.000000000000000000e+00
3.271899373658015975e-08
0.000000000000000000e+00
4.248662255346147276e-10
2.146715161188694765e-07
6.925185758177576645e-09
2.834799284201494629e-09
0.000000000000000000e+00
2.935087950461934270e-09
6.738136448802833911e-08
5.207164858805554686e-14
8.220716551932127913e-08
5.057066432279100354e-10
7.547455993517360184e-09
5.595540031322343566e-09
0.000000000000000000e+00
6.952024289574865179e-09
1.866189052179834107e-07
2.540616605983814225e-07
5.234024325062591743e-10
8.239756965622291318e-08
5.851878537299626259e-09
1.082575007416153312e-08
1.047071584991954296e-08
8.568255225327447988e-07
5.778522549348963366e-09
5.863519447757425951e-09
2.429189960295730089e-09
1.015751927013752720e-08
3.789263125497654983e-09
7.783288680229816237e-09
4.291589750238244960e-09
1.718718500853810838e-08
1.083444889360407615e-09
5.076421505378903021e-09
1.121181369967416686e-07
3.645325932666310109e-06
8.598512124535773182e-09
4.680489666952780681e-07
5.604756836419255706e-08
1.311913910839734854e-09
1.250327574808807185e-08
3.506997018121182919e-06
6.274363251179693179e-09
4.897012573223946674e-09
3.319834007697863854e-08
3.525333795550977811e-06
7.587058981073369068e-09
5.507270088855875656e-07
4.200057190928419004e-09
0.000000000000000000e+00
1.358795998385176063e-06
5.180534685678139795e-07
1.588592084544870886e-07
1.759142698176674457e-08
8.686174002292545993e-10
5.991713436515055946e-08
7.783840487718407530e-07
1.412623618080033339e-07
1.151256689979618386e-08
5.069435538018751686e-09
1.361581780656706542e-08
7.543408031551734894e-08
2.612582193251000717e-06
1.758039388732868247e-06
1.485440748183464166e-08
4.023940292086081172e-08
5.663228996866109810e-09
1.390231432196742389e-07
6.959434695197330711e-10
1.380551992724576849e-07
2.480539365024014842e-07
4.777130246935712421e-09
8.620648372925643343e-07
0.000000000000000000e+00
4.289747579377944930e-08
5.584378293121972092e-09
0.000000000000000000e+00
4.924132568362438178e-08
4.809770803859692023e-09
0.000000000000000000e+00
4.099228456677650456e-10
7.724784367724168987e-09
9.333587513538077474e-06
3.617170705183525570e-07
0.000000000000000000e+00
2.263929710366596737e-09
1.569110397170447868e-09
9.219792929116010782e-09
2.220621242443598931e-09
0.000000000000000000e+00
0.000000000000000000e+00
0.000000000000000000e+00
0.000000000000000000e+00
2.439835213863261743e-07
0.000000000000000000e+00
5.375693667986070068e-09
4.770998884850996546e-07
2.075653071642591385e-07
3.691242511649761582e-07
1.361099943864019224e-08
1.686519368604422198e-08
8.184651392184605356e-07
2.313069984438698157e-07
2.570089208120407420e-08
0.000000000000000000e+00
2.003317067789112116e-09
4.493073902267497033e-06
0.000000000000000000e+00
0.000000000000000000e+00
1.356050827183707952e-08
1.877104750747093931e-06
0.000000000000000000e+00
1.261796569451689720e-05
0.000000000000000000e+00
4.852484192241490746e-09
1.562545861588660046e-07
5.795815827269734655e-09
1.784092540368931168e-09
0.000000000000000000e+00
1.677908159081198392e-07
0.000000000000000000e+00
0.000000000000000000e+00
1.938163407544379879e-08
1.991523816968765459e-07
2.977053554786834866e-06
3.326945943626924418e-06
0.000000000000000000e+00
5.813415082656092636e-09
3.422535428398987278e-07
6.765448201662138672e-09
0.000000000000000000e+00
0.000000000000000000e+00
0.000000000000000000e+00
7.254311817916914151e-09
0.000000000000000000e+00
0.000000000000000000e+00
2.566904377943046711e-08
0.000000000000000000e+00
0.000000000000000000e+00
7.552928593668184476e-08
5.338843589441921722e-09
0.000000000000000000e+00
1.140559504619886866e-07
1.054764131938612515e-12
1.978773838118286221e-07
4.431583100483749149e-09
3.454120101054058978e-09
7.070177221457640826e-10
2.940093679626443191e-08
1.095260060424152471e-07
6.745289660159414780e-09
3.096680467606915954e-09
6.984124638620414771e-07
4.252919794112131058e-09
1.022774398506953730e-08
8.629664344228515915e-11
2.199308468675553740e-08
8.114393068581193802e-08
1.589154052794583549e-08
1.027164202582753205e-07
4.216144134261412546e-06
0.000000000000000000e+00
0.000000000000000000e+00
3.373360701885985691e-09
9.734741297506843694e-07
5.843536321492592833e-09
1.806135969673050568e-07
4.479744859509082744e-07
2.467085737090091158e-11
5.466900802275631577e-06
0.000000000000000000e+00
1.412647520737664308e-06
2.692964518047347156e-09
0.000000000000000000e+00
3.229012236261041835e-06
0.000000000000000000e+00
3.336245129048620583e-07
2.296395535950068734e-07
0.000000000000000000e+00
0.000000000000000000e+00
0.000000000000000000e+00
0.000000000000000000e+00
0.000000000000000000e+00
0.000000000000000000e+00
0.000000000000000000e+00
0.000000000000000000e+00
8.532361448487790767e-07
0.000000000000000000e+00
0.000000000000000000e+00
9.403750667047461320e-09
0.000000000000000000e+00
4.777236828346076436e-09
2.821341684583478227e-12
2.977255997294037115e-09
6.468630631140115383e-10
0.000000000000000000e+00
0.000000000000000000e+00
1.263814795038342709e-07
0.000000000000000000e+00
0.000000000000000000e+00
0.000000000000000000e+00
6.916514649901728262e-08
3.802794935836573131e-06
2.930013343060977604e-09
2.310420734938367637e-12
4.185067581374823931e-08
3.046805659323581494e-06
8.605356356383708771e-07
5.614893780148122460e-06
3.258140282014210243e-07
5.481440012999883038e-08
1.680909100798544387e-08
1.894049539430397999e-08
1.162250669040076900e-06
9.917676457860125083e-09
1.130766378309999709e-07
4.441363596341396658e-11
1.839966472516607610e-07
4.735998815341702084e-10
3.731981053078925470e-07
2.553290738560587414e-11
1.992950249274372254e-09
1.758179450916941278e-07
2.164619949951429589e-08
1.110979930274424987e-08
4.747538184801669559e-08
1.296197904565588033e-08
4.775413344759726897e-07
0.000000000000000000e+00
6.552367537437930878e-10
9.544523891236167401e-06
3.801229468081146479e-06
4.680813514568171740e-10
1.998434527195058763e-06
1.941305782793278922e-08
8.109392979349649977e-07
5.023639282342173829e-09
1.165656193791164696e-08
2.722408225963590667e-06
2.166537131989554332e-12
0.000000000000000000e+00
5.101900910631229635e-07
4.854209922910968089e-09
9.432639114237417743e-10
2.365451479136027046e-08
1.953038264446149697e-07
3.233552433812292293e-06
5.525424007224444267e-10
5.218934973072464345e-08
0.000000000000000000e+00
1.183830011797226689e-08
1.342854383246105954e-09
1.561781743930623634e-07
1.302525333812809549e-06
1.173756203343145899e-07
1.420075079749949509e-08
6.207777119016100187e-07
0.000000000000000000e+00
4.661599106725589081e-09
2.537520629175560316e-07
0.000000000000000000e+00
0.000000000000000000e+00
1.776382263507514381e-09
7.659122758241210249e-08
1.961062707778182812e-06
0.000000000000000000e+00
2.275960220288197888e-08
3.748465704500603124e-10
1.607244648482719640e-08
6.092913285016265945e-09
3.920400448720329223e-09
0.000000000000000000e+00
9.400472622544953083e-10
1.383653192021938594e-09
9.929196664870687528e-08
1.585134157267020782e-08
0.000000000000000000e+00
0.000000000000000000e+00
0.000000000000000000e+00
0.000000000000000000e+00
0.000000000000000000e+00
0.000000000000000000e+00
1.060401766395102641e-09
3.582015128955617911e-09
1.862560106147270744e-09
0.000000000000000000e+00
0.000000000000000000e+00
4.185855217997414002e-08
2.858831749108503573e-07
1.507099653408339179e-11
9.517566290639933868e-09
9.446147197778032023e-10
0.000000000000000000e+00
3.168565632094555440e-09
0.000000000000000000e+00
3.465678446445963345e-06
7.661776102452222403e-09
0.000000000000000000e+00
0.000000000000000000e+00
0.000000000000000000e+00
2.436164550090325065e-07
0.000000000000000000e+00
0.000000000000000000e+00
0.000000000000000000e+00
0.000000000000000000e+00
0.000000000000000000e+00
0.000000000000000000e+00
3.772240688704187050e-07
2.848052460535654973e-09
0.000000000000000000e+00
0.000000000000000000e+00
0.000000000000000000e+00
7.659473055809939979e-09
2.654720887562689313e-09
0.000000000000000000e+00
0.000000000000000000e+00
0.000000000000000000e+00
8.964374131892327568e-09
0.000000000000000000e+00
0.000000000000000000e+00
6.773689275501107443e-14
2.014341816902742721e-06
7.757275000130903209e-08
1.232360991032521724e-09
7.257114020831068046e-09
1.044513098236166115e-08
1.607283417470739550e-09
9.345314744280130981e-09
5.500311872630447851e-10
1.546590283396653831e-06
0.000000000000000000e+00
1.471658972462819293e-08
2.119613213835691568e-07
9.180801896491175285e-09
4.537838549367734231e-07
6.742753057287220742e-12
0.000000000000000000e+00
0.000000000000000000e+00
1.646383829267961119e-08
2.832297418819962331e-08
1.385766257300247162e-08
7.867954288087730674e-09
0.000000000000000000e+00
4.022538391268426494e-08
0.000000000000000000e+00
0.000000000000000000e+00
2.090888129302470588e-09
0.000000000000000000e+00
0.000000000000000000e+00
0.000000000000000000e+00
3.030742101728378657e-09
0.000000000000000000e+00
2.303709578654888901e-08
3.150006033791896698e-09
0.000000000000000000e+00
1.578762542919776024e-08
1.203147692585559980e-09
0.000000000000000000e+00
1.308804176147759790e-09
0.000000000000000000e+00
1.095440449461193566e-08
7.110545929833733680e-09
3.152667016337318273e-09
0.000000000000000000e+00
0.000000000000000000e+00
3.738381160189874208e-09
0.000000000000000000e+00
0.000000000000000000e+00
0.000000000000000000e+00
0.000000000000000000e+00
0.000000000000000000e+00
0.000000000000000000e+00
0.000000000000000000e+00
0.000000000000000000e+00
0.000000000000000000e+00
0.000000000000000000e+00
7.189852713196387413e-09
0.000000000000000000e+00
0.000000000000000000e+00
0.000000000000000000e+00
0.000000000000000000e+00
1.203055859377855086e-07
3.090036315711586212e-08
0.000000000000000000e+00
6.619046977185405467e-10
0.000000000000000000e+00
9.745438234176617698e-09
0.000000000000000000e+00
0.000000000000000000e+00
0.000000000000000000e+00
6.748245851007084184e-10
1.028267604397115065e-08
6.265005225714048720e-08
5.065757591182773467e-09
3.488744404478438810e-09
9.763544639440624451e-09
0.000000000000000000e+00
1.912266135370432885e-12
1.801899855990996002e-07
8.830387976388465177e-09
1.960376971865684936e-09
2.927786724171710375e-08
3.485562061200653261e-08
7.869651597047777614e-08
1.132492428723708144e-07
1.162393118647742085e-06
1.880547529253817629e-06
6.870831015248768381e-08
1.435028451624020818e-07
1.858860620984614798e-08
1.062211580915572995e-07
6.448473754971928429e-09
3.021554277893301332e-07
3.563684813912004756e-08
3.432132089642436767e-08
1.791241821536004863e-08
3.196762321522328421e-08
1.293102400268253405e-06
2.169362716131217894e-07
6.899953319816631847e-08
8.039000931603368372e-08
4.601368530643412669e-08
4.070157988422806739e-09
1.478882438732398441e-08
0.000000000000000000e+00
5.085126275616858038e-08
0.000000000000000000e+00
7.911705779406474903e-08
7.811808144797538489e-11
4.969780587060768084e-09
2.342816856071294751e-07
6.174957878357645313e-09
9.756045074027497321e-07
3.075814802855347807e-08
1.003493732554261442e-08
3.327577928757818881e-07
1.653942945267772302e-06
7.964657015691045672e-06
5.078575071593149914e-08
1.583534441351730493e-07
2.616819301692885347e-06
9.671606449046521448e-08
4.508425277549577004e-08
2.065445642074337229e-06
1.170564178920585618e-08
7.311552058242298813e-11
3.143527393945078074e-08
4.226883842939344049e-10
4.200582850444334326e-07
1.360294321628430225e-09
1.535412707198702265e-06
2.003730742217157967e-06
8.169092957643897535e-09
2.884880423437152785e-08
9.540822354381361947e-09
1.015198058951227722e-08
2.784124486510108909e-09
0.000000000000000000e+00
2.168087149811981362e-07
1.194277787774922217e-09
4.198192904425468441e-09
5.064162067469624162e-08
2.119862472227396211e-07
4.380845408658018414e-10
7.921267197730230691e-09
3.090896996127412422e-07
2.521928887944113740e-09
3.415258120753605908e-08
9.484806184900662629e-08
1.275648031651144265e-09
1.620025003035152622e-08
1.974803431892269145e-09
7.505443377908704861e-09
0.000000000000000000e+00
2.983389091326671405e-09
1.722859632735662672e-09
5.717407658423212524e-10
0.000000000000000000e+00
9.252880239785099548e-09
8.891596792182099307e-09
6.891457360325148329e-07
8.004908522707410157e-07
9.078348739421926439e-08
8.621068858793989875e-10
2.545388344543653147e-09
0.000000000000000000e+00
3.942840276494052887e-09
8.226679781841994554e-09
3.835331341406345018e-08
0.000000000000000000e+00
0.000000000000000000e+00
3.036108964238337649e-08
2.276478880958165973e-07
1.566516161233266757e-08
2.338279792013508995e-08
1.392917283737915568e-07
5.274777947761322139e-09
1.002986049769560850e-08
3.876321557072515134e-07
8.976935816917830380e-08
1.376040348333162910e-08
5.799361435521177555e-09
5.061456587185375611e-09
1.897359602764936426e-09
8.326732192642793962e-09
8.753850977427646285e-08
1.102431355093358434e-07
0.000000000000000000e+00
1.858707854296426376e-08
0.000000000000000000e+00
2.191108805504882184e-08
0.000000000000000000e+00
7.579554761605322710e-08
3.192313635658194926e-10
0.000000000000000000e+00
1.513892566862296007e-09
0.000000000000000000e+00
0.000000000000000000e+00
0.000000000000000000e+00
0.000000000000000000e+00
2.046538014610632672e-07
0.000000000000000000e+00
3.936545667215796129e-08
0.000000000000000000e+00
1.871316079871121474e-08
0.000000000000000000e+00
0.000000000000000000e+00
5.684068327127533848e-08
2.940508103677075269e-08
1.547787604749828461e-07
1.489986356517647437e-09
1.060138088426754166e-09
5.377626295655080213e-12
2.197401816061983482e-09
5.424182290880708024e-06
7.084040021254622843e-07
4.657461971646625898e-09
6.727523214067332447e-07
9.134468292870678852e-09
6.850560396731708579e-11
3.170922582285129465e-07
3.098535428236459666e-09
0.000000000000000000e+00
1.246151404288298181e-09
0.000000000000000000e+00
0.000000000000000000e+00
3.743596010963301524e-08
0.000000000000000000e+00
2.917775798749744354e-09
0.000000000000000000e+00
1.176783825940219685e-07
2.430947233733604662e-06
1.226859502878596686e-08
7.139064006622675151e-09
7.576742788728552114e-09
5.122807067436951911e-09
0.000000000000000000e+00
2.723786085567780901e-09
8.031864240365393925e-07
0.000000000000000000e+00
0.000000000000000000e+00
9.109152321329361257e-10
0.000000000000000000e+00
0.000000000000000000e+00
6.203084268463499029e-08
0.000000000000000000e+00
0.000000000000000000e+00
2.825679246143408818e-09
0.000000000000000000e+00
6.137457209121066626e-09
5.202962327643945173e-08
4.750803839215222979e-07
3.420688428693030581e-12
1.483567757532000542e-08
0.000000000000000000e+00
0.000000000000000000e+00
3.553412009082990153e-09
0.000000000000000000e+00
2.372313545606630214e-08
0.000000000000000000e+00
5.189592116039420944e-07
5.964748694964328024e-10
9.408715584413585020e-09
8.503851859131827950e-06
1.029283946962777918e-08
9.658891464425778395e-10
5.528805147037019196e-08
5.583206674764085164e-10
3.753595656519337354e-09
9.206889473034607363e-09
2.011241839738886483e-08
4.796715455390732075e-11
8.911871418604278006e-08
0.000000000000000000e+00
0.000000000000000000e+00
3.252893918670451967e-07
2.329587633909113720e-09
5.326512120262805183e-09
7.648146294059188222e-08
1.541560212814374609e-09
5.402893421546650643e-08
1.277120827580802143e-05
1.930423678686565836e-07
3.246319238314754330e-06
1.102633814298314974e-05
1.087744738725859861e-08
8.387454286662432423e-09
1.106686831064962462e-08
2.767398221692474181e-08
6.651733741591669968e-08
9.952323409834207268e-09
1.088610890320751423e-08
1.464000831674638903e-07
1.007422234522437066e-08
1.203074759814626304e-07
1.740339854450212442e-07
2.427089157208683901e-06
1.804303373376114905e-08
0.000000000000000000e+00
1.349524758609277342e-08
4.407655129767817925e-09
2.336459470342333589e-09
1.817297423656327737e-08
6.344713909811616759e-08
0.000000000000000000e+00
3.396820671963673988e-11
9.305440471507608891e-06
1.526672299689835199e-08
1.501680735316313076e-08
4.025620370384785929e-08
1.864701948406377596e-09
9.617409091333684046e-10
1.159662255112436924e-09
1.190584498544922099e-06
6.083815673463277562e-10
0.000000000000000000e+00
6.733608159947834793e-08
7.200087992487169686e-08
3.973603270424064249e-06
1.628832819733361248e-07
5.404905891737143975e-07
0.000000000000000000e+00
4.365482142443255498e-10
9.530288025416666642e-08
2.454280334518443851e-09
0.000000000000000000e+00
1.335945967184670735e-07
1.007252947715642222e-08
9.231754027894112369e-09
0.000000000000000000e+00
0.000000000000000000e+00
1.295461515837814659e-07
2.643969487792219297e-09
6.649501926858647494e-08
8.357330827379882976e-09
0.000000000000000000e+00
4.900854833067569416e-09
0.000000000000000000e+00
4.598275040734733921e-07
2.702976065194206967e-09
3.179835061928315554e-07
1.723075655490902136e-07
9.507961529209296714e-09
0.000000000000000000e+00
7.609340713088386110e-09
0.000000000000000000e+00
1.837040741747841821e-09
2.463104609162769520e-09
1.347653011407601298e-08
0.000000000000000000e+00
0.000000000000000000e+00
3.467073850238477917e-10
3.792203009944650205e-11
9.295978209422628424e-09
8.713663390835790779e-08
1.826586171205235587e-08
0.000000000000000000e+00
1.912793777592014521e-06
8.468997204913453203e-12
1.632717427924035292e-08
0.000000000000000000e+00
1.857251561432349263e-07
0.000000000000000000e+00
0.000000000000000000e+00
6.699257824038795661e-07
0.000000000000000000e+00
0.000000000000000000e+00
3.414921323496855621e-08
2.246756594104226679e-07
0.000000000000000000e+00
0.000000000000000000e+00
0.000000000000000000e+00
2.775706997582005897e-09
0.000000000000000000e+00
0.000000000000000000e+00
0.000000000000000000e+00
9.791713218021413923e-09
0.000000000000000000e+00
0.000000000000000000e+00
4.016425918962340802e-06
3.672119830433473453e-10
4.990319666831055656e-06
7.225144571521013859e-08
1.670980054768733680e-06
8.618123104042751947e-09
1.410103322996292263e-08
1.021547291202296037e-06
1.483587794837148977e-07
6.808380081935183625e-09
5.117548766975232866e-07
5.964668048363819253e-08
4.436636302784791042e-08
1.948350458746972436e-08
0.000000000000000000e+00
1.634751711776516458e-08
1.373585831743184826e-07
2.646587233812169870e-07
2.403900190017793648e-09
5.768004296413664633e-09
2.467218962465267396e-07
7.553924596948036196e-09
7.337715146604750771e-08
5.900196242691890802e-08
3.099847845078329556e-08
6.879098179979337147e-09
2.808675070298249921e-09
1.072693711634542524e-09
0.000000000000000000e+00
1.891813106169593084e-08
0.000000000000000000e+00
2.282158351185614720e-10
4.714799217708787182e-08
1.192737020261347425e-09
0.000000000000000000e+00
8.447865185168268454e-10
1.639629410021825606e-08
1.864994203515379922e-08
7.776684469718020409e-07
0.000000000000000000e+00
0.000000000000000000e+00
4.656386831669578896e-09
1.099558289752167184e-06
0.000000000000000000e+00
1.787531819612275807e-12
0.000000000000000000e+00
1.688370900865265867e-07
0.000000000000000000e+00
0.000000000000000000e+00
2.970700796467440341e-09
6.667514984570743763e-09
0.000000000000000000e+00
8.746640745016520668e-09
1.989231890320297680e-08
2.440085243235468049e-12
0.000000000000000000e+00
0.000000000000000000e+00
0.000000000000000000e+00
9.950918311574241670e-09
2.113243624535243725e-08
2.310374558334160611e-09
9.604842254873346974e-09
0.000000000000000000e+00
1.690426465472683049e-08
0.000000000000000000e+00
4.001962372601752804e-10
3.151078331598000659e-08
2.611195704105284676e-09
1.183874019261565991e-06
5.533062008566957957e-09
7.195869677900645911e-09
4.390032586343295407e-07
3.959251415608378011e-08
3.300967819086508825e-07
8.682811691862468706e-10
1.421819462166240555e-07
1.859944553928016830e-08
4.806370768051237974e-08
2.881777128038720548e-08
1.413453816212495440e-07
5.217802723223030625e-08
7.741659402427103487e-08
5.334597830142229213e-08
1.874868438278554095e-08
2.287474529794053524e-07
1.843855512717595957e-09
2.422833489390541217e-09
2.347405541058833478e-07
3.694547245913781808e-08
1.409598695545355440e-07
4.740470771480431722e-08
6.858197565406953800e-08
2.082840182993095368e-06
1.454248099719279708e-08
2.062652981749124592e-07
4.260073183104395866e-09
1.040601560475806764e-08
8.188203892700585129e-09
1.654836623288247210e-08
2.695969669730402529e-06
1.089027357181748812e-08
2.180619596003907645e-08
6.036407853571290616e-07
5.263260383081558302e-10
1.272978611410735539e-08
3.435153272945967728e-09
8.520468774975142878e-09
6.670038601441774517e-07
4.447412038643960841e-08
2.733692827661116098e-09
1.219303946697891661e-08
2.236162366386906797e-08
2.384355601847687467e-09
2.281076660892722430e-09
2.670920602743098726e-11
5.540773599932435900e-07
4.641500197521963855e-07
6.097340587984945159e-08
4.452653001862927340e-08
1.082033520560798934e-07
4.338839687534346012e-08
8.322012234884823556e-08
5.279523662693463848e-08
4.324164493141324783e-08
1.347137981611012947e-06
1.031310814525454589e-09
1.080630980254682072e-07
2.914513630436488256e-10
1.109952663114199822e-08
8.433770903870652091e-10
4.288258192985949790e-09
7.822335668095092842e-09
9.696750957743915933e-09
9.223525943014010409e-09
7.403519131088387439e-09
0.000000000000000000e+00
3.528274206132664403e-08
0.000000000000000000e+00
8.811067431224728352e-08
0.000000000000000000e+00
0.000000000000000000e+00
1.755994105678837514e-08
1.296866347644254347e-08
7.115930511503165690e-09
9.705155790129538218e-09
0.000000000000000000e+00
2.421504404992447235e-06
1.674032468201858137e-08
1.093193313650431264e-09
1.175448538504042517e-08
3.435137729823622976e-09
8.256395567229901644e-09
2.795408882150240970e-08
0.000000000000000000e+00
4.955166232889496314e-08
1.483293772253091447e-07
3.870424336582800606e-08
0.000000000000000000e+00
7.356638076494448342e-10
1.886118354832433397e-07
0.000000000000000000e+00
0.000000000000000000e+00
0.000000000000000000e+00
3.904301326684844753e-09
0.000000000000000000e+00
1.074610736395698041e-06
4.410866338844243728e-09
0.000000000000000000e+00
2.250776454104652657e-08
4.065521252982762235e-09
0.000000000000000000e+00
5.059126895190502182e-09
2.793132694023370277e-07
1.866596903710160404e-07
5.316797313525967184e-08
0.000000000000000000e+00
0.000000000000000000e+00
0.000000000000000000e+00
2.732662540694263953e-09
1.669009037641444593e-07
5.912216494152744417e-09
0.000000000000000000e+00
0.000000000000000000e+00
2.585524860876375897e-08
0.000000000000000000e+00
2.941692001101614551e-09
9.073152784644378244e-10
0.000000000000000000e+00
0.000000000000000000e+00
0.000000000000000000e+00
0.000000000000000000e+00
2.149685798258360592e-07
0.000000000000000000e+00
0.000000000000000000e+00
3.750803140301073313e-11
1.720203868238456835e-09
0.000000000000000000e+00
5.376921130562095641e-11
0.000000000000000000e+00
4.759396210474164945e-10
0.000000000000000000e+00
0.000000000000000000e+00
0.000000000000000000e+00
4.466269729164196178e-06
3.000391490814990902e-09
0.000000000000000000e+00
0.000000000000000000e+00
0.000000000000000000e+00
0.000000000000000000e+00
4.120245833405533631e-08
0.000000000000000000e+00
2.532854148640240055e-09
0.000000000000000000e+00
0.000000000000000000e+00
5.250357926200877046e-10
1.746966802329552593e-07
0.000000000000000000e+00
0.000000000000000000e+00
8.536297002592618810e-09
0.000000000000000000e+00
9.705357406630810146e-09
1.505486624253649097e-09
2.275147181762804394e-09
5.474973807650940216e-09
1.204272503940728711e-08
9.685133761649922235e-08
1.913068672365625389e-06
0.000000000000000000e+00
8.363975290137659613e-09
8.212729163403764687e-09
3.454535857372320606e-08
1.673784488787077862e-08
7.787151479199394544e-10
5.730794949698747587e-09
0.000000000000000000e+00
2.340220284224869829e-08
8.229432779671697062e-08
1.205433863837868103e-09
0.000000000000000000e+00
7.377732647029233704e-09
0.000000000000000000e+00
2.093677267112070695e-06
0.000000000000000000e+00
3.030301343187602470e-07
1.743892852346107247e-08
0.000000000000000000e+00
0.000000000000000000e+00
0.000000000000000000e+00
0.000000000000000000e+00
0.000000000000000000e+00
7.183834327406657394e-07
2.746890936933255034e-09
1.404260152604308587e-09
0.000000000000000000e+00
0.000000000000000000e+00
8.062561107635701774e-08
0.000000000000000000e+00
8.049065414184042311e-09
6.543648112256050808e-08
9.336633688405981957e-10
0.000000000000000000e+00
0.000000000000000000e+00
1.862719978262816767e-10
0.000000000000000000e+00
9.898006680941762170e-08
9.976401926792277663e-09
3.383206215179512810e-10
0.000000000000000000e+00
0.000000000000000000e+00
0.000000000000000000e+00
0.000000000000000000e+00
0.000000000000000000e+00
1.658348569577583476e-09
0.000000000000000000e+00
3.686908112143783001e-09
0.000000000000000000e+00
0.000000000000000000e+00
3.118652669442667502e-09
0.000000000000000000e+00
1.147498207565433859e-09
0.000000000000000000e+00
0.000000000000000000e+00
0.000000000000000000e+00
2.801638565586017648e-08
0.000000000000000000e+00
7.006854541025120398e-10
3.210127497155212950e-09
1.047080928628929541e-07
3.279023233493383316e-11
7.903472543091538682e-09
9.420909385937648040e-09
1.364918311708152032e-08
0.000000000000000000e+00
6.312343714398593875e-08
1.223291173219065442e-11
0.000000000000000000e+00
0.000000000000000000e+00
0.000000000000000000e+00
0.000000000000000000e+00
9.367403741578073095e-09
0.000000000000000000e+00
7.121157885592310777e-09
8.768880732645811804e-09
1.434222340890300984e-08
0.000000000000000000e+00
4.006704443781927694e-07
3.245895552339561618e-09
3.519346023495018017e-07
1.247489791467160103e-07
2.024793666066670994e-09
2.827889922230042430e-08
6.200707058923171644e-09
1.036068830728709145e-08
4.209451276437903289e-08
1.597439514000598137e-08
3.035515305782610085e-07
2.637863758536695968e-07
3.402023551757338282e-08
9.511095413472503424e-07
9.181748055198113434e-07
4.573782632633083267e-07
1.886960347974309116e-07
1.723756970495315954e-10
4.520853167377936188e-07
6.697536747424237547e-08
3.148377913930744398e-07
1.238208255927020218e-07
6.003858032954667578e-08
1.405261855325079523e-06
4.140040346101159230e-07
6.596480943699134514e-07
2.169235244764422532e-07
3.272114099672762677e-07
8.899042995835770853e-07
3.012594902429555077e-07
1.827802407206036150e-06
1.360673849148952286e-07
1.945772737599327229e-06
3.212924866602406837e-06
7.213189405774755869e-07
0.000000000000000000e+00
1.374549754018516978e-07
4.783222493642824702e-07
7.702430480094335508e-07
8.635809649604198057e-07
5.395427251642104238e-07
4.353830362902044726e-08
1.204043201141757891e-06
1.864866447931490256e-07
3.104667456454990315e-08
1.130697341977793258e-06
5.047605711183678068e-08
2.959263554203062085e-07
0.000000000000000000e+00
3.354736008986947127e-07
2.959687250836395833e-08
9.400849307894532103e-07
2.071946703097182763e-08
3.159385286721771990e-08
1.539819550089305267e-06
6.273358277297802488e-09
4.378877065391861834e-07
2.489198038801987423e-07
3.704861910591716878e-07
2.706650263917254051e-07
6.754085291049705120e-08
5.073968267765849305e-08
2.928014941616652322e-09
4.226238914384339296e-09
1.112610590325857629e-07
1.551196504578911117e-07
1.576779311562859220e-07
2.706856783163402724e-08
1.419273498726170146e-08
1.321801246234599603e-08
0.000000000000000000e+00
1.376808711484045489e-08
1.656470658417674713e-07
1.959743478607833822e-09
1.550674966210863204e-08
0.000000000000000000e+00
1.171986330206209459e-08
6.231643396858999040e-07
8.179785027095931582e-08
5.547165642383333761e-07
1.937305427190949558e-08
0.000000000000000000e+00
6.048553657933553040e-09
2.700782486542152583e-09
0.000000000000000000e+00
2.826554101886813442e-09
1.052445419702507934e-08
1.926357962034330740e-09
0.000000000000000000e+00
3.979547500421176665e-07
8.861468892007451359e-09
0.000000000000000000e+00
7.865002515927699278e-08
0.000000000000000000e+00
1.298509477720699579e-08
7.455348054463684093e-07
9.225831654191551934e-09
0.000000000000000000e+00
1.801354301278479397e-06
0.000000000000000000e+00
1.104167424159641087e-09
0.000000000000000000e+00
0.000000000000000000e+00
1.074320721272670198e-08
0.000000000000000000e+00
0.000000000000000000e+00
5.163751382042391924e-08
1.943789840197496233e-08
1.406825589356230921e-08
6.443970050895586610e-07
2.903066009807275805e-09
6.866323065679580395e-09
3.919524704798504899e-09
5.219231713482486157e-10
0.000000000000000000e+00
0.000000000000000000e+00
6.410501907083698825e-09
4.462743063982088643e-09
0.000000000000000000e+00
7.123399647923633893e-09
8.718663124795966723e-09
9.851717663877934683e-08
1.954682460336698568e-07
3.591969743865774944e-08
7.861921780261127424e-09
0.000000000000000000e+00
9.030547865052085399e-09
1.087361951590537501e-07
0.000000000000000000e+00
0.000000000000000000e+00
4.594010363234701799e-07
2.256681952417238790e-09
0.000000000000000000e+00
4.728684999122378940e-09
0.000000000000000000e+00
4.741784323414321989e-06
3.109216217822563522e-09
3.283987481950134679e-08
6.235515215280429402e-09
2.191200998424847057e-09
7.627808429333526874e-08
1.022387685623016296e-08
1.657174131253214000e-08
0.000000000000000000e+00
6.774708398438189505e-12
4.053552871141619107e-08
0.000000000000000000e+00
0.000000000000000000e+00
0.000000000000000000e+00
0.000000000000000000e+00
0.000000000000000000e+00
6.098390681330556617e-09
3.032164160054508228e-14
3.530973569088047270e-10
1.216197063058643835e-07
3.518333002716644842e-08
8.176217924926731939e-09
0.000000000000000000e+00
7.929306988785356225e-09
2.944717136799113177e-09
4.120947849628464610e-08
1.787337833292212963e-09
6.719173217817342447e-09
0.000000000000000000e+00
2.540165233710922621e-08
4.083592575199190833e-09
6.815954023409176443e-09
0.000000000000000000e+00
3.455389446793688535e-11
1.870829047234678910e-09
0.000000000000000000e+00
1.804477789413283517e-09
8.782254923289656290e-09
0.000000000000000000e+00
7.578177019240683876e-07
1.587665678925986867e-07
8.335627743605300566e-10
0.000000000000000000e+00
0.000000000000000000e+00
7.032880056101475930e-09
0.000000000000000000e+00
1.188444276323252780e-08
0.000000000000000000e+00
6.299281540833590043e-09
0.000000000000000000e+00
0.000000000000000000e+00
0.000000000000000000e+00
0.000000000000000000e+00
0.000000000000000000e+00
0.000000000000000000e+00
0.000000000000000000e+00
8.339827495262852608e-09
1.172291419493376452e-08
1.506215818736222900e-09
0.000000000000000000e+00
7.614155528301580489e-09
0.000000000000000000e+00
6.127187930360378232e-07
0.000000000000000000e+00
1.098884983008474592e-09
0.000000000000000000e+00
4.333424499236571137e-07
1.625494178369990550e-06
1.299743189520086162e-06
1.513296069788339082e-06
2.508409124857280403e-06
1.143333975051064044e-06
1.023680124490056187e-05
1.133768932959355880e-06
1.988459814583620755e-07
4.063106189278187230e-06
1.189833483294933103e-06
2.736732994890189730e-06
1.909216734929941595e-06
5.022810455557191744e-06
2.757365109573584050e-06
2.623161208248347975e-06
5.535979653359390795e-06
3.307078031866694801e-06
9.470084023632807657e-07
1.786812333648413187e-07
1.320140768257260788e-06
1.089072839022264816e-06
1.490767999712261371e-06
3.239105353713966906e-06
6.888720918141189031e-07
1.800135237317590509e-06
5.592214247229776447e-09
2.414620212221052498e-06
4.415509522459615255e-07
6.550989724019018468e-07
6.849833766864321660e-07
1.000776563842009637e-07
2.530043730075703934e-07
8.681787448949762620e-07
0.000000000000000000e+00
2.331403265998233110e-07
1.319571993008139543e-06
1.474020194791592075e-07
4.592940570091741392e-07
7.437787274966467521e-08
1.380118419547216035e-07
3.780828592425677925e-07
4.964912392324549728e-08
7.033337823258989374e-08
3.859159036778692098e-08
7.273264372997800820e-07
9.789366686163702980e-07
2.356448050022663665e-07
3.929271770175546408e-07
8.878390644895262085e-07
3.276401514540339122e-07
1.017891236188006587e-06
4.277573680155910552e-06
2.808338877002825029e-07
1.014209260574716609e-06
6.279113335949659813e-07
1.283036453969543800e-06
6.724695140292169526e-06
6.611439403059193864e-06
1.057240410773374606e-06
1.596669108039350249e-06
7.226583420560928062e-07
1.100583062907389831e-06
1.321188960901054088e-06
6.315854079730343074e-06
2.049029035333660431e-06
2.455093181197298691e-06
6.087537713028723374e-06
1.748437398418900557e-06
1.200187512040429283e-06
9.072387570085993502e-07
3.228342166039510630e-06
7.142930371628608555e-07
3.113609636784531176e-06
7.724030410827253945e-07
1.563468856602412416e-07
2.997570334173360607e-07
1.755855834062458598e-07
3.514091702072619228e-07
7.689946102118483395e-08
1.145197984442347661e-06
6.901929054947686382e-07
5.596281766884203535e-07
1.028435804073524196e-06
2.067623938728502253e-07
7.883341623937667464e-08
7.535880399700545240e-07
1.018784018924634438e-06
3.065289092774037272e-06
7.171976221798104234e-07
7.011535103629285004e-07
7.371038890369163710e-08
5.986052542539255228e-07
1.651642236311090528e-07
9.194963581649062689e-07
2.627764956741884816e-07
0.000000000000000000e+00
2.415071342909413943e-08
3.551176632754504681e-06
3.004139671247685328e-06
2.624188937261351384e-07
1.047347382154839579e-07
0.000000000000000000e+00
9.617527041427820222e-08
2.387721906416118145e-06
9.253407711184991058e-07
9.910970533155705198e-08
1.306986405325005762e-06
6.034093985363142565e-06
1.769364303072507028e-06
2.676921667443821207e-06
2.020970669036614709e-06
4.440140401129610837e-06
3.089856136284652166e-06
1.961858515642234124e-06
2.718971472859266214e-06
9.019332765092258342e-07
2.390863983237068169e-06
3.046193114641937427e-06
1.070197299668507185e-06
1.605556150252596126e-07
2.535516046009433921e-07
2.452092644489312079e-07
8.605625794189109001e-07
3.028167441243567737e-07
3.684184775920584798e-06
2.122335907017713907e-08
2.829176537488820031e-08
1.263439060039672768e-07
7.402229584840824828e-07
8.143568948071333580e-07
1.064173375198151916e-06
2.233905206594499759e-06
0.000000000000000000e+00
2.722415047173853964e-06
3.414069396967533976e-06
3.103675183524501335e-08
5.632360284835158382e-07
8.290411557254628860e-08
1.378380574124093982e-07
2.329852435423163115e-07
1.473688837627662451e-09
1.741889946060837246e-06
7.867968747632403392e-07
3.709525799422408454e-06
5.377600587053166237e-07
2.127301996779351612e-07
6.435731059184490732e-09
0.000000000000000000e+00
2.838545754002552712e-07
0.000000000000000000e+00
9.282536552746023517e-07
5.622878234134986997e-07
2.162174439490627265e-07
5.536061919997337100e-08
1.959591173772423645e-07
9.439260928445492027e-09
3.455972930055395409e-08
1.048708418238675222e-05
0.000000000000000000e+00
3.579118015295534860e-07
5.468514245876576751e-06
1.076940137068049808e-07
1.581549099682888482e-06
5.179613822292594705e-07
8.020660402507928666e-07
7.910834369795338716e-07
1.089833403966622427e-06
9.143390116150840186e-07
1.056705059454543516e-06
6.600731694561545737e-07
1.726145114844257478e-06
2.059526025277591543e-07
2.464261342538520694e-06
7.882840691308956593e-07
1.427670895282062702e-06
2.388435177635983564e-06
3.787690957324230112e-06
1.856988433246442582e-06
1.555501853545138147e-06
1.257388248632196337e-06
1.060435124600189738e-06
4.331402578827692196e-06
1.108578317143837921e-06
3.305455265945056453e-06
5.190616434447292704e-07
1.291613216380937956e-06
1.310019797529093921e-06
5.608143851532076951e-07
1.496234176556754392e-07
1.648876605031546205e-06
3.410051476748776622e-06
6.437797992475680076e-07
2.416330744381411932e-06
2.241205123709733016e-07
1.448417037863691803e-06
6.249350690268329345e-07
2.357327048230217770e-06
6.685185098831425421e-07
5.962250071434027632e-08
7.498017566831549630e-07
1.956068217623396777e-06
2.208675340398258413e-07
2.416139182059851009e-07
4.107063432456925511e-06
5.974955996634889743e-08
1.405831540068902541e-07
0.000000000000000000e+00
2.447070812650053995e-07
8.074580932770913932e-07
3.704640903379186057e-06
9.025796998685109429e-08
7.847141318961803336e-07
0.000000000000000000e+00
1.296240537129733639e-08
9.685736301889846800e-08
1.005301175638351197e-08
0.000000000000000000e+00
6.351365300361067057e-08
1.939879894052864984e-06
0.000000000000000000e+00
9.508325682361373765e-09
0.000000000000000000e+00
0.000000000000000000e+00
0.000000000000000000e+00
0.000000000000000000e+00
0.000000000000000000e+00
3.311312113396525092e-09
1.959845349119859748e-06
7.051391914814075790e-09
0.000000000000000000e+00
1.773242274794029072e-06
1.173817281596711837e-06
2.554835418777656741e-06
1.413454242538136896e-06
1.449559022148605436e-06
3.509481075525400229e-06
4.647060904972022399e-06
1.797928689484251663e-06
1.969414370250888169e-06
1.015178099805780221e-06
7.787002118675445672e-07
4.934853677696082741e-06
1.026824861583008897e-06
1.767058620316674933e-06
3.263633630012918729e-07
4.380626421607303200e-07
2.013115896204453747e-08
1.016499595607456286e-06
2.036795194726437330e-06
5.455237328533257823e-07
1.362510374747216702e-06
9.136417247646022588e-06
1.703956286291941069e-06
4.467106862193759298e-08
1.766163251204488915e-07
4.456312581169186160e-06
1.440480218661832623e-06
2.144530071745975874e-06
2.825726710398157593e-07
2.271576022394583561e-06
3.326589137486735126e-08
3.006247652592719533e-06
3.074202822972438298e-06
5.854849973729869816e-07
6.908027785357262474e-07
9.599294571671634912e-06
5.750860054831719026e-07
1.346150952485913876e-06
2.697831007480999688e-07
4.745185222532199987e-08
1.951599870153586380e-06
1.130319219555531163e-06
3.497563056953367777e-07
1.394426334400122869e-07
4.152941528445808217e-07
1.218670053759751681e-08
0.000000000000000000e+00
2.858941350325494568e-08
4.527447799773653969e-06
5.139875725035381038e-07
4.897466396869276650e-07
5.597956587166663667e-08
0.000000000000000000e+00
0.000000000000000000e+00
0.000000000000000000e+00
4.464219500732724555e-07
4.149450978729873896e-05
8.326092029165010899e-06
8.947066589826135896e-07
2.648989720910321921e-06
1.500870780546392780e-06
5.112850885780062526e-06
4.327478393406636314e-07
3.631404979387298226e-06
9.570389920554589480e-07
1.817964289330120664e-06
2.923073225247208029e-06
9.772865269042085856e-06
1.505633662191030453e-07
4.112975773296057014e-07
1.110260313907929230e-06
5.706875754185603000e-07
6.171113682285067625e-07
9.265526728086115327e-07
4.860560693487059325e-06
1.486053633925621398e-06
8.567769782530376688e-07
2.829275729254732141e-07
1.534665670988033526e-06
1.860423594735038932e-06
0.000000000000000000e+00
9.452398330722644459e-08
3.187924448866397142e-06
5.194787604523298796e-07
3.202021758852424682e-08
1.979330363610642962e-06
1.910258617954241345e-07
3.529236778376798611e-07
3.042301344180486922e-08
1.623565026420692448e-06
1.666623177243309328e-07
1.969032837223494425e-06
0.000000000000000000e+00
2.002686414925847203e-06
6.754267189990059705e-08
0.000000000000000000e+00
4.573706064547877759e-06
1.155812924480414949e-06
1.007155901788792107e-06
2.627792383691485156e-08
1.515891426606685854e-06
7.719597405753120256e-09
4.097623218513035681e-08
0.000000000000000000e+00
3.388141067262040451e-06
5.834184321429347619e-06
1.133965838562289719e-06
4.003772460237087216e-07
2.012944833040819503e-06
2.731975200731540099e-06
1.686609493845026009e-06
4.902542059426195920e-06
4.039553004986373708e-06
1.467706510993593838e-06
1.728026290948037058e-06
2.467336344125214964e-06
4.964811978425132111e-06
2.508356828911928460e-06
1.318172394348948728e-06
6.355241453093185555e-07
1.970806579265627079e-06
0.000000000000000000e+00
8.356151681709889090e-08
1.877287286333739758e-05
0.000000000000000000e+00
2.306499118276406080e-05
3.754865076643909561e-07
4.107025688426801935e-07
3.364487497492518742e-07
0.000000000000000000e+00
0.000000000000000000e+00
0.000000000000000000e+00
0.000000000000000000e+00
0.000000000000000000e+00
1.355316783246962586e-07
0.000000000000000000e+00
1.602133750111534027e-07
0.000000000000000000e+00
3.440420641709351912e-07
7.983695695656933822e-07
5.112491407999186777e-07
4.175909452897030860e-06
7.684860179324459750e-07
7.639362564759721863e-08
0.000000000000000000e+00
3.302878681665788463e-08
4.481187829696864355e-07
2.003621602852945216e-06
0.000000000000000000e+00
1.148471255874028429e-06
3.258034197983761260e-08
2.763286147455801256e-06
0.000000000000000000e+00
0.000000000000000000e+00
0.000000000000000000e+00
6.737322109984233975e-06
2.984949787787627429e-06
1.869758079919847660e-06
2.309662022526026703e-06
7.284971275112184230e-07
0.000000000000000000e+00
0.000000000000000000e+00
3.783511601795908064e-06
0.000000000000000000e+00
2.473126414770376869e-07
0.000000000000000000e+00
1.355721757079209056e-08
0.000000000000000000e+00
0.000000000000000000e+00
7.817622645234223455e-06
0.000000000000000000e+00
0.000000000000000000e+00
1.902901658468181267e-06
0.000000000000000000e+00
1.898528807942057028e-06
0.000000000000000000e+00
0.000000000000000000e+00
0.000000000000000000e+00
0.000000000000000000e+00
0.000000000000000000e+00
0.000000000000000000e+00
0.000000000000000000e+00
0.000000000000000000e+00
0.000000000000000000e+00
0.000000000000000000e+00
0.000000000000000000e+00
0.000000000000000000e+00
0.000000000000000000e+00
0.000000000000000000e+00
0.000000000000000000e+00
0.000000000000000000e+00
2.772684859486673759e-10
0.000000000000000000e+00
6.066143498628662201e-08
0.000000000000000000e+00
0.000000000000000000e+00
0.000000000000000000e+00
0.000000000000000000e+00
0.000000000000000000e+00
4.043233303718807292e-09
0.000000000000000000e+00
0.000000000000000000e+00
0.000000000000000000e+00
0.000000000000000000e+00
0.000000000000000000e+00
0.000000000000000000e+00
4.040235168645267549e-08
1.197502479044487700e-05
