1.236237721968791448e-06
5.724968943354724615e-08
5.237700406723888591e-06
6.009925346006639302e-05
2.390726876910775900e-06
3.262230166001245379e-06
8.222717042372096330e-06
1.233567309100180864e-05
3.157172841383726336e-06
3.782481144298799336e-06
6.458724897129286546e-07
6.169965445224079303e-07
1.054831864166771993e-05
1.930377220560330898e-05
2.774851509457221255e-06
7.914522029750514776e-06
9.304602826887276024e-06
1.123478909903496969e-06
2.628931270010070875e-06
2.182878915846231394e-06
1.636726119613740593e-05
4.841594545723637566e-06
3.069972365210560383e-07
8.778850315138697624e-06
1.247255386260803789e-05
4.263977643859107047e-06
2.448283112244098447e-06
2.386921369179617614e-05
5.280869572743540630e-06
2.041012749032233842e-06
1.328795133304083720e-05
9.029928150994237512e-06
5.239600795903243124e-06
1.062726641976041719e-05
6.361003215715754777e-06
2.557804873504210263e-05
2.732944722083630040e-06
2.871440983653883450e-06
1.039025755744660273e-05
8.931147931434679776e-06
1.985297603823710233e-05
1.901549876492936164e-05
2.695527882679016329e-06
1.258308384421980008e-05
1.828027779993135482e-05
7.650187399121932685e-06
5.343961674952879548e-06
8.672913054397213273e-07
2.785183824016712606e-06
1.343229769190656953e-06
2.383316541454405524e-06
4.315360001783119515e-06
2.707621570152696222e-05
9.931451131706126034e-06
2.719499434533645399e-06
1.266828803636599332e-05
2.982291334774345160e-06
7.854337127355393022e-06
3.919050868717022240e-06
7.375640961981844157e-06
5.842689915880328044e-06
5.821763988933525980e-05
4.625713700079359114e-06
1.626836933610320557e-06
6.576210125786019489e-06
3.032086169696412981e-06
8.073172466538380831e-06
2.022075022978242487e-06
3.432211542531149462e-06
1.339362398766752449e-07
2.157535891456063837e-05
3.073530933761503547e-06
2.154767344109131955e-06
2.565347131167072803e-06
8.380690815101843327e-06
2.084002971969312057e-06
3.098907427556696348e-06
1.696532308415044099e-05
2.989839913425385021e-06
7.413264484057435766e-06
1.102651185647118837e-05
4.479533345147501677e-06
3.673252876978949644e-06
9.006281288748141378e-06
2.371692517044721171e-06
2.711906972763244994e-06
3.474161076155724004e-06
4.152610927121713758e-06
3.777927986448048614e-06
5.756322934757918119e-06
2.861853261038049823e-07
4.149561846134020016e-06
6.339208994177170098e-06
1.761423482093960047e-05
1.348984142168774270e-06
5.975819931336445734e-06
1.119591524911811575e-05
1.118643103836802766e-05
1.487081226514419541e-05
4.530899332166882232e-06
4.653866653825389221e-06
1.539134359518357087e-06
9.101854061555059161e-07
1.163786691904533654e-06
7.600189292134018615e-06
1.474964847147930413e-06
2.008067667702562176e-06
1.052315565175376832e-05
6.308098363660974428e-07
2.910954435719759203e-06
9.250030075236281846e-07
3.694235147122526541e-06
7.830427421140484512e-06
3.596885335355182178e-06
1.322405387327307835e-05
1.089641159524035174e-06
6.973037329771614168e-07
8.787529623077716678e-06
3.504235564832924865e-06
2.457200480421306565e-06
1.762228180268721189e-06
2.230894779131631367e-06
4.208736299915472046e-06
2.669725063242367469e-07
8.130168680509086698e-06
4.526000463300761112e-09
2.234611002904784982e-07
9.135787877312395722e-06
8.392046169092282071e-08
8.027356670936569571e-06
6.992993803578428924e-06
1.974999122467124835e-06
7.425221610901644453e-06
1.836605292737658601e-06
1.070074176823254675e-05
3.154908426949987188e-06
4.910492407361743972e-06
6.770107574993744493e-06
5.443429927254328504e-06
1.721577518765116110e-06
2.487678557372419164e-06
1.383131802867865190e-05
2.787930498016066849e-06
1.599088818693417124e-06
6.248591830626537558e-07
2.763361635516048409e-06
1.460474663872446399e-06
4.349988103058421984e-06
8.624613656138535589e-06
2.937171984740416519e-06
6.942445907043293118e-06
2.506487589926109649e-06
1.156552571046631783e-05
2.146241058653686196e-05
3.086299693677574396e-05
3.226764647479285486e-06
5.990374120301567018e-06
2.770429546217201278e-06
3.732132825007283827e-07
2.604978817544179037e-06
8.113656235764210578e-07
1.117607462219893932e-05
1.806160253181587905e-05
4.936327968607656658e-05
2.985532091770437546e-06
