3.323559576529078186e-05
1.481148359516737401e-07
7.069968610551313759e-09
6.304157551539901760e-08
6.217889136905796477e-08
1.067225099404822686e-07
1.544367705719196238e-06
2.331741825400968082e-06
5.752493507316103205e-06
4.446787897904869169e-06
5.956478617008542642e-06
2.848764552254579030e-06
8.032583536987658590e-06
6.357017809932585806e-06
4.290814370477846751e-09
5.006150331610115245e-06
1.696060462563764304e-05
6.337181162052729633e-07
1.150272964878240600e-05
8.165079634636640549e-07
4.293922373221903399e-08
1.514863043894365546e-07
5.203254204388940707e-06
1.783215452633157838e-06
3.703892843986977823e-06
2.327819174752221443e-06
3.841616126010194421e-05
1.470908841838536318e-06
4.309124506107764319e-07
2.967893131256005290e-08
4.304919457354117185e-06
5.629158295050729066e-06
1.673215251685178373e-06
1.028836595651227981e-05
2.447471558753022691e-07
7.772491130708658602e-07
9.459720786253456026e-06
6.404960004147142172e-06
3.885777914547361434e-06
9.838358892011456192e-06
2.533544041227742127e-08
1.549875378259457648e-06
2.659453093656338751e-05
1.640015057091659401e-06
9.216340004059020430e-06
6.153767117211828008e-06
3.778198333748150617e-06
2.089911731673055328e-06
7.760913831589277834e-06
5.436146238935180008e-06
1.760025770636275411e-05
5.741527274949476123e-06
5.146724561200244352e-06
7.262535291374661028e-06
3.253615830089984229e-07
5.333014541974989697e-06
3.940780004541011294e-07
1.764495891620754264e-06
2.326576031919103116e-05
1.056137421073799487e-06
1.753456899677985348e-06
4.034872745251050219e-06
9.838946425588801503e-06
1.528396865069225896e-06
6.310758635663660243e-06
4.077195626450702548e-06
1.375752071908209473e-05
1.228858991453307681e-06
1.765394699759781361e-05
4.130653451284160838e-06
1.414384996678563766e-06
4.609229620200494537e-07
1.646704390623199288e-07
1.582426079949073028e-06
1.502894065197324380e-05
2.198312074597197352e-07
2.350461016931149061e-07
6.907622264407109469e-06
1.625922232051379979e-05
3.582986209949012846e-06
1.707478531898232177e-06
2.381281547059188597e-06
7.798052138241473585e-06
2.508752913854550570e-05
1.287607301492244005e-05
1.882145170384319499e-06
1.589611201779916883e-06
8.430223715549800545e-06
6.526196557388175279e-06
4.220405571686569601e-06
2.704366579564521089e-06
8.472073204757180065e-06
3.343663820487563498e-06
2.400062476226594299e-05
1.152366166934370995e-05
1.626312155167397577e-06
1.653766594245098531e-05
6.085789209464564919e-06
1.771581264620181173e-05
5.433559636003337801e-06
1.594386390024737921e-06
4.261627964297076687e-06
1.348833029624074697e-05
5.613359007838880643e-06
4.237125904182903469e-05
1.541210076538845897e-05
1.902794565467047505e-06
2.697118262062758731e-08
9.484963925388001371e-07
3.556277476945979288e-07
4.792037998413434252e-06
2.007604052778333426e-06
1.265020159735286143e-07
3.208340103810769506e-06
7.204465468646503723e-09
9.417558288760119467e-09
4.764959555814129999e-07
1.346112412647926249e-07
6.435432624130044132e-06
7.193012407924470608e-09
6.237026184408023255e-08
1.610865297152486164e-06
6.272678547247778624e-06
1.272532585971930530e-07
8.357661229752011423e-09
6.675400982203427702e-06
9.390055843994105089e-09
6.766551905457163230e-07
2.588978418316401076e-07
4.660305918946505699e-08
5.845039936502871569e-07
2.055774075415683910e-06
6.774675398446561303e-07
2.658251618825602236e-09
3.406656560400733724e-06
1.379255110123267514e-07
3.026948718343192013e-07
1.453368440706981346e-06
2.875091013265773654e-06
2.408740328974090517e-06
1.276235252589685842e-05
1.052292418535216711e-06
4.713911494036437944e-06
4.712907397674825916e-09
8.284939099212351721e-07
1.039345320918982907e-07
2.708537977014202625e-06
1.258265456272056326e-07
5.084141321276547387e-06
3.654601187008665875e-06
8.368844532924413215e-07
7.409721547446679324e-08
2.142973298813188876e-10
6.640039629246530239e-08
6.069724634016893106e-08
2.253878164992784150e-06
3.881944010686311231e-08
1.770430202441275469e-08
2.211495910842131707e-07
3.121268264294485562e-06
1.130690474582252136e-08
4.513118710747221485e-06
9.008723544923213922e-09
1.937254268113974831e-08
2.512334049242781475e-06
1.620382590772351250e-06
4.347449067410025236e-09
6.495615252788411453e-06
4.111967882636236027e-06
5.002457783120917156e-06
1.305394594502962136e-11
6.149973160063382238e-06
2.104490626209098991e-08
7.188898507592966780e-07
6.653914308429875746e-09
3.015709808096289635e-06
1.864959358499618247e-06
3.825828187586921558e-08
1.715265796065068571e-08
3.693306211971503217e-07
3.081572330643211899e-08
1.859811860072113632e-08
1.818593432290072087e-06
3.388225422895629890e-06
3.311948759687766142e-08
1.313337065766972955e-07
2.317463998480207010e-09
3.203660980943823233e-08
3.410493150113325100e-07
4.140074906899826601e-06
2.255634123926597567e-09
2.110524377485489822e-08
2.569693151599494740e-07
5.831547156276428723e-08
8.788988203889402939e-09
8.771673378760169726e-07
8.723320092940411996e-07
1.538292281111353077e-06
2.734872772691687715e-08
4.134915965181562569e-09
8.661908736939949449e-07
2.433084489439352183e-07
6.711572950734989718e-07
1.051435205567941011e-08
5.251521884019894060e-07
2.542884431022685021e-06
3.829458705695287790e-07
1.119266546112385186e-08
2.523835576084820786e-07
8.508515492167134653e-08
1.550036472508509178e-07
3.061388724745484069e-06
2.777658494323986815e-07
1.895037797794429935e-07
0.000000000000000000e+00
1.201809141093690414e-06
1.164746436188579537e-06
2.661422726646378578e-08
8.950379992711532395e-08
8.298952636209833145e-09
9.665352251886361046e-08
2.925532101016870001e-07
5.665189746650867164e-06
6.727692181129896198e-08
4.302117986298981123e-07
1.098342636396409944e-06
5.260853299660084303e-07
4.465813052689782126e-09
5.049845341886793904e-08
1.353256777747446904e-07
4.984550372455487377e-08
2.604569147024449194e-07
1.666578403058949220e-10
1.403998908244830091e-06
5.737320063481377019e-10
1.913805789399702917e-07
3.084403942921198905e-06
1.228996779900626279e-06
2.258039755176355357e-09
3.023143335667555220e-06
1.151709061453232152e-09
1.240740754582247973e-08
6.028908501320984215e-06
1.391552331142520416e-07
2.321780268044193463e-10
6.180418949952581897e-06
1.390672309753426816e-06
3.577980933755497972e-08
1.961146002538161071e-11
2.896440953747969616e-08
2.878315141785492415e-09
2.784150132661977750e-10
3.914032731699990109e-06
3.541865467582283600e-09
0.000000000000000000e+00
6.317861078741771053e-08
1.210097266834964103e-08
3.658100695247412659e-06
9.187291816203924100e-09
2.438938773163812357e-10
2.903429674461222021e-08
3.185759922530451149e-08
2.747295013705297606e-07
4.499743355701468772e-10
1.195091914318879844e-09
7.853681260883149662e-09
2.409287699900453106e-11
1.197570895783428568e-07
0.000000000000000000e+00
1.082455219147959724e-05
6.952432851647927237e-09
8.734416923061871785e-08
0.000000000000000000e+00
3.396666725663521902e-09
8.766347092681314734e-10
8.214774416259729151e-10
7.600264240181786590e-08
6.430438848070707536e-09
1.260773387912195176e-05
2.682546380583517021e-07
3.079545194850652479e-06
7.798107617418281734e-06
6.401600330718792975e-06
6.102278348407708108e-06
1.870177811724715866e-06
8.024545472551380954e-10
7.463535567353574152e-09
2.217257588199572638e-06
6.846526048320811242e-07
3.846769303095243231e-08
9.191000316377540003e-08
1.122292019317683298e-07
6.873419806652236730e-07
1.403141254741058219e-06
1.507357296759437304e-06
2.782199715056776768e-07
5.345555678104574326e-07
1.545272567682332010e-07
8.612564670329447836e-07
2.998267063958337530e-06
1.556814623882019077e-07
1.187624221188343654e-07
2.128808240797752660e-08
3.651311772046028636e-06
7.491099407452850301e-10
4.489851050948345801e-07
9.514826047052338254e-07
1.443210209117751219e-07
1.438309709556051530e-06
5.013460202540898081e-10
4.611004897014936432e-06
0.000000000000000000e+00
1.444121608074055985e-05
0.000000000000000000e+00
2.419362544969771989e-06
1.501640554124605842e-06
2.737800741670071147e-06
7.521184670622460544e-07
2.755551120614541105e-09
4.282644017195025299e-09
5.546671744127706916e-08
3.367292492839624174e-06
0.000000000000000000e+00
4.272766034318919992e-07
0.000000000000000000e+00
3.301376523268118035e-07
1.095989409805042669e-05
3.124244472019199748e-07
1.351223022361125459e-09
2.457248404752476745e-09
1.846002101180133081e-10
5.816320935991825536e-06
0.000000000000000000e+00
2.298504659847822040e-05
1.008417349623869086e-08
5.034146852267440408e-06
8.391779715566372033e-09
4.955776944370882120e-07
1.132833176598069258e-06
1.862695313548101694e-07
4.653955831823708422e-10
3.590783421714149881e-07
2.181130582812329521e-07
2.600622224235848989e-07
8.213594071548868669e-08
9.171320698442286812e-07
1.255087227036710829e-06
1.542060523718191689e-08
3.423794581181027752e-08
1.101124524893748458e-08
2.956688831545761786e-06
6.976576827355529531e-08
1.473988486822008781e-08
1.510725433639947823e-09
5.916372103342837363e-08
1.166671115271356030e-08
9.907247431328869425e-07
5.389403145983351351e-09
2.616914507314049843e-08
7.235978927155883866e-08
3.251593625464010984e-06
1.952553930095746182e-06
5.057558638554837671e-08
2.621901273869298166e-07
2.252474331498888205e-07
2.658021685419953428e-06
4.574343961394333746e-07
2.482650529600505251e-07
3.996516682036599377e-07
6.174407474190957146e-08
2.024285549850901589e-06
2.309126045929588145e-08
7.931446361908456311e-07
8.447441928183252458e-07
1.449850515200523660e-06
4.094341363725106930e-07
3.784188606914540287e-07
2.375970780121861026e-06
1.886507448034535628e-06
5.216883891989709809e-06
1.500107600804767571e-06
1.872203547748085839e-08
1.130516347203069927e-09
1.144046066769988101e-07
2.276830457503820071e-07
2.711931870180706028e-07
5.311208610692119692e-07
6.279096798067484997e-09
5.197312447080548736e-08
6.049074841030233074e-08
4.546820142614649285e-10
5.739540824833966326e-07
6.360677957673033234e-07
5.894879695489407823e-09
4.970681644067553862e-08
2.028816448174097786e-09
0.000000000000000000e+00
7.377360020655032713e-07
4.126531560899593387e-09
3.818406424382914111e-10
0.000000000000000000e+00
7.387089606680774523e-09
0.000000000000000000e+00
0.000000000000000000e+00
7.437202853566304839e-09
8.520586902704962995e-09
8.562067677075901884e-08
3.300545259321552294e-08
1.346856848272182106e-08
6.254906370628532386e-09
2.523569946788484231e-06
0.000000000000000000e+00
6.898162610013969243e-07
0.000000000000000000e+00
2.469557713880021765e-08
0.000000000000000000e+00
1.388113020084347227e-07
7.348228905357245822e-07
6.030747901064614780e-09
0.000000000000000000e+00
0.000000000000000000e+00
0.000000000000000000e+00
4.833876801058067940e-07
5.000462351745227352e-06
0.000000000000000000e+00
0.000000000000000000e+00
9.171631063509266824e-07
0.000000000000000000e+00
2.292578793472443976e-09
0.000000000000000000e+00
0.000000000000000000e+00
2.258429887547208637e-08
4.655640850614872761e-07
3.384896363201050917e-09
0.000000000000000000e+00
0.000000000000000000e+00
2.130017946910811588e-06
2.815907578224141616e-07
2.859983716518854635e-08
0.000000000000000000e+00
1.747865354673194815e-07
1.093075567837331619e-07
0.000000000000000000e+00
2.090807242893788498e-07
5.406099745641768095e-08
8.977611432037235772e-10
1.005337590953558902e-08
0.000000000000000000e+00
1.427853931090794504e-06
0.000000000000000000e+00
0.000000000000000000e+00
0.000000000000000000e+00
2.754148908934439532e-07
1.945415704085462494e-07
2.305545876879477873e-06
7.639193277952927019e-09
4.516553815392398974e-07
9.328785921525195590e-08
5.092344323998077016e-08
3.678552786823274801e-07
1.370679854062473169e-07
1.830913788580801338e-06
5.295981608810507169e-08
7.144318914242830942e-09
8.041444061746005900e-07
1.161725116105571942e-08
5.481189873535186052e-06
8.961718833688792074e-08
9.548546131554758176e-07
8.769843162781398860e-08
6.096274773881305009e-08
1.465677542000776157e-06
2.275355193148698163e-08
3.816913363152707461e-07
2.277541710782315931e-08
2.502303573237441014e-07
7.826447472325526178e-06
1.440937921870499849e-06
1.898043933579174336e-06
8.116502385746571235e-07
3.226985427318140864e-06
1.063309582605143078e-06
8.799041779639082961e-07
5.313389465300133452e-06
2.133634380285798215e-09
8.089020298029936384e-07
8.548183672019149526e-08
8.468664418614935130e-07
2.094806745844834950e-07
1.721262492537789512e-06
1.544027327327057719e-06
3.598707507990184240e-06
1.846145813999555685e-08
3.052553765314769407e-09
1.980474735319148749e-07
0.000000000000000000e+00
7.297135340422755689e-08
1.025007301258540338e-09
0.000000000000000000e+00
8.183898003721878922e-10
1.100647466500959126e-07
4.393817505388142308e-07
0.000000000000000000e+00
4.094792505071609412e-09
3.437955911067547277e-06
8.999543332777193427e-10
0.000000000000000000e+00
3.909328416540347462e-09
1.073573685062001459e-06
8.656218852820529719e-09
2.772678264761907485e-08
2.979876171593787149e-06
3.455593144963131635e-09
5.859338791935897461e-09
1.320177522856624819e-09
0.000000000000000000e+00
0.000000000000000000e+00
0.000000000000000000e+00
0.000000000000000000e+00
2.425727174681924225e-09
0.000000000000000000e+00
1.199678507646240178e-07
0.000000000000000000e+00
0.000000000000000000e+00
1.205057515107910149e-06
2.076995542665827088e-06
8.790775218869839591e-09
3.503273671157103308e-09
3.001524362389318412e-09
1.318155984364466349e-08
0.000000000000000000e+00
0.000000000000000000e+00
0.000000000000000000e+00
7.243249888766456479e-10
3.579451179902548574e-09
0.000000000000000000e+00
0.000000000000000000e+00
6.748103231757340836e-08
6.076864345061494532e-09
3.054371200406080789e-10
0.000000000000000000e+00
4.448255822353530675e-06
0.000000000000000000e+00
0.000000000000000000e+00
7.216170327950521823e-09
0.000000000000000000e+00
0.000000000000000000e+00
1.297334795147264686e-09
1.362367356705362909e-07
1.525939978819224052e-06
1.870816612736803108e-09
6.469062091563060335e-11
2.530867071470765950e-08
2.911214096457115375e-07
4.054683255816371457e-10
2.135950083470561367e-09
1.413386740978239686e-07
5.614278819621176808e-09
2.718200775575496664e-08
2.188689895987749878e-09
1.225106075253279414e-06
3.638076728762484890e-09
2.319521172466920689e-06
2.959605751584604150e-07
5.634980482227547327e-08
5.071919773058652936e-09
0.000000000000000000e+00
3.616389221861027181e-06
2.576294200196116435e-08
1.782563998631303548e-07
1.796685999977398751e-08
1.361738782179600094e-06
3.630212574989855057e-08
4.378348705813550623e-08
7.437993758685479406e-07
6.410827779745886801e-08
1.608719344403652940e-07
0.000000000000000000e+00
1.088574705931932840e-07
1.319548648126556145e-08
1.019045541283958300e-07
4.297277484965889016e-07
3.825439762294990942e-06
5.107777383273059968e-07
5.567663379224541131e-07
1.681259576002958056e-08
4.137667430903491095e-10
1.330815052824618760e-06
1.978474529096274637e-06
6.158894052532559726e-07
2.620524774954446912e-08
2.905530891439411789e-07
2.642939534780452959e-06
3.188692062394693494e-06
3.966391659560031258e-07
3.892608674505027011e-06
4.411007559212976048e-09
1.376983618683880195e-06
8.251470973164032330e-08
1.951344529516063631e-06
1.776940550257677387e-08
7.660469591996843519e-09
5.947854333498980850e-07
5.450486924019060098e-07
8.649916338754337630e-09
0.000000000000000000e+00
2.154397634512861259e-06
8.424145825358664297e-10
7.524691807148098377e-12
7.942687396678138612e-09
3.283302962842071793e-09
2.585542006272589788e-06
3.528365368765662424e-06
1.989209863495489117e-08
1.715621237963205203e-06
2.563510115294320713e-08
5.997781045152805746e-07
0.000000000000000000e+00
0.000000000000000000e+00
9.202182127410196699e-09
2.303482915522181429e-08
2.055214878282640711e-07
4.404030917726231564e-09
2.467009529993902106e-08
0.000000000000000000e+00
1.533561611033462668e-09
1.542177756164164748e-06
9.396407207873380685e-09
5.975752337405992876e-09
4.553584176392178051e-07
0.000000000000000000e+00
0.000000000000000000e+00
0.000000000000000000e+00
0.000000000000000000e+00
0.000000000000000000e+00
1.588341689284789027e-07
3.372932042111642659e-06
7.942872137789436238e-09
3.446564633691195922e-08
5.600440555753039007e-09
2.903512319463175118e-09
0.000000000000000000e+00
8.679644558640120522e-09
7.587256334318226436e-08
1.167937568880006438e-08
5.958578630504973717e-10
0.000000000000000000e+00
6.908591672072361689e-07
3.421860017560618417e-10
0.000000000000000000e+00
1.916084329423028976e-06
9.792154287424637005e-07
1.353901879497243499e-08
1.545126195878765429e-07
9.243917133971990552e-07
6.010039328430138994e-07
4.715296153534609402e-09
5.919519985297938547e-09
5.924664758794051522e-09
1.479714796914777253e-06
1.398825361320632510e-06
0.000000000000000000e+00
3.179382446205636370e-08
2.061355752758231574e-09
8.743148427470259776e-09
4.448738621931624948e-08
3.029438033763653948e-08
2.068928139919989917e-08
8.787838901014310977e-09
1.232962603125997703e-07
1.389411750096769538e-07
2.093703187711071223e-06
1.286039008618899970e-07
1.509545541011902969e-06
8.529942974178084114e-09
9.163290570768367616e-08
6.499791425085277297e-07
7.265819057522548974e-09
2.124323145835660398e-06
1.395242520629835781e-06
2.621972328142874176e-08
5.270655023537074158e-10
9.736768902257608715e-08
3.034220696918055182e-08
3.759085132060135948e-07
3.585526187066534476e-08
0.000000000000000000e+00
1.858310838542820420e-06
4.510548531899694069e-11
8.162181757143116556e-07
4.123515680021228036e-07
1.268691041111935647e-09
5.129359692546131555e-07
2.387422348704149044e-08
1.900697128576211981e-07
5.570010443989303894e-07
6.185733525398973143e-08
6.793057849563410855e-08
1.332060417524871809e-08
2.658958237589104101e-06
2.663522957746522479e-09
1.383464787174659705e-09
9.403061653756594751e-07
7.596956397293297414e-10
3.088089073344235658e-08
4.413101351019577123e-07
7.075942903611576185e-06
8.452570000372361392e-06
3.186040320457550479e-09
1.244243179598925053e-07
4.483654336695508391e-09
6.300473476272827611e-09
0.000000000000000000e+00
4.007733700461812987e-09
1.128938720285077579e-06
2.470405604526604293e-07
3.678412596741509333e-08
1.201013219542801380e-06
0.000000000000000000e+00
1.329375436398549937e-07
1.468948962468630270e-08
2.737584736678400077e-07
5.440702999237601034e-09
1.505714664062907104e-08
0.000000000000000000e+00
0.000000000000000000e+00
0.000000000000000000e+00
1.808647676071473143e-09
3.230933316444861703e-07
1.324688241766125429e-06
5.468450581247452646e-09
7.306082352442899719e-06
0.000000000000000000e+00
1.067069320015434641e-06
1.381386454113453510e-07
5.889632670452726870e-10
3.768164891226888358e-09
2.008679757636855356e-06
8.768494264010939787e-10
8.791088745851993735e-09
7.184768058277057889e-11
5.646680634185941017e-08
2.413056421346482239e-08
0.000000000000000000e+00
3.024492301051395771e-08
0.000000000000000000e+00
0.000000000000000000e+00
0.000000000000000000e+00
1.246869032911490649e-06
0.000000000000000000e+00
5.121590707091172590e-09
4.542660470008286211e-09
9.836866432522128889e-09
0.000000000000000000e+00
6.489325414804625325e-07
1.047352690686231824e-10
0.000000000000000000e+00
0.000000000000000000e+00
0.000000000000000000e+00
0.000000000000000000e+00
1.886066192113844409e-09
2.861358154859772185e-07
0.000000000000000000e+00
3.452410055615473539e-06
4.848961676628960049e-09
6.371168126406701049e-08
9.337064454939536517e-09
2.363294981932995142e-08
0.000000000000000000e+00
5.028245908533790498e-08
5.059234808868495747e-07
0.000000000000000000e+00
1.672735905344779894e-08
1.293779519073723350e-06
2.921058694482780993e-06
0.000000000000000000e+00
1.240786229317336620e-08
0.000000000000000000e+00
8.075532242912686343e-09
0.000000000000000000e+00
4.657375596295310061e-10
8.675113072342810483e-09
1.356513923411739597e-08
4.367360162405020674e-08
0.000000000000000000e+00
2.825927047922505153e-09
0.000000000000000000e+00
1.193268872157204896e-06
2.440827699956571450e-07
1.469308452684003896e-09
9.275871737379759452e-10
0.000000000000000000e+00
9.465784600592996867e-09
2.647499570684885839e-07
2.000577978833462112e-07
1.403584470871521717e-09
2.979912094858150340e-09
6.063019242219525040e-08
2.450206295634416165e-07
2.072229277061410357e-09
5.293613014600850875e-08
1.278292671713643358e-08
3.419200709231517976e-07
2.789012114590150304e-06
3.956090779411169933e-07
0.000000000000000000e+00
9.422127078551056911e-08
1.102896689531007723e-07
2.167844058931223117e-06
2.960078518299269490e-06
3.168348712279112078e-07
3.785213209539506352e-08
1.340177391284669284e-08
9.388020316691836342e-07
1.237010565091622993e-06
3.518924041046034290e-09
1.577712716027690476e-08
4.628632837011537049e-07
1.033060037514133001e-08
6.633503968345166868e-09
1.412176857229496818e-06
2.719225955516435533e-10
6.342770575429312885e-08
2.095807047908238019e-07
6.166590793554860284e-08
3.640989731934496376e-09
5.509742706522047229e-08
3.210234922335075680e-07
4.113325076104956679e-07
1.340965205542943295e-08
3.179530638774963336e-09
0.000000000000000000e+00
0.000000000000000000e+00
3.905432865991542712e-09
1.502724810906186370e-13
0.000000000000000000e+00
1.368931521028571296e-06
3.188042398960533319e-07
5.299117233903416491e-08
5.503204079104762059e-07
0.000000000000000000e+00
0.000000000000000000e+00
9.958346369742798743e-10
0.000000000000000000e+00
0.000000000000000000e+00
6.067464308756598257e-10
3.585272452255594544e-07
0.000000000000000000e+00
1.694970830357078739e-09
8.107248206101758115e-10
2.581062119588750647e-07
4.666612767323385924e-07
0.000000000000000000e+00
0.000000000000000000e+00
0.000000000000000000e+00
0.000000000000000000e+00
1.112213325882294157e-07
3.386034563845896628e-09
2.423514722238451213e-08
1.673470362284490420e-09
1.878125885923509486e-07
0.000000000000000000e+00
7.722850803304481815e-09
4.484848048491585359e-09
3.461409221472422360e-07
1.117287453666904185e-07
1.472497956456209067e-06
2.797163745071884478e-07
3.336127463171578711e-08
1.036181007663117271e-08
0.000000000000000000e+00
9.351919239009021112e-09
0.000000000000000000e+00
4.058653413352431016e-09
6.707149680096335942e-08
4.730344471681746654e-08
0.000000000000000000e+00
1.035519336944901170e-09
0.000000000000000000e+00
0.000000000000000000e+00
0.000000000000000000e+00
0.000000000000000000e+00
0.000000000000000000e+00
1.583790520953698433e-08
8.333414847072617704e-09
0.000000000000000000e+00
1.782280605766572990e-06
0.000000000000000000e+00
5.070869519840925932e-07
0.000000000000000000e+00
3.023184591555150291e-09
1.527363124864677957e-08
0.000000000000000000e+00
3.607426606322405860e-06
3.643352952664713484e-09
0.000000000000000000e+00
1.106795821215200704e-06
1.912275315874012449e-08
5.589193463606534351e-08
2.115416508630119097e-09
0.000000000000000000e+00
5.895999688476649681e-09
1.182103807201295709e-11
4.159421695959508725e-10
3.059898858737142291e-07
2.025270077865570784e-06
8.429721809477541683e-09
4.021391646347183269e-07
0.000000000000000000e+00
0.000000000000000000e+00
1.162561513723403550e-08
2.198851461798767559e-06
4.316571544649150383e-09
1.252412396013369289e-08
0.000000000000000000e+00
5.719192230912995001e-08
1.174000807679931313e-08
4.163262801171185856e-08
2.881010914279613644e-07
5.364757527104302426e-08
9.812828238864312880e-07
9.998362138219363260e-09
0.000000000000000000e+00
3.951334548446538975e-08
4.032287392874422949e-09
2.215647327830083668e-06
4.197818093132354988e-09
1.230667294294107705e-06
9.369280746795993764e-07
3.241629826788994251e-07
2.353364607188268565e-06
6.195668333930370864e-07
2.373384333509420685e-08
6.091695468057878315e-07
7.342634944507153705e-07
2.055503500741906464e-08
1.662574931060589734e-07
4.833787556890456472e-07
1.789415546227246523e-05
4.652385541703552008e-06
1.722037154650024604e-06
4.548836898266017670e-07
2.268042820219307032e-08
4.480087767433360568e-08
2.919030989145809940e-11
0.000000000000000000e+00
1.156908410848700441e-06
5.949360684098792262e-07
8.370586215278308373e-07
2.486626016207083012e-09
2.250231806444347171e-10
4.817172216675658092e-10
2.025760977630852722e-06
5.845425675943261012e-06
2.250652109125894640e-09
2.809696866279409733e-07
1.113185490453361126e-07
2.933314702247002970e-10
6.076860472603584640e-07
4.179889288025151473e-07
6.469723956570305745e-08
4.869640633842209354e-06
3.077057897371560102e-08
2.586929115366842780e-09
5.545333525702744737e-09
1.859317033670038199e-09
1.371383717696517124e-08
7.064889473440416623e-08
1.565556462246320280e-09
1.417797932390385540e-07
8.850112642733165558e-09
2.604968862840451038e-08
1.700377509905592888e-07
8.193455869331955910e-07
8.660573485030909069e-07
1.882549760523488658e-08
0.000000000000000000e+00
7.221427344994424402e-10
1.948156977960024960e-07
7.938579654753752379e-11
1.749226470337816863e-07
0.000000000000000000e+00
1.227998147612652247e-09
1.445002073552359434e-08
1.220630224452179391e-06
5.179218831585785665e-09
0.000000000000000000e+00
0.000000000000000000e+00
4.520607216199675621e-15
0.000000000000000000e+00
5.663777002951064787e-08
1.287771311808683095e-08
0.000000000000000000e+00
3.920958557834808289e-10
0.000000000000000000e+00
0.000000000000000000e+00
1.794718507142079034e-08
1.818879269421813660e-08
3.415340898982321960e-09
1.491329203417990357e-05
0.000000000000000000e+00
4.433618361332491986e-09
6.286049458736897577e-11
1.358117091010413446e-10
4.535168955044355243e-06
3.258446099607681390e-07
2.486414407698589457e-09
1.730857412951536389e-08
1.340936961469196831e-08
0.000000000000000000e+00
3.245558044540075571e-09
5.049818128100014292e-07
1.090509726964228321e-06
5.602904806778497004e-08
1.998883618625768577e-07
7.740780461062968243e-09
0.000000000000000000e+00
0.000000000000000000e+00
6.112474526531741503e-09
0.000000000000000000e+00
2.446267355349363015e-10
6.370542315892180341e-09
0.000000000000000000e+00
2.500681883788047344e-09
0.000000000000000000e+00
9.979739257204300884e-11
0.000000000000000000e+00
2.638233728702310543e-11
7.778427901783402376e-10
0.000000000000000000e+00
0.000000000000000000e+00
0.000000000000000000e+00
8.775200122101978195e-09
7.413494707009249396e-09
2.658804731936470489e-08
6.274786557014522259e-08
0.000000000000000000e+00
2.841618425009073690e-07
2.800407461478471305e-09
0.000000000000000000e+00
0.000000000000000000e+00
3.026888464319199556e-07
0.000000000000000000e+00
0.000000000000000000e+00
0.000000000000000000e+00
5.775401046292927276e-09
5.693561888620024547e-06
3.370600722973904340e-07
4.477077375497628964e-09
1.165937213443157816e-08
0.000000000000000000e+00
3.238478711864445359e-07
8.093330450265057152e-09
0.000000000000000000e+00
1.770512958465531028e-09
0.000000000000000000e+00
1.674049627808926743e-07
6.697425281032565181e-09
5.070083464175922927e-09
1.430989371442592528e-08
2.527127662688144483e-07
3.548071836334543150e-09
6.308148448042061318e-11
7.257531109416959225e-08
1.266589833015530075e-09
0.000000000000000000e+00
6.892808812608564040e-08
7.671305368717185047e-09
1.359577197490580147e-07
1.133600990854688462e-09
2.961986069749400485e-07
1.031042007326732346e-08
4.550178545059679891e-08
2.038656132796745624e-09
1.958741613350412081e-08
0.000000000000000000e+00
5.860494312059927324e-08
7.957269332337091328e-08
2.638244950503576547e-06
2.970022272563710430e-08
7.503879828618664760e-07
6.218432879734336893e-09
1.568460902490187436e-06
2.852414979770401260e-07
4.868932812485127215e-09
3.809320787695469335e-07
9.625982677619049355e-09
1.525199081697792280e-06
1.947621264264398633e-08
2.168143737435457297e-06
1.037575447782046467e-08
2.502737572740443284e-07
3.201935783181397710e-08
2.511599817012211133e-09
2.247899288931876072e-08
0.000000000000000000e+00
7.669569157542355242e-08
1.488420053874506266e-07
6.101169560679409187e-07
1.082105338667815886e-08
1.542160177336882043e-08
3.261307446322803116e-09
4.114508200814270822e-08
1.961139872719286359e-07
5.141050678503233939e-07
2.913436674134572968e-07
4.430019544088281691e-06
2.226161255336478462e-09
6.971463051286264090e-08
2.532948017996972112e-10
1.738496280268009286e-06
6.980847011561763793e-09
5.650738543749866949e-08
6.284255249511261354e-08
2.684644186956575140e-07
1.861301868189002562e-08
1.373002618265672936e-07
1.935296040755929425e-06
6.122061790847510565e-08
1.758089451797673064e-09
1.603532155058928765e-06
0.000000000000000000e+00
9.656522248491228311e-10
6.664942731049450231e-08
6.864154045160830719e-08
1.926008241781573815e-10
6.447891554017814997e-09
7.430687674059299752e-07
1.482718516854220070e-07
1.311368009737634566e-07
2.765981754748736421e-08
2.736607711995020509e-05
3.353170541231520474e-06
5.152242010808549821e-07
9.513495546897843269e-10
2.374885565981088575e-10
4.327922340507939225e-07
0.000000000000000000e+00
0.000000000000000000e+00
3.954606420109030296e-09
2.324697101485639905e-09
0.000000000000000000e+00
5.594826824051324365e-09
1.395113372382184025e-06
7.031494275722138809e-10
7.062332052498732082e-09
1.431670966667297762e-06
6.206958280685626050e-10
1.524562520671679522e-08
2.033838910620033857e-07
0.000000000000000000e+00
3.506687278331810376e-07
1.563398228654477862e-07
2.966676788673794363e-07
9.253426469513215125e-09
0.000000000000000000e+00
4.901997474604513627e-09
3.748031986106070690e-06
0.000000000000000000e+00
0.000000000000000000e+00
1.532648639113176614e-07
0.000000000000000000e+00
0.000000000000000000e+00
5.455226492756537482e-09
7.471720131491110806e-09
0.000000000000000000e+00
7.192703321834414965e-08
0.000000000000000000e+00
9.783960877030040137e-07
1.910567259955087138e-10
0.000000000000000000e+00
0.000000000000000000e+00
1.577891111992357764e-06
1.327626080183108570e-07
0.000000000000000000e+00
2.197328541342358221e-09
0.000000000000000000e+00
0.000000000000000000e+00
3.559190053792349318e-09
8.052541744518748601e-09
1.734170806955148691e-09
9.224039843047648901e-08
5.949000403404625104e-09
1.464769305847823944e-09
5.967418115204736750e-09
8.215139501999146887e-08
1.584418107825058541e-08
1.338670507777806051e-08
8.847884203078137944e-09
5.581872031257262279e-08
0.000000000000000000e+00
8.044385140237864107e-07
3.738981124712381643e-09
6.249712747319335904e-09
8.619517544161681144e-09
7.782264077604850172e-08
2.571258406192100665e-08
8.138213161146268249e-07
7.940681712170771789e-08
6.991796475119826937e-09
4.372192885515602256e-10
4.146825176576385275e-07
2.092604347581072943e-07
0.000000000000000000e+00
9.646594634205030161e-09
1.070172750416986673e-08
2.156262057795288456e-09
0.000000000000000000e+00
0.000000000000000000e+00
0.000000000000000000e+00
0.000000000000000000e+00
0.000000000000000000e+00
0.000000000000000000e+00
0.000000000000000000e+00
0.000000000000000000e+00
6.581151179574362686e-09
0.000000000000000000e+00
1.291718035645317286e-06
6.331105639745260305e-10
0.000000000000000000e+00
0.000000000000000000e+00
0.000000000000000000e+00
0.000000000000000000e+00
5.212078235672379378e-07
1.114867753670978345e-08
1.924852055523729177e-09
2.647213079853827367e-07
0.000000000000000000e+00
0.000000000000000000e+00
4.341862336332269479e-08
0.000000000000000000e+00
0.000000000000000000e+00
0.000000000000000000e+00
5.293927449190327650e-11
4.405212028490979037e-10
0.000000000000000000e+00
5.559150917378019585e-09
4.255121439200593159e-06
0.000000000000000000e+00
0.000000000000000000e+00
3.183934609296557028e-07
6.493654058914444249e-09
1.999240311079120147e-07
0.000000000000000000e+00
4.955847998644458130e-07
0.000000000000000000e+00
8.115668137520515302e-09
1.179066231316028279e-07
0.000000000000000000e+00
0.000000000000000000e+00
0.000000000000000000e+00
2.246795816063240636e-08
0.000000000000000000e+00
0.000000000000000000e+00
0.000000000000000000e+00
6.062776236603895086e-08
2.229040241275015433e-08
7.905701648880381072e-10
8.982668077806010842e-06
4.996231695031383424e-08
1.878107669384121436e-09
0.000000000000000000e+00
0.000000000000000000e+00
0.000000000000000000e+00
0.000000000000000000e+00
5.316596496385272985e-09
0.000000000000000000e+00
4.914892381968627433e-10
0.000000000000000000e+00
0.000000000000000000e+00
7.868769635877015389e-09
9.667820322079023754e-09
0.000000000000000000e+00
2.655901596426701872e-07
1.607504233891443590e-11
4.399034914115418360e-09
7.402735491268686019e-08
0.000000000000000000e+00
7.517420499425497837e-07
0.000000000000000000e+00
7.322367157058806697e-10
1.152861841546837240e-07
3.332776188358366198e-08
6.321151158061866226e-09
4.724256541521754116e-10
1.531592963566197341e-09
5.549123383019605171e-09
1.011984052112779864e-09
2.123866096326310071e-07
4.533691111419102526e-08
5.365796340583983692e-08
1.631448931505019573e-08
6.375474015385407256e-08
5.006720371625306143e-08
9.290776858961180551e-08
2.039287316790705518e-08
5.559780902331112884e-07
1.158653546440291393e-07
8.286670905022219813e-09
4.286844614398432896e-06
1.451562638976611197e-06
6.226162554412439931e-07
1.273720351413487606e-09
1.443791219912782253e-08
1.081789037016278598e-06
2.799209219972453866e-08
1.017234367850505805e-07
5.183776963235686708e-08
5.806800595919980879e-10
6.689159363304497674e-06
4.186886428669822635e-07
1.199401594931259751e-06
2.120278395523200743e-06
7.774542609695345163e-06
2.979099065214541042e-07
3.561809478469513124e-07
1.148096373526641401e-08
9.877962448001653684e-09
1.684380549704656005e-06
2.357244177630946069e-08
7.268711783581238706e-07
4.978437662117585205e-09
8.208076906157657504e-06
1.082773223970434628e-06
3.175327378812653478e-08
2.074074778590784263e-08
8.534602784493472427e-07
5.668085805154987611e-07
7.509525445925646636e-09
1.688206481276210980e-07
7.486491085728630424e-06
5.756753012065018993e-07
2.221193895479700586e-09
5.120362089883201406e-08
8.921734462319363956e-08
4.608923021010014054e-08
6.329265289650720661e-08
1.184882414406729367e-08
1.835237517511245642e-09
0.000000000000000000e+00
1.926857066791853867e-06
1.479352818023471627e-08
3.957981675739574712e-08
2.019677793896335061e-07
3.689298466724721948e-07
2.444607538620857667e-08
2.369853469019744807e-08
5.216377996219989654e-09
0.000000000000000000e+00
5.109005218884021815e-09
4.489783123062807135e-07
0.000000000000000000e+00
0.000000000000000000e+00
0.000000000000000000e+00
1.192459020415981286e-08
9.191945538056245368e-10
0.000000000000000000e+00
1.448401576453761663e-08
0.000000000000000000e+00
0.000000000000000000e+00
3.552611538282235415e-09
6.042648159620966908e-09
3.918135007552336901e-06
0.000000000000000000e+00
2.555393052716681268e-08
3.452065655551450618e-08
1.093442225652552224e-08
1.318615829859481892e-07
4.163013755942301941e-08
6.859972589978724500e-09
2.798785647684098876e-10
1.585954919391951989e-06
2.665288656444886328e-09
9.763125063955158112e-08
5.461528118644309870e-09
2.430721224300214089e-08
1.531178073221894920e-09
0.000000000000000000e+00
8.603001991347447586e-12
3.530164462972606998e-07
4.830580451198329683e-07
1.770294630887292442e-07
7.566693511762423441e-07
0.000000000000000000e+00
0.000000000000000000e+00
1.120038728430472474e-08
0.000000000000000000e+00
1.736466174406814389e-06
0.000000000000000000e+00
5.888756859917521069e-08
1.114200198770731731e-08
0.000000000000000000e+00
1.602907584441481958e-09
2.616825440782122314e-07
0.000000000000000000e+00
0.000000000000000000e+00
1.774548508137741010e-08
0.000000000000000000e+00
2.594541115286119748e-07
1.132761551225769381e-09
0.000000000000000000e+00
2.411937982671474856e-09
2.703098012091231794e-08
1.293027906967836316e-07
0.000000000000000000e+00
0.000000000000000000e+00
2.415684541290374909e-08
2.240798693264878239e-07
0.000000000000000000e+00
0.000000000000000000e+00
8.861547939886804670e-09
1.292391638152423639e-09
0.000000000000000000e+00
1.703891001625379431e-07
4.217656890403986836e-09
1.924811421361027897e-08
3.302861628640130220e-08
4.411712772878217947e-09
6.550771480817729753e-09
4.968451872144896697e-09
7.190257065303740092e-07
0.000000000000000000e+00
0.000000000000000000e+00
0.000000000000000000e+00
0.000000000000000000e+00
0.000000000000000000e+00
0.000000000000000000e+00
1.037481836552167636e-10
0.000000000000000000e+00
2.418411781945906114e-07
0.000000000000000000e+00
5.952472292847232893e-09
8.571304555005099246e-09
7.946874408526483080e-11
2.141302388736221474e-07
2.149146745983321338e-13
2.137640109367566765e-08
0.000000000000000000e+00
0.000000000000000000e+00
0.000000000000000000e+00
0.000000000000000000e+00
0.000000000000000000e+00
1.918989966931405888e-10
0.000000000000000000e+00
7.857737216454552254e-08
9.366435733682010323e-07
9.729919092649197410e-09
3.237681411860648950e-08
6.762330695408991232e-09
7.689725245452194713e-11
0.000000000000000000e+00
0.000000000000000000e+00
1.116092107622534968e-09
2.911216157031049079e-09
5.849858375484018325e-09
2.137512069566582795e-07
8.907486659381902427e-08
2.636110352227660769e-08
9.335892947603952052e-09
8.820303598611189955e-09
1.936069615737778804e-08
5.509275169401917083e-08
6.371281813244422665e-08
5.607541808672067418e-08
1.688904376351274550e-07
2.365417017813342682e-08
5.860281362402020022e-07
2.185985792380051862e-08
2.206522076164674218e-08
5.795953494924788174e-09
1.056584210346045438e-06
1.256971245311433449e-06
1.101640023648542410e-07
1.192565378005383536e-06
3.226729816674378526e-08
3.076593202422372997e-08
9.785654953020639368e-08
1.211569042425253429e-06
9.865249239737750031e-07
2.690422284956639487e-08
2.622496531046181190e-08
3.504022672018436424e-08
7.971229365466570016e-07
1.264521301891363692e-06
3.433998685409278551e-08
3.944825834878429305e-07
1.937680735863978043e-06
7.323766482159044244e-09
2.900669358041341184e-07
3.522604430372666684e-08
7.297219273283417351e-09
4.330618352810233773e-08
4.683819199158278934e-08
4.963079391906433102e-10
3.609589498410059605e-07
8.372478821350171074e-10
3.410459470387650072e-08
1.855226969382783864e-06
4.393742614183793194e-08
1.708321484272801172e-08
5.561634353057343105e-08
7.694572090599649528e-09
4.847159473797546525e-08
8.702222089596034493e-07
1.352277365640475182e-07
4.298966960192274200e-09
2.517639874355381835e-09
4.874515369124310382e-08
1.856024937296751887e-06
5.623636312179769448e-08
7.938555057762641809e-08
7.803428729857841972e-07
4.249311302828573389e-08
4.547637217910960317e-07
4.605686143577258918e-08
0.000000000000000000e+00
1.500171514789983007e-12
2.041159177679219283e-06
9.197274408734301687e-08
0.000000000000000000e+00
1.562987222314404789e-06
5.500272681757678583e-09
6.380577732834069593e-10
6.248841941669525113e-07
7.045282757189852418e-08
1.203207830258179456e-06
1.857597964338708607e-09
1.286575042058757390e-07
6.546880815250233354e-09
5.906827471591213907e-09
1.938527027789405111e-08
8.655231908960558940e-07
9.850580795500718523e-09
0.000000000000000000e+00
4.556251376186537527e-09
1.740975221764529124e-06
4.763127492424246157e-08
0.000000000000000000e+00
0.000000000000000000e+00
3.332359597152390052e-07
0.000000000000000000e+00
3.742498222436552169e-08
0.000000000000000000e+00
1.175676178633011659e-08
0.000000000000000000e+00
4.169633971429220765e-09
8.747445434664768982e-09
6.570282948814565316e-07
0.000000000000000000e+00
9.355878738404044270e-09
1.069587256097292993e-06
1.473072529734054115e-06
0.000000000000000000e+00
0.000000000000000000e+00
0.000000000000000000e+00
1.236494573397806107e-09
3.756765920570614981e-07
0.000000000000000000e+00
4.893464300437244674e-09
2.012216953062306857e-07
3.497386913409172848e-08
0.000000000000000000e+00
0.000000000000000000e+00
2.240237551021095896e-09
8.388167244133271083e-11
7.269350454919276672e-09
0.000000000000000000e+00
0.000000000000000000e+00
4.370325434877031512e-09
2.581323066408458544e-08
8.792087058395736676e-09
8.037791786319470333e-12
1.774836633217091730e-08
5.445311899165972136e-07
1.703477607861714205e-07
1.937199272106226999e-07
1.440301655719622431e-09
1.269934557512897300e-07
7.177429317550831911e-09
1.171927266341299401e-08
1.222234202735705821e-09
1.829742757308849832e-07
2.669283460932092567e-09
2.641997953745089944e-09
1.348088574104622239e-08
1.854522402311431506e-08
2.646354801960626446e-10
3.096150447134959904e-09
0.000000000000000000e+00
0.000000000000000000e+00
0.000000000000000000e+00
8.344516189140449569e-10
7.859816131272623352e-10
1.757387568801505040e-09
0.000000000000000000e+00
1.406973648698794932e-08
1.755812939485679181e-09
0.000000000000000000e+00
4.313746249096084284e-09
0.000000000000000000e+00
3.562535368928365642e-07
0.000000000000000000e+00
0.000000000000000000e+00
8.608824941802595276e-08
0.000000000000000000e+00
0.000000000000000000e+00
1.175044683776604870e-08
3.315659569125273265e-08
0.000000000000000000e+00
3.235437873172486434e-08
2.274110344480106960e-10
1.177487320092041045e-06
0.000000000000000000e+00
1.085199983208440244e-07
0.000000000000000000e+00
0.000000000000000000e+00
0.000000000000000000e+00
1.419091120169468923e-07
4.176720480586482154e-08
4.892789888799597975e-07
0.000000000000000000e+00
0.000000000000000000e+00
1.858791010000970800e-09
8.467019446678492045e-11
1.083562753412259383e-10
4.363777339477792339e-09
1.501250267210707534e-06
3.785603723827080103e-07
7.715834193788850826e-09
3.763624079056171468e-09
6.125672413759275514e-09
2.530099463271540117e-09
4.966969299857737496e-06
1.369285040908607698e-08
2.932941697508795187e-06
1.501833537531638285e-07
0.000000000000000000e+00
6.996046977292280644e-07
1.114798919843451586e-09
1.007973082778335083e-07
3.027672335065290099e-07
1.873173687272355892e-06
2.386613687122007832e-06
1.056916289599030279e-06
2.401144838515278934e-09
3.378836709089227952e-06
6.348896931740455329e-06
1.190612266555035603e-07
4.477339388131440501e-09
8.338609802649443736e-09
1.060962517840380315e-06
4.202803083330763911e-08
5.517923113984579686e-07
1.922318688230006956e-06
2.335909101702782209e-07
3.548163078903598944e-07
3.359754074949705682e-08
1.324149707215838134e-06
5.019443506171228364e-06
2.303900714650808368e-08
2.660183042735297931e-07
6.135210242064204067e-06
1.236357327627501945e-08
1.070775169864646159e-06
4.710449275080463849e-08
8.381721983141687815e-09
3.239564705381781096e-08
1.781640390774441585e-09
1.072533791557361837e-06
1.750546907430816646e-08
4.376689011209577984e-10
2.800825527060624154e-08
1.201313626353339714e-08
1.437028895878711410e-08
4.109253950446145609e-07
2.010904012195169344e-07
3.440955298472658797e-09
2.459034476487431675e-06
1.841494040588642633e-10
6.900864235603876295e-08
2.851655267477326561e-08
3.243662050067541713e-08
1.152824751216030563e-07
6.140676873656047974e-07
3.493280331667847349e-09
5.596506866822892334e-07
2.524261688563456119e-09
4.687961450144939590e-07
1.511742020454676094e-08
6.990587309019247186e-08
0.000000000000000000e+00
1.751313561726419721e-06
1.303239116623444716e-08
1.221310969024003157e-10
8.793755057467933511e-08
2.409252131130301677e-09
9.566074155031856208e-09
1.070004174152927590e-07
1.004670266979701410e-07
1.152281159377821496e-09
0.000000000000000000e+00
6.294145205032464219e-09
2.709182354010408744e-06
4.259340435908143263e-09
6.432486543417326175e-09
0.000000000000000000e+00
0.000000000000000000e+00
2.659750863998056047e-09
1.186270248698662044e-10
2.341013827233950906e-09
2.191211478930199519e-08
2.310215796441639213e-09
0.000000000000000000e+00
0.000000000000000000e+00
0.000000000000000000e+00
9.094437980472491745e-10
8.497095649317998323e-08
1.690439455082071163e-10
0.000000000000000000e+00
3.502941270383530536e-09
2.109788732607142947e-11
1.998035088490723865e-07
4.889595950352543241e-10
0.000000000000000000e+00
7.818312219853851275e-09
0.000000000000000000e+00
0.000000000000000000e+00
2.918068453539035545e-09
2.291741241222666758e-09
2.098522145388415083e-06
4.022446820073355411e-09
5.762805788123159800e-09
7.157604731133915266e-09
0.000000000000000000e+00
6.618212466946715722e-08
1.041953368030590354e-08
1.006130201375299293e-08
5.618019827124953736e-09
5.077708808975955890e-10
1.573312431446538540e-07
0.000000000000000000e+00
1.441102015498074707e-09
1.309505304192271069e-08
0.000000000000000000e+00
1.470927600166760385e-06
1.640620417298066513e-10
1.822551887187273678e-08
9.010082635541039053e-07
0.000000000000000000e+00
4.323636559888655029e-09
1.188038334376528837e-09
1.156961033643710834e-07
0.000000000000000000e+00
2.056858683374684915e-08
2.791215925057599634e-09
3.251137359328026832e-09
4.120857965972390957e-07
0.000000000000000000e+00
0.000000000000000000e+00
0.000000000000000000e+00
1.276468375444039793e-09
0.000000000000000000e+00
0.000000000000000000e+00
1.440852881451348821e-09
0.000000000000000000e+00
0.000000000000000000e+00
0.000000000000000000e+00
9.808755585538619926e-09
1.135164140464439697e-07
0.000000000000000000e+00
2.006857471315015573e-07
0.000000000000000000e+00
9.015757029828819213e-10
0.000000000000000000e+00
0.000000000000000000e+00
0.000000000000000000e+00
2.519036357284676342e-08
0.000000000000000000e+00
0.000000000000000000e+00
0.000000000000000000e+00
0.000000000000000000e+00
0.000000000000000000e+00
0.000000000000000000e+00
7.319236328129363756e-09
5.916916379078429600e-08
2.075998054351657629e-06
5.441354478108451076e-09
1.874598254403281317e-08
8.083935654212837107e-08
0.000000000000000000e+00
3.909181955918938911e-08
2.281875595144811086e-07
2.313076397086888392e-09
7.168632354392912021e-09
8.980001808822635212e-08
6.136554375757441449e-09
8.135441653678299190e-09
6.715514255795085319e-10
1.034823426948605629e-07
1.340594746324086373e-09
3.557158345657285281e-09
3.033904905080930803e-09
2.274314709893587860e-07
2.731973438585555414e-07
5.137730596516121295e-08
1.489597956094712572e-08
2.972442132431751816e-07
5.944647440969674790e-09
1.501882529453268944e-08
0.000000000000000000e+00
0.000000000000000000e+00
1.415512116409445298e-07
1.473116299166576937e-06
1.241580505073613949e-09
4.764710848093045570e-09
1.023305003400309943e-06
9.548234629619400948e-06
1.760333923073176265e-08
4.323615243606582226e-09
1.287314144171602948e-09
9.407240213477052748e-07
7.034353544099758437e-09
1.022475899503660912e-07
2.374820518014075788e-08
6.362717499541759025e-07
1.624662331778381485e-06
7.097963106161842006e-08
1.525386608136614086e-07
1.081091216548202283e-08
1.258152604322049228e-08
3.224236433396754364e-09
2.346167926603470733e-09
4.106971651651747379e-09
4.757665408305911114e-07
2.196706011536875280e-10
2.740684656998837454e-08
6.900913831486832350e-07
1.661501528360531665e-06
9.252109975932398811e-07
6.064969682029186515e-08
1.945137171333044535e-07
1.552560036088834750e-08
3.849716279091808246e-08
6.197581825517772813e-08
9.631848651991958832e-10
1.917526333272689953e-07
6.632285692864670068e-11
9.648615240109847946e-09
2.039776916262781015e-07
2.155304912321298616e-07
3.281542859667752055e-08
6.442017479457717855e-07
2.476172085152938962e-07
8.933194628468754672e-09
4.180985797574976459e-07
4.835236377953577858e-11
0.000000000000000000e+00
8.991138500391571142e-09
1.058687804089686324e-08
3.105516191426183070e-11
1.217916434370636125e-07
9.220038066359848017e-09
3.337866303354530828e-07
5.414016754912154283e-07
0.000000000000000000e+00
2.935763099287669320e-08
9.568880798838108603e-09
2.514539119147229940e-06
2.899549222945552174e-08
3.571311468775206777e-09
2.667723038030089810e-07
1.989264725166250969e-10
5.194945629227731843e-08
1.672652842898969539e-07
6.197593993562122705e-09
0.000000000000000000e+00
1.184693315670060088e-10
0.000000000000000000e+00
1.478200895022041550e-10
1.295933600431453669e-07
0.000000000000000000e+00
3.583113539207261056e-07
2.213138117213020450e-07
6.628000051023263950e-07
1.365589752388984834e-09
9.256489796882760857e-09
0.000000000000000000e+00
1.846371056046791637e-09
0.000000000000000000e+00
2.671077027116552927e-06
5.562483806897944305e-07
1.586222531102521316e-08
5.389276580558544083e-09
1.453059610412310576e-07
2.770987634903576691e-07
1.815017164341625744e-10
3.549504157263072557e-08
1.770051327731891888e-09
5.844065675830734108e-09
0.000000000000000000e+00
1.632751178703983896e-07
9.901985897897702671e-09
2.116972985799492335e-10
3.372927892542065820e-08
3.527397707259183335e-09
7.107452404397918144e-09
1.387546255671168183e-08
1.026291318595440316e-08
1.787379133588729019e-08
5.985231865679452312e-08
4.017476573636713510e-09
5.985355766569000480e-09
0.000000000000000000e+00
0.000000000000000000e+00
2.114681819875841029e-06
0.000000000000000000e+00
0.000000000000000000e+00
0.000000000000000000e+00
2.821588740431479891e-09
0.000000000000000000e+00
1.254834680608496456e-09
0.000000000000000000e+00
0.000000000000000000e+00
0.000000000000000000e+00
0.000000000000000000e+00
0.000000000000000000e+00
8.320874655964871636e-09
0.000000000000000000e+00
1.402778764258982847e-07
9.708671200314711314e-09
8.433373110960928898e-09
8.107678084456892975e-09
3.395560099761496531e-07
2.409924704238619597e-09
1.193174337110747274e-09
1.201641675052655955e-09
3.040247387176009397e-09
6.781764909646881279e-07
7.899854104209680372e-09
8.481952029626427247e-09
1.174256567537668161e-06
2.068141213840135606e-08
0.000000000000000000e+00
5.245276990528680017e-10
5.144595416339825533e-09
0.000000000000000000e+00
3.108556612119173224e-08
1.727535874351815437e-07
3.987785379688801868e-10
3.859857500287944276e-08
1.272161398446769454e-07
1.009442826216400135e-06
2.834617305325082270e-07
7.100737775544985197e-09
0.000000000000000000e+00
9.544423029694826255e-10
2.989194669567041274e-09
0.000000000000000000e+00
1.235544573319202755e-07
1.028150568155306033e-11
1.170885832735280019e-09
6.756079073966247961e-07
2.496212347935511389e-09
6.602082436302225688e-09
0.000000000000000000e+00
7.809592972307655145e-09
5.106533529364298829e-10
0.000000000000000000e+00
5.490302967814386648e-08
9.411645907064780658e-10
6.310849176571764474e-09
0.000000000000000000e+00
1.033934040606254712e-06
6.416274622722539789e-09
9.485678909015859972e-09
0.000000000000000000e+00
5.985072881742325990e-09
8.325301004141749672e-10
0.000000000000000000e+00
0.000000000000000000e+00
0.000000000000000000e+00
0.000000000000000000e+00
1.562359130957702291e-08
0.000000000000000000e+00
2.733762868856182138e-11
0.000000000000000000e+00
7.095198206741315516e-09
7.890006870070465084e-09
0.000000000000000000e+00
3.787987701286965603e-09
6.885221282004749810e-10
0.000000000000000000e+00
5.664650970516049711e-09
9.190212146847898111e-09
9.768537090337758855e-10
0.000000000000000000e+00
0.000000000000000000e+00
0.000000000000000000e+00
0.000000000000000000e+00
0.000000000000000000e+00
0.000000000000000000e+00
8.594705747100306326e-08
0.000000000000000000e+00
7.876854368760177749e-08
1.618514602341747377e-07
2.845587914634961635e-06
9.274518930624253699e-09
4.406266906897826630e-09
6.227603321917740686e-09
1.529373627739971653e-09
1.494856016748258298e-09
1.342777355972657460e-08
3.754243493858666625e-08
1.070352695364817919e-08
1.784676783245231491e-06
1.006091849831136642e-07
6.936181051742096315e-08
1.603089749835362454e-08
1.694377829153381754e-06
4.695118072106652107e-09
1.256360206980389194e-07
5.226197004049026873e-07
2.275818111741045868e-08
4.725236379954367294e-08
5.443581585495849140e-07
6.246015260558124282e-09
8.937463462643790990e-07
6.008680486502271378e-08
2.538924448458601546e-08
2.007450028429502709e-08
2.803664322925669694e-08
7.334573837169955368e-08
1.101645352719060611e-06
1.974220076306210103e-08
2.792887414670985891e-07
2.636592988380925817e-08
4.503728945337570622e-08
4.806495326192816719e-07
2.123061449310625903e-06
9.184113878291100264e-07
5.244031431317353054e-09
1.016598218939179787e-07
1.408891581178295382e-08
1.675422112157320953e-08
1.274317696697835345e-06
3.673121398151124595e-07
9.823451563306662138e-08
3.014499938558401482e-08
8.133547169109078823e-08
4.204090853221487123e-09
8.563125319938080793e-09
3.026930261995630644e-09
1.351446510255982503e-09
9.925869015603439038e-10
0.000000000000000000e+00
1.098662938403549560e-08
3.607501355418207822e-07
1.915257371365441941e-06
6.658328111086575518e-09
2.827809453265217599e-08
1.212144828954819786e-09
1.128695998886541929e-06
8.022664133022772148e-08
7.914545108178572264e-08
0.000000000000000000e+00
5.506670319732620555e-08
5.041340500611113384e-07
8.981698940146998211e-09
6.359868365279908176e-08
8.402786910721715685e-09
6.434059063309405246e-09
1.046084746603170856e-11
9.969157588329835562e-08
3.259725156468107343e-09
1.073777184501523152e-06
5.966154237313503472e-10
2.917394965606945334e-07
0.000000000000000000e+00
6.031341115431132494e-08
9.994708989324863069e-07
6.731540480586772901e-08
1.059381116164104242e-08
5.883584286436871480e-09
1.916512781807711008e-11
5.258680602082677069e-08
0.000000000000000000e+00
0.000000000000000000e+00
0.000000000000000000e+00
8.250376382079593895e-09
2.737423399068461549e-09
7.827729859855026007e-07
2.139480953511352368e-10
3.817810068085236708e-09
1.271803551361472273e-09
0.000000000000000000e+00
7.979892302500957157e-09
5.012678716553864433e-09
0.000000000000000000e+00
0.000000000000000000e+00
9.594837138138245791e-07
0.000000000000000000e+00
0.000000000000000000e+00
3.552967253739325315e-09
1.358835710618677695e-09
8.213053348526955233e-09
2.285366917931241915e-08
4.265892972199480937e-09
2.940774720627814531e-06
6.073335168110816085e-09
3.525935881043551490e-07
2.660137221610625602e-09
4.867831915333908910e-09
9.853282989524814184e-08
0.000000000000000000e+00
0.000000000000000000e+00
8.309081422908093373e-09
9.116355670357734198e-09
0.000000000000000000e+00
1.389716342004021499e-08
1.192934860227978788e-06
9.516632530903734732e-07
0.000000000000000000e+00
5.120616375364761552e-09
2.865885164737846935e-07
1.053928055938513353e-09
4.851499366495147167e-15
8.026997955212777924e-10
1.649308956075401511e-08
0.000000000000000000e+00
0.000000000000000000e+00
2.159529621792444232e-08
0.000000000000000000e+00
1.463959162228967159e-12
0.000000000000000000e+00
0.000000000000000000e+00
0.000000000000000000e+00
2.986346503419667897e-09
0.000000000000000000e+00
7.014549652240020805e-08
6.420791121009017388e-10
0.000000000000000000e+00
2.040737023811800555e-10
0.000000000000000000e+00
8.550101071591598156e-09
1.183629372292216431e-08
3.555603811378205137e-09
0.000000000000000000e+00
1.791050530108861949e-09
4.525837205004989983e-10
1.097295698748723680e-09
0.000000000000000000e+00
1.654978021292663470e-08
7.015235614638015704e-10
0.000000000000000000e+00
0.000000000000000000e+00
0.000000000000000000e+00
0.000000000000000000e+00
0.000000000000000000e+00
9.033482295528472150e-12
9.221583999879934268e-13
2.739696691733684020e-09
0.000000000000000000e+00
8.841554972605081275e-07
7.393919254639058636e-09
8.460177447489058977e-09
1.367605251267889344e-09
5.717900042334633781e-10
0.000000000000000000e+00
1.915593905721379997e-08
0.000000000000000000e+00
7.341446561781594937e-09
6.497347548872767220e-09
2.358580664107989833e-09
4.405679376873194997e-09
9.490118024757521198e-09
2.955917732805346532e-09
3.293815780125441961e-07
4.556041321990278448e-09
1.311066188947052069e-08
1.403698064450509264e-07
7.243018407265822134e-10
8.526251917828631122e-07
1.759252077349060528e-09
4.125350727690602071e-09
7.023002979167358717e-08
4.486859239705154323e-08
4.093126726445461827e-09
2.955889311095916128e-09
2.384939179478351434e-08
3.926074896298814565e-07
6.892296511296081007e-09
2.118110797866279427e-09
2.569411662989296019e-06
8.811272067532627261e-08
6.015143494408903280e-09
5.781057055287419644e-08
1.580299624492909061e-08
3.702892001911095576e-07
2.935906096013241040e-08
3.438071018990740413e-07
6.244306460789772473e-11
5.907520062464755028e-06
1.125267559132225870e-07
1.691214947641128674e-06
3.340982601685027475e-09
2.930119364918937208e-07
1.118345971384826498e-09
6.129256462372723036e-07
3.891261002308965544e-08
5.593675496129435487e-07
2.331277926259645028e-08
0.000000000000000000e+00
5.122022685100091621e-06
2.762092435659724288e-06
3.991921460055891657e-08
1.449401167974428972e-07
1.543498484579686192e-08
1.076933131116675213e-06
3.086615185665664285e-09
9.485885854587650101e-09
4.595958891240314870e-10
6.106328775956626487e-09
2.575253787995279708e-08
7.111908839618763523e-09
2.022017497438355349e-06
1.057896810152669786e-07
1.273696511816524435e-06
3.628205291761332774e-09
2.664446441258405684e-09
3.861865272014597394e-10
3.239831158907691133e-08
6.138959918189357268e-08
0.000000000000000000e+00
1.482599259361450095e-06
2.259032356732859625e-07
2.875903817312064348e-07
1.041184532368788496e-06
7.188475592556642368e-08
1.575143983245652635e-06
2.042694724480043078e-08
7.051962569448733120e-09
1.046586248776293360e-07
1.573529004872398218e-07
6.934715024442539288e-09
2.055463655184497362e-12
1.370445423809485419e-09
2.818332802689837990e-07
0.000000000000000000e+00
0.000000000000000000e+00
2.140336982847657055e-05
1.476760987800807001e-12
1.215463356629697955e-07
0.000000000000000000e+00
2.953317412845990475e-08
4.618048166094013141e-08
4.036695600007078610e-08
0.000000000000000000e+00
6.329736734755897487e-09
4.968891076373438409e-09
4.133716302590073610e-08
7.879779495567618142e-09
4.756836244346196452e-11
2.464782156152978132e-08
1.430867996532469988e-06
0.000000000000000000e+00
5.720592402558288825e-11
0.000000000000000000e+00
1.506485745039753965e-07
0.000000000000000000e+00
0.000000000000000000e+00
0.000000000000000000e+00
1.797338988751562283e-08
1.633301827119737482e-09
8.787472971505394526e-09
0.000000000000000000e+00
5.307198236437216110e-08
1.443202819473299314e-07
0.000000000000000000e+00
0.000000000000000000e+00
0.000000000000000000e+00
5.230180288862129601e-09
7.813024671676771504e-10
9.743258644334673590e-09
0.000000000000000000e+00
0.000000000000000000e+00
4.305702017148860250e-09
1.309490016865311190e-06
0.000000000000000000e+00
2.351441935388720594e-06
3.502218515194499560e-09
8.415500474256987218e-08
2.462102077771533004e-09
2.317413816399493953e-09
1.033560366181518475e-07
4.480308746224181959e-08
3.313562331186403753e-07
2.224084028057404794e-08
1.051782987815386150e-06
2.866847426119534248e-09
8.743604951177985640e-09
4.760778438139823265e-09
9.255540334152101423e-09
2.234524387745295826e-08
3.373406798345968127e-07
2.460839176876561396e-08
0.000000000000000000e+00
4.468191718842717819e-07
2.020439149319486205e-09
1.054084020069012695e-08
8.245053528810331045e-09
0.000000000000000000e+00
6.051493084413550605e-09
4.196200720230081060e-09
3.199882883109239629e-07
6.586683198861464916e-09
2.061864705638072337e-07
3.718961583132340820e-09
3.974909290604955459e-10
3.615838184423125767e-10
1.605680353122806991e-07
1.357491630216145495e-08
6.513185724088543793e-08
2.766395539310906315e-07
1.271681782100131386e-07
0.000000000000000000e+00
3.765497069707635092e-07
1.090581580598382061e-08
0.000000000000000000e+00
3.290312733383871091e-08
2.142854782505310141e-06
7.437427118617279120e-09
2.277651851845252651e-11
3.536801740366968261e-09
0.000000000000000000e+00
7.150516012188745663e-06
1.018122364193629892e-09
0.000000000000000000e+00
0.000000000000000000e+00
0.000000000000000000e+00
8.292396991294026520e-09
2.881938243604054151e-09
7.270615359766807728e-11
7.970236026721977396e-08
0.000000000000000000e+00
1.117032866204681341e-07
0.000000000000000000e+00
0.000000000000000000e+00
0.000000000000000000e+00
4.614822746162872136e-09
0.000000000000000000e+00
0.000000000000000000e+00
6.870938928926761946e-09
5.500518795997777488e-08
3.542868043382441101e-08
2.591317809219617629e-07
1.047354203365102876e-06
7.012974201359156723e-09
1.538712446347290097e-08
1.865052823291080131e-08
1.323238961958850268e-06
4.752458337975440372e-08
1.364134050163556822e-06
3.621517974394805606e-09
1.568657381767479819e-08
1.143817396354052107e-08
5.934548852337684366e-09
9.961821888282429427e-06
9.544018908513862698e-09
6.437982165152789094e-07
8.790612326947666588e-08
8.943476181855203322e-09
1.731586621644964907e-06
6.851170724075927865e-07
2.922364128465915201e-09
1.442104480275929745e-08
1.513651981532859736e-09
1.274324495170731097e-05
4.756621052592890919e-08
1.957012329967255937e-07
1.251476788866057177e-07
3.403418986636097543e-07
2.628672612914328965e-09
9.577620119216589956e-08
9.048827465107933676e-09
5.249657419881259557e-07
2.763628881297108819e-09
1.627487300481789134e-08
1.426078366506544626e-08
4.862836249230895191e-06
1.165212148990235619e-09
3.398410797217366053e-07
1.854819409174979228e-08
8.381833005444150331e-09
2.129567189257386417e-09
5.704671366402180865e-07
1.987614126619519084e-07
1.022236548881005902e-11
1.031179522215097677e-06
1.511191953795787413e-07
2.496245654626250143e-09
3.156740868703877823e-09
1.606232480355629377e-08
0.000000000000000000e+00
0.000000000000000000e+00
1.628841062029096065e-08
7.391953715796262259e-08
0.000000000000000000e+00
1.542733585324640444e-08
2.317214331526429305e-08
2.046032960834054393e-07
1.333306531847711085e-08
7.285775183163423208e-08
1.630894530535442755e-08
0.000000000000000000e+00
2.983124858246810618e-09
3.987147465522866696e-06
5.752518461576983100e-09
3.010875616382691078e-06
1.773216240508190822e-08
0.000000000000000000e+00
1.111822078847524153e-09
1.383526182507921476e-08
8.218567160156453610e-08
1.952392523207890918e-07
0.000000000000000000e+00
9.006740242512023542e-08
3.933035674918983204e-09
0.000000000000000000e+00
0.000000000000000000e+00
0.000000000000000000e+00
1.637756810168866650e-07
8.155281250310508767e-08
0.000000000000000000e+00
0.000000000000000000e+00
1.734075141257562791e-07
0.000000000000000000e+00
0.000000000000000000e+00
0.000000000000000000e+00
0.000000000000000000e+00
0.000000000000000000e+00
0.000000000000000000e+00
7.218199726821694640e-08
0.000000000000000000e+00
6.945291008975118530e-09
2.895615081044411454e-09
4.282263876831393645e-09
1.527486972463520942e-07
0.000000000000000000e+00
2.812622845738133037e-08
1.286875050965363698e-09
0.000000000000000000e+00
2.434085217828396708e-07
8.856257949219070724e-09
0.000000000000000000e+00
2.007696821237914264e-06
7.610915370159787585e-12
2.153559641726587870e-08
4.422729293906968451e-09
0.000000000000000000e+00
0.000000000000000000e+00
9.014626556336224894e-08
0.000000000000000000e+00
0.000000000000000000e+00
0.000000000000000000e+00
3.287067062984760923e-09
3.702465001254040544e-09
1.580612973839379265e-07
3.010224736144095914e-09
0.000000000000000000e+00
1.033578000964041621e-09
0.000000000000000000e+00
1.219328964907617774e-06
0.000000000000000000e+00
2.439076638438564260e-07
4.332523317884806602e-08
0.000000000000000000e+00
1.269094074274335071e-08
8.709304211151902564e-07
2.608795739433844574e-07
0.000000000000000000e+00
8.189788403001330153e-09
0.000000000000000000e+00
3.056861146433220711e-07
2.657828801488903991e-08
1.882528444241415855e-08
0.000000000000000000e+00
0.000000000000000000e+00
0.000000000000000000e+00
2.784594954619024065e-08
0.000000000000000000e+00
7.903042803514281900e-12
2.239040099993871991e-07
9.100604714262772177e-09
1.774865836523531470e-07
0.000000000000000000e+00
0.000000000000000000e+00
0.000000000000000000e+00
4.188868807375456527e-09
0.000000000000000000e+00
5.917847545333643211e-08
9.812643497753015254e-08
0.000000000000000000e+00
3.620860979935969226e-07
0.000000000000000000e+00
0.000000000000000000e+00
1.030695750969812252e-09
0.000000000000000000e+00
0.000000000000000000e+00
0.000000000000000000e+00
0.000000000000000000e+00
0.000000000000000000e+00
0.000000000000000000e+00
0.000000000000000000e+00
1.158430062986326448e-08
1.044574915454177244e-08
0.000000000000000000e+00
0.000000000000000000e+00
0.000000000000000000e+00
4.701002964679901197e-08
7.157482606601206498e-09
3.415201010881219190e-09
9.922915822357936122e-09
2.319569070152738277e-08
6.375607153330520305e-09
0.000000000000000000e+00
7.076683772311298526e-08
5.059587748768024085e-10
4.934809894052705204e-09
4.213361535221338272e-07
8.671762197209886835e-10
1.922508999996352941e-06
4.055253910451028787e-08
3.079380519466212718e-07
2.827965204232896212e-07
2.686316724620496643e-10
2.901654916342977231e-09
8.434824394498718902e-07
2.295105439031885908e-09
3.948348137328139273e-08
2.911723413490108214e-07
3.323219388562392851e-08
6.898324755866269697e-08
0.000000000000000000e+00
4.912823214908712544e-07
2.338146032343502156e-06
3.843295404148960870e-10
8.929752048913996987e-09
1.691643625179040100e-08
3.389799019259953639e-08
4.337357972783451032e-10
1.388074988284415667e-08
5.013590680391644128e-07
3.614903931747903698e-08
7.771813193002685694e-10
3.394131908862618729e-07
4.926766450807917863e-06
2.441283584175835131e-07
4.508118323087728641e-10
1.421304751409585565e-13
2.261216636156859749e-08
9.281536428318304388e-09
9.159870018038418493e-08
2.293236889272520784e-08
9.971631520500068291e-09
9.216302743197957170e-08
6.047511380558034944e-09
2.188531489366596361e-08
0.000000000000000000e+00
4.287471355723937450e-08
2.377061747438347084e-07
1.640350888010289054e-06
6.190960277763224440e-08
6.723489320847875206e-09
3.658729497146850917e-08
1.070230410959993606e-07
1.471349975190605619e-08
4.103474537942020106e-08
7.645856392457517359e-09
2.802145893099350360e-08
1.400095811732171569e-06
2.146919086953857914e-08
1.900622770278914686e-09
9.019479385585782438e-09
0.000000000000000000e+00
4.091192717936564804e-09
4.513770246461490387e-09
3.493224909334458061e-08
0.000000000000000000e+00
8.364390424731027451e-08
7.605652996289791190e-08
1.583435050633852370e-06
1.675851013516194143e-09
5.088006673759082332e-06
5.567241334603068026e-09
9.292457470166937128e-09
2.812777344374239874e-09
9.858212912661201699e-09
5.207255426853407698e-08
1.054023979207840966e-08
3.016633698393889063e-08
0.000000000000000000e+00
3.798596159843015130e-10
2.226654771675384836e-07
6.164617705195496455e-09
2.362263273880671477e-08
9.755846797077083465e-09
2.250823555316472380e-10
0.000000000000000000e+00
4.968794087290007155e-08
0.000000000000000000e+00
8.814255991751451802e-10
0.000000000000000000e+00
0.000000000000000000e+00
5.443122930159915995e-08
2.430379231199708556e-09
1.206338282599972445e-07
0.000000000000000000e+00
0.000000000000000000e+00
0.000000000000000000e+00
3.471330722870646923e-10
1.456220560802634623e-11
1.751668676774897904e-08
8.234858128730593307e-09
0.000000000000000000e+00
1.957642936645243026e-08
0.000000000000000000e+00
0.000000000000000000e+00
0.000000000000000000e+00
9.351026619697222486e-10
1.817260231185002795e-09
1.315321185302309459e-09
1.115699421738725050e-09
9.913846632514378143e-09
0.000000000000000000e+00
1.156598727902746759e-08
5.077427367439213413e-09
5.399735658606630295e-10
3.730071362895159837e-09
7.839951465804517738e-10
0.000000000000000000e+00
9.976495324304224255e-12
3.907495660371296253e-09
3.008410534577343753e-11
2.425006861983547424e-09
1.606950683630259391e-09
6.052373879850136973e-11
1.654671599737866927e-08
6.070833080684678862e-08
1.980746901608654298e-06
1.028696150484620375e-08
2.328332442402825109e-07
0.000000000000000000e+00
6.584982656931970268e-07
2.118314199606174952e-07
7.566053561447461107e-09
6.673925412314929417e-08
2.425415068785241601e-08
7.780876387641910696e-09
0.000000000000000000e+00
2.741721516485995380e-07
0.000000000000000000e+00
3.207709098340671972e-11
0.000000000000000000e+00
0.000000000000000000e+00
4.136037734525643828e-09
0.000000000000000000e+00
7.422222552122548223e-07
1.824123785354458960e-08
2.457321635063181020e-08
9.722497473774183163e-09
1.052571030335514024e-09
9.441179571467728238e-08
1.621945577845451680e-09
3.970211537307477556e-07
0.000000000000000000e+00
6.191852808257181096e-09
0.000000000000000000e+00
0.000000000000000000e+00
2.105141616581818198e-09
6.774080428539885901e-12
2.559199252516464185e-08
9.140088130799028932e-10
9.089411889817711199e-09
1.370649101772869471e-06
1.465882519369188230e-06
3.687730787405030242e-09
8.125566886008073197e-09
1.533766180727980100e-07
1.148379702442525740e-08
2.980489739456970710e-07
1.699125618870311882e-06
3.615632980188444867e-14
1.596179612095571798e-11
9.644153031729274517e-09
0.000000000000000000e+00
0.000000000000000000e+00
6.281914721739667584e-08
2.967389528540920196e-11
2.294892880172483274e-07
0.000000000000000000e+00
5.603592967418080661e-08
2.189331382851378294e-08
2.276521549049448367e-08
1.265084250690051704e-07
5.308861128483499670e-10
3.302337292510060252e-09
1.644042981752136257e-06
1.619304335065407940e-08
2.126589606632478535e-06
5.494459642818583234e-08
4.018722421506026876e-08
1.406671579218254919e-08
6.355279538183822297e-07
4.481400708300498081e-07
2.422393841072789655e-08
4.264587971647415543e-08
7.532341896876459941e-06
5.689486215487704612e-09
7.095380949451168817e-10
1.863539722535278997e-07
4.955232224546080033e-09
7.164007342908007558e-07
7.432052750999673663e-09
1.430405394131639696e-08
3.926687308641874097e-10
6.289440790396838565e-08
1.397888240717293229e-07
4.787247689819196239e-06
3.008923388225781537e-10
5.643665446086743032e-08
1.706526475686587219e-09
1.006982756734942086e-06
1.546332555335538927e-07
5.135868832439882681e-07
5.061221997060272315e-10
3.341968923820104465e-09
5.205065267688269159e-09
3.129010650582131348e-08
7.281977687512153352e-09
4.145559895363248870e-09
1.042255970418182187e-08
1.224081724870984544e-08
8.137306650723985513e-08
5.489598109420512628e-09
5.094286770201961190e-09
3.854038865824804816e-09
4.752967925014672801e-06
1.272040890398784541e-07
6.052070489204197656e-07
1.281529080188192893e-06
1.687822326346122281e-08
2.211213612213214219e-08
2.204943001515857759e-07
1.435130201343781664e-07
7.107241462023239364e-10
8.494971837080811383e-09
1.248595449254708001e-09
7.739718310695309356e-10
9.387077781752850569e-10
1.046589432007749565e-06
5.787335055629228009e-08
0.000000000000000000e+00
0.000000000000000000e+00
9.531199651746646850e-08
1.692388229557195700e-09
0.000000000000000000e+00
0.000000000000000000e+00
8.827820607848479995e-08
0.000000000000000000e+00
0.000000000000000000e+00
7.503205168291060545e-09
2.204922111559426412e-07
4.301330125411340077e-11
0.000000000000000000e+00
0.000000000000000000e+00
2.870464629878277663e-11
1.181289110974148571e-08
0.000000000000000000e+00
2.215545524819617640e-10
0.000000000000000000e+00
7.633863106093485840e-07
0.000000000000000000e+00
0.000000000000000000e+00
0.000000000000000000e+00
8.596874181421298999e-07
2.934489486960956128e-07
0.000000000000000000e+00
1.669063180997909512e-06
0.000000000000000000e+00
1.739264916977845132e-06
3.869595843752904329e-08
5.982816020377867972e-08
0.000000000000000000e+00
0.000000000000000000e+00
0.000000000000000000e+00
4.284817986532907241e-11
8.243278557529265527e-07
0.000000000000000000e+00
0.000000000000000000e+00
7.967250859053365275e-09
1.164594864988544032e-09
0.000000000000000000e+00
9.859694394265261508e-09
2.619623684640970396e-10
3.597405111577245407e-07
1.401929466737783514e-06
1.609448574413363531e-08
7.155860792806834070e-09
3.092966327500334955e-09
4.185328350558847887e-08
3.765580292025560993e-09
0.000000000000000000e+00
3.788780400526547965e-09
3.404701853781944010e-09
7.992822403934951581e-09
1.521720638386625524e-09
1.052910381105220949e-08
3.047174734760460524e-09
1.018671355268452317e-06
2.482918037838288683e-11
2.029676648973577358e-09
4.539774667300378042e-10
0.000000000000000000e+00
1.963489104639393190e-08
3.947321580710649869e-09
2.295202472524238146e-09
8.752686943280796328e-12
4.995122981910071758e-09
4.497375805101455626e-09
1.595588017266891256e-08
3.854654817558866853e-09
0.000000000000000000e+00
8.162444942172442097e-08
3.521823899177434214e-08
3.371282586428492323e-09
0.000000000000000000e+00
0.000000000000000000e+00
2.123354825300793891e-08
5.216441536504135001e-07
0.000000000000000000e+00
9.293725788950268907e-09
0.000000000000000000e+00
1.693976336980540509e-08
3.258335823375091422e-10
4.675475295812248078e-08
2.724073189241948967e-10
9.597204107814061302e-12
8.615580471271755414e-10
1.801083953978377394e-06
2.726026293586869542e-09
1.030541341151547385e-07
0.000000000000000000e+00
0.000000000000000000e+00
2.730058490385545156e-08
1.003263583321256647e-09
3.544012017187014862e-08
0.000000000000000000e+00
0.000000000000000000e+00
1.244679803669157536e-09
0.000000000000000000e+00
2.305809410074743937e-08
0.000000000000000000e+00
5.862628995600971393e-07
4.776143036622215732e-09
5.806916725248356670e-09
0.000000000000000000e+00
8.583939115069938453e-12
0.000000000000000000e+00
5.150399715603271034e-07
1.242702829529207520e-08
7.602714013899003476e-09
6.513378170147632318e-10
5.595249596979101625e-09
0.000000000000000000e+00
1.523150672255724203e-07
2.341111304815512995e-08
2.437145667499862611e-07
1.917315017863074900e-07
3.204902725428837584e-07
1.583655873105271894e-08
2.058876816590782255e-06
1.135964122767063600e-08
4.554536470191550279e-10
1.651687897563647311e-09
2.563733392246803078e-10
1.175615049753275798e-09
7.484323560902339523e-08
2.201164583937043062e-08
2.772942480078199878e-07
1.318637430358648999e-07
5.120374524381077208e-08
5.133047409344726475e-08
2.213749183965774137e-10
3.286790217771340394e-08
3.417525107352048508e-08
0.000000000000000000e+00
1.043012898271911126e-09
4.839706591042158834e-08
1.440149599574169770e-08
1.277728500781449839e-08
1.815516448289145046e-08
9.735364514540378877e-09
2.174587763192903367e-07
1.122803254816062690e-07
1.127501558784160807e-08
1.306391106403737012e-09
6.906394105499202851e-07
3.440165130541572580e-08
6.760631610092104893e-09
1.189594112105396562e-08
8.465559631076757796e-08
3.747353360950000933e-08
6.269185632845619693e-07
5.095019961487423643e-09
3.487548028147102741e-09
1.656655967963160947e-08
7.445176475329162713e-09
2.015136288946450804e-07
2.326096648630482377e-09
1.563347382216306869e-06
0.000000000000000000e+00
1.865395915956469253e-06
1.055103879821217561e-07
7.849197203313451610e-08
1.048600353215078940e-07
1.229824420079239644e-06
1.917435632492470177e-08
6.777578942518402982e-09
6.192037460550636752e-08
1.791306658560642973e-08
6.140020492040321187e-09
2.208172844575528870e-07
1.527977246951195411e-07
3.257827074776287191e-07
3.155063268422964029e-07
5.083195731003797846e-08
3.867147990721520046e-10
1.602861289029533509e-06
8.079578606157156173e-07
5.451348261686916885e-09
0.000000000000000000e+00
1.400295257525385750e-08
1.149255552945760428e-07
9.818376112136206757e-10
1.017226693988959596e-07
1.175945669729117071e-07
3.860656306642340496e-06
1.246531233789482940e-08
3.265057557655381970e-06
3.381168482974317158e-07
4.572359435517370230e-10
5.105299010210728738e-07
9.350472396363329608e-09
1.438716229484882092e-10
3.906792223062893754e-09
3.423085104259371292e-08
8.690847153047798201e-09
1.194229781731337425e-08
1.300842995988205075e-06
1.048015985105621439e-08
1.460658594076846839e-09
1.538799239142463193e-07
1.033392571514468727e-08
2.744280180877467501e-08
0.000000000000000000e+00
2.825794922500790562e-07
5.468525188234707457e-09
0.000000000000000000e+00
8.702722098519188876e-09
7.574409721655683825e-08
0.000000000000000000e+00
1.392890691676029746e-08
8.099178927523098537e-08
3.142083260243566656e-09
2.197043158957967535e-06
6.937285856878361301e-09
1.101758129173902034e-09
6.752233883133840209e-09
0.000000000000000000e+00
2.223729422823339519e-09
1.755931407387834042e-06
7.821328296131468960e-08
7.014329383991935174e-08
3.831054300462710671e-07
3.242069501752098404e-09
0.000000000000000000e+00
1.983108788294885017e-09
1.521411377325421199e-06
1.772992419546426390e-08
7.634106680143304402e-08
3.905942236315240734e-10
3.526746450432938218e-09
3.287027094955874418e-09
0.000000000000000000e+00
1.539673250006146077e-10
1.036868752635200508e-06
4.881812998291934491e-08
0.000000000000000000e+00
2.427391265769074380e-08
1.062555599062875444e-09
4.073878301369404653e-07
0.000000000000000000e+00
0.000000000000000000e+00
1.888486053758242633e-06
0.000000000000000000e+00
2.374824337181280498e-09
1.803057182725442686e-11
4.303521983217706293e-09
0.000000000000000000e+00
2.838332058274772862e-08
1.366547337511292426e-07
0.000000000000000000e+00
0.000000000000000000e+00
8.026739095612356323e-08
4.002635307642776752e-07
0.000000000000000000e+00
0.000000000000000000e+00
7.703000903802603716e-09
1.006629557487315196e-09
5.733268526597612436e-09
0.000000000000000000e+00
0.000000000000000000e+00
1.394681037325540274e-09
5.854232654201041441e-08
1.140116001607793805e-08
3.109809938450780464e-07
9.345199059040965039e-10
0.000000000000000000e+00
0.000000000000000000e+00
0.000000000000000000e+00
0.000000000000000000e+00
0.000000000000000000e+00
2.620862193936090989e-09
5.796313828909660515e-08
8.220680247639222671e-10
8.362773584735805343e-09
9.515795795778103638e-08
1.370780733367382709e-08
3.603917608785422999e-09
6.489547121901750870e-09
0.000000000000000000e+00
0.000000000000000000e+00
3.638761469915152702e-08
7.339489016544575861e-09
5.899762900440919111e-10
1.949806801349041052e-06
0.000000000000000000e+00
4.012587595525474171e-09
0.000000000000000000e+00
3.247406343831471531e-09
4.809109999115435130e-09
3.803478421104955487e-09
0.000000000000000000e+00
5.826947258036341282e-10
1.887233036512725448e-09
4.035146439207437652e-09
1.596180787544199120e-08
0.000000000000000000e+00
0.000000000000000000e+00
0.000000000000000000e+00
9.050737617144477554e-07
0.000000000000000000e+00
5.395517366224567013e-10
9.977483728107472416e-09
4.238708495307719204e-09
2.082063303987524705e-07
2.355067607595628942e-07
0.000000000000000000e+00
2.144906696699422355e-09
1.230714530287002617e-09
9.970439585060830723e-09
1.537370764026491088e-07
5.619920173671744124e-08
4.698193265539885033e-07
8.272535434450389857e-10
1.045262632004551051e-08
2.071026544703258310e-10
1.466616272871590354e-09
0.000000000000000000e+00
5.299163885474911240e-12
0.000000000000000000e+00
2.818572397700336296e-08
8.009507501682833208e-10
8.647581539733550926e-10
0.000000000000000000e+00
0.000000000000000000e+00
7.205173346847004723e-09
1.127342871831693571e-10
9.298211089969754539e-10
3.988718688674453006e-08
0.000000000000000000e+00
0.000000000000000000e+00
0.000000000000000000e+00
8.919651151018115343e-08
0.000000000000000000e+00
2.917307950767167313e-09
0.000000000000000000e+00
0.000000000000000000e+00
4.212571624861993769e-09
0.000000000000000000e+00
4.075533865943725687e-08
5.890535170749444660e-09
0.000000000000000000e+00
0.000000000000000000e+00
5.362519672758025990e-08
0.000000000000000000e+00
7.363475107435846212e-11
6.515876380119856037e-12
4.615385762463120045e-08
2.411343347219485622e-09
0.000000000000000000e+00
4.238021045210871307e-10
1.311090680466975300e-10
2.350756744817772415e-07
3.976590612353447796e-09
2.435983081916504034e-10
8.523660888215545128e-09
0.000000000000000000e+00
0.000000000000000000e+00
4.498260608443160891e-08
7.302912052864485304e-09
7.251758082915671366e-10
9.590904426204360789e-08
1.534981031170445931e-08
7.724445388879175312e-11
8.310908583553100470e-08
3.734652587183973083e-10
2.586786607139401895e-08
4.895286953576771793e-10
3.312775054276073661e-10
6.061111612609693111e-09
1.871973154266015626e-08
0.000000000000000000e+00
2.303447016460680175e-11
1.203847972419680445e-07
9.297962400012238504e-09
0.000000000000000000e+00
1.046344209498784039e-06
3.747728793968008176e-09
6.495862958644238461e-09
1.390735526740627392e-09
4.765955186059045445e-09
2.802759809128474444e-06
5.493599353201261692e-09
9.583056126416522602e-09
1.267057037068752834e-08
1.687762846813711803e-06
1.638882025645216345e-07
8.485548264047793054e-09
5.358566568247624673e-07
6.270569397059944095e-09
3.427269135158894642e-08
2.659993185716302833e-07
3.016418759216321632e-08
1.076718945114407688e-06
2.734738835385996936e-08
5.036644168399107002e-08
3.063880740228341892e-07
4.238148676449782215e-08
1.503894281995599158e-06
8.769540471575965057e-08
1.029867036095311050e-07
7.879626906515113660e-08
1.575846297896532633e-08
3.510068893319839844e-07
1.730415100098525727e-08
2.432382473216421204e-07
4.059217317831098626e-08
1.264587126570404507e-06
1.023007012435073193e-08
1.117018769036803860e-06
2.283467637198555167e-08
1.769044075672354666e-07
5.293755407365097199e-07
4.493983496445252968e-08
2.857806293832254596e-07
7.498781151582534221e-09
2.927258213603067816e-09
3.779128121550456854e-09
1.826086020173534052e-07
2.380050290184954065e-08
1.729850751530648267e-08
2.419316524893133646e-09
1.415218207512225490e-06
2.591466952139853674e-08
1.712713526558218291e-07
6.136683623481076211e-06
7.241254706968902610e-08
1.903633233268919867e-07
1.739366695119315409e-08
2.042226469711749814e-06
1.078640252671902999e-06
1.586219156024526455e-08
3.247065949452121458e-10
5.585966889043447736e-08
7.489504838531502173e-08
1.436847085756198794e-08
1.755478962195411441e-07
3.484347255167108415e-09
3.378940220954973483e-07
9.150052382445039711e-10
2.106602892126829829e-07
5.478859748109243810e-07
3.820700555934308795e-08
2.522237991797737777e-07
3.958822603067346790e-08
8.181914381566457450e-07
8.771981363508984941e-09
9.585067317630091566e-08
1.934705906592171232e-08
6.615257230890847495e-09
0.000000000000000000e+00
7.015531267029473383e-09
4.739906689366080172e-09
1.166046992295832752e-08
6.803031027402539621e-08
6.706968314063033176e-10
7.376650046353461221e-07
6.776060104130010586e-07
0.000000000000000000e+00
9.840752657197526787e-10
0.000000000000000000e+00
8.732448577575269155e-07
2.007555011118711263e-09
5.404846703527255158e-08
6.447923861507831589e-10
4.817871879225776865e-09
1.029907139127317350e-06
0.000000000000000000e+00
0.000000000000000000e+00
0.000000000000000000e+00
1.408217453757742987e-08
7.768918663941803970e-08
0.000000000000000000e+00
1.948703282073083187e-10
4.966367761483070353e-09
1.984675090938026187e-09
6.888985493169741403e-10
0.000000000000000000e+00
2.820127742442224417e-10
0.000000000000000000e+00
7.701827797745863791e-08
2.376023156003270742e-09
1.668310346758516971e-06
3.140607418572471943e-07
6.060634660798314144e-09
1.161213617706380319e-06
1.492979038175690221e-07
2.364618865158263361e-07
5.551046200480413972e-08
3.326866115926918610e-09
0.000000000000000000e+00
8.045713428828094038e-09
0.000000000000000000e+00
0.000000000000000000e+00
0.000000000000000000e+00
4.185559010494444010e-09
0.000000000000000000e+00
0.000000000000000000e+00
8.122578130931312757e-12
7.275582358801102600e-09
1.813147076923371515e-09
3.946520266140396416e-08
0.000000000000000000e+00
4.179916857083298964e-08
1.089654200203682421e-10
4.490037497362209251e-08
8.707181677891639993e-07
6.093016935437844950e-08
6.102255838413839228e-07
3.647013135932297700e-09
5.004003877928653310e-09
4.951737686553769890e-09
0.000000000000000000e+00
7.965784902808081824e-07
1.554689710303591710e-08
0.000000000000000000e+00
7.827291028661420569e-07
1.028599688063236428e-11
1.008619854303560714e-08
0.000000000000000000e+00
0.000000000000000000e+00
0.000000000000000000e+00
0.000000000000000000e+00
9.915924418374411076e-13
0.000000000000000000e+00
0.000000000000000000e+00
7.782866795480458677e-09
0.000000000000000000e+00
3.924044644776358837e-09
0.000000000000000000e+00
6.369668348327195417e-09
5.633989417219709139e-07
1.190049147226091009e-06
8.320954947294012527e-08
5.704116068372400150e-10
0.000000000000000000e+00
8.060191625247625780e-09
0.000000000000000000e+00
0.000000000000000000e+00
1.013897659163376375e-07
0.000000000000000000e+00
1.410271455171141497e-08
6.362055771091945644e-09
1.522918068985745776e-06
1.168433527709566988e-06
9.701457202027086169e-07
3.408536940696649253e-06
3.058635456909541972e-06
5.752042397944023833e-07
3.447440803938661702e-07
7.069328603392932564e-06
3.111517344223102555e-06
1.013405267258349340e-06
1.172493284684605896e-06
1.628993231861386448e-06
1.643173618504079059e-06
3.504211463223327883e-06
1.689940972937620245e-06
5.514219196811609436e-07
3.612002274167025462e-06
9.292398317484185100e-07
6.844395102234557271e-06
4.437381448951782659e-06
9.391347077780665131e-08
1.679213823990721721e-06
1.432000885870365892e-06
1.483467030993779190e-06
7.214285346890392248e-08
3.661317293790489202e-07
3.066977569687878713e-06
8.063640422051321366e-08
8.606186270299076568e-07
6.489935003628488630e-06
1.533421425392589299e-07
5.139110726304352283e-06
5.061370433878664699e-09
1.434122054888575803e-06
2.966686096783632820e-08
2.566386683611199260e-06
1.258357406186405569e-05
4.264589392732887063e-07
1.747985947986308020e-06
1.988884150705416687e-06
2.279590205489512300e-07
2.913753291977627669e-07
2.080857086639298359e-07
1.596923993929522112e-06
3.308657028355810326e-07
2.347030125804394629e-08
2.013324262861715397e-07
1.565411707815655973e-06
6.108602974563837051e-07
8.729885259128877806e-09
0.000000000000000000e+00
9.103187039727345109e-07
2.363332896493375301e-06
4.048799382871948183e-06
1.375027068206691183e-06
4.329784587753238156e-06
1.430811607860960066e-06
4.519803042057901621e-06
8.553935003874357790e-06
1.170894961433077697e-06
1.247987142960482743e-06
3.710034434334374964e-06
3.470399633442866616e-06
3.191595112639333820e-07
1.440318101231241599e-06
1.757789277689880691e-06
5.555631332754273899e-07
1.636140382288431283e-06
2.991963583554024808e-06
6.546050030920014251e-07
1.801288476599438582e-06
3.626088300734409131e-07
1.101533712244417984e-06
1.154187884822022170e-06
3.392440476090996526e-06
3.511597469696425833e-06
1.755640141709591262e-06
6.967197805352043360e-07
7.931658956294995733e-07
7.465507110282487702e-07
4.469194720968516776e-07
1.091384319806820713e-06
3.127748300357779954e-07
9.201367134892279864e-08
1.411956759511667769e-06
8.932084369916992728e-07
6.866681019346287940e-07
1.162069906968099531e-08
1.215076508742640726e-06
6.175413886921887752e-07
4.993577817913319450e-07
6.931722396075201686e-07
9.343414603790733963e-06
1.741049459269561339e-06
1.181875131095466713e-08
8.855800842866301537e-06
9.085627539207052905e-08
6.474928682109748479e-07
1.544864630886877421e-06
5.670624858566952753e-09
2.329728431504918262e-06
7.988432315642057802e-08
3.052686565752082970e-07
1.099055339182086755e-06
1.045484850692446344e-06
2.271677290721640929e-09
3.581941498964624770e-08
5.700119345419807360e-06
7.955893721600659774e-08
1.290053290858850232e-07
2.309129332189741035e-09
1.113915368478046730e-05
6.691139446957095060e-07
2.909068143708282150e-06
3.002370249305386096e-06
8.639451039016421419e-07
3.217148559997440316e-06
2.430926542729139328e-06
4.266164523869520053e-06
1.087824102796730585e-06
1.574056113895494491e-06
2.437565399304730818e-06
7.434975941578159109e-07
1.873409814834303688e-06
5.833845079905586317e-06
2.886050651795812882e-06
5.601142675004666671e-06
4.929388978780480102e-06
3.848614937851380091e-07
1.642141796764917672e-06
1.323376181971980259e-06
1.157230713033641223e-06
1.559891700253501767e-07
2.556075969550875016e-06
3.872499405588314403e-07
2.852223701665934641e-07
2.138661329809110612e-06
1.841070087493790197e-07
1.231514829669322353e-06
3.912049123755423352e-06
2.608975648854539031e-07
7.999668288904970836e-11
8.838725307214190252e-10
6.174130930958199315e-07
1.144959151133662090e-05
1.488954512751661241e-05
7.986383025126997381e-06
1.451702758004103089e-07
1.400774976900720503e-06
7.354084345934097655e-07
9.912176857085341908e-09
3.177274550125730457e-07
0.000000000000000000e+00
5.544321890482706294e-09
0.000000000000000000e+00
2.136780530292980984e-08
1.469457401981344447e-06
2.863414172438183414e-09
1.075028990271675866e-06
4.758378963742870837e-06
1.029653276418684982e-06
3.564779035514220595e-06
2.460966015860321932e-06
7.205083420558366925e-06
3.011251692441874184e-07
1.635879561945330352e-05
6.095264097893959843e-07
1.300434178119758144e-06
2.469264472892973572e-06
2.279261707371915691e-06
1.942411472555249929e-06
1.837192371567653026e-06
1.971384563148603775e-06
1.561855356158048380e-06
1.984091568374424241e-06
2.146054612239822745e-06
1.078252125807921402e-06
1.116501039177819621e-06
1.234109731740318239e-06
5.134372145221277606e-07
2.126129629687056877e-06
6.838470767434046138e-07
1.771491895397048211e-07
1.225511255142919254e-06
2.552812702560913749e-06
7.954695320222526789e-07
1.987962377825169824e-06
3.211955117876641452e-06
3.568052989066927694e-06
1.566820287735026795e-06
1.896509388643607963e-06
2.303079895682458300e-07
1.777302713890094310e-07
3.398216108507767785e-07
1.922680894494988024e-06
2.904680741266929545e-06
7.555469210274168290e-07
0.000000000000000000e+00
1.559124634953334976e-10
9.420935498383187223e-08
4.465080201043747365e-05
3.727939485997922020e-07
0.000000000000000000e+00
0.000000000000000000e+00
2.441916876705363393e-06
1.092701040761312470e-06
1.890322494091378758e-07
0.000000000000000000e+00
1.786570749118254753e-07
1.778181157874314522e-09
0.000000000000000000e+00
1.921246717273561444e-09
4.660199692807509564e-07
3.795777274717693217e-07
6.732723704772070050e-06
0.000000000000000000e+00
0.000000000000000000e+00
0.000000000000000000e+00
1.860614275983607513e-07
0.000000000000000000e+00
2.309623141627525911e-06
3.549819666659459472e-06
1.723221998872759286e-06
6.191383363329805434e-06
3.866836777888238430e-06
1.994343847400159575e-06
3.100216417806223035e-06
2.781453986244741827e-06
9.914223220164330996e-09
0.000000000000000000e+00
2.735286216193344444e-06
0.000000000000000000e+00
4.694038935326716455e-08
1.071945310293642706e-09
7.338381919907988049e-07
0.000000000000000000e+00
2.271039420520537533e-06
8.762838206166634336e-07
1.626358825390639140e-09
0.000000000000000000e+00
0.000000000000000000e+00
6.052444767590259289e-09
0.000000000000000000e+00
0.000000000000000000e+00
2.186728575992447077e-09
0.000000000000000000e+00
3.160403494462116214e-09
9.608569051522408699e-09
0.000000000000000000e+00
1.148886852320174512e-08
0.000000000000000000e+00
0.000000000000000000e+00
4.059294951730407774e-06
