1.196139351122837979e-06
2.305935413460247219e-05
4.308232382754795253e-05
3.468989007160416804e-06
1.212468276889921981e-07
3.376006134203635156e-05
3.702988806253415532e-06
5.030473744227492716e-07
8.165027793438639492e-06
2.855086904673953541e-06
1.252378183380642440e-06
2.050999000857700594e-06
6.479030616901582107e-06
2.879681687772972509e-06
5.951368962087144610e-07
5.525610504264477640e-06
1.807678927434608340e-05
6.699418463540496305e-06
5.139921086083631963e-06
3.317634082122822292e-06
4.276727395335910842e-06
3.932223535230150446e-06
4.354330485512036830e-06
1.225043070007814094e-05
7.604813617945183069e-06
2.853822479664813727e-06
1.033637772707152180e-06
1.308857235926552676e-06
6.231392717381822877e-07
2.104714803863316774e-05
7.732591257081367075e-06
3.167083832522621378e-06
5.968137884337920696e-06
2.713851699809310958e-06
3.261216306782444008e-06
6.159263648441992700e-06
4.391581569507252425e-06
4.741641987493494526e-06
4.487075784709304571e-06
1.506709963905450422e-06
3.717549134307773784e-06
3.036598172911908478e-06
5.692051490768790245e-05
4.384154635772574693e-06
9.663318678576615639e-07
1.835776311054360121e-05
3.109683893853798509e-05
2.738887815212365240e-06
1.322809112025424838e-06
2.803884171953541227e-06
4.177195478405337781e-06
6.088819191063521430e-07
3.915995421266416088e-06
2.997345291078090668e-06
2.869898025892325677e-06
1.283186611544806510e-05
6.428274446079740301e-06
3.363439645909238607e-06
7.313535661523928866e-06
1.639720358070917428e-05
6.475694362961803563e-07
5.571804194914875552e-06
6.499810297100339085e-06
5.930870088377560023e-07
6.710627530992496759e-06
6.088037480367347598e-06
2.709894033614546061e-05
2.279105501656886190e-06
7.819223355909343809e-06
7.253731837408849970e-06
4.957739747624145821e-06
3.635022949310950935e-06
8.332161996804643422e-06
6.876301085867453367e-06
9.819644219533074647e-06
9.828397651290288195e-07
6.064476110623218119e-06
4.712811460194643587e-06
2.355732431169599295e-05
6.175805992825189605e-06
1.147451257565990090e-06
8.830870115161815193e-07
8.298803550133015960e-06
2.789089194266125560e-06
9.174463230010587722e-06
2.797106617435929365e-06
1.146224576586973853e-06
1.589732789852860151e-07
8.103836989903356880e-06
6.686398137389915064e-07
1.910468927235342562e-05
6.330015821731649339e-06
3.348663540236884728e-06
1.586842336109839380e-05
5.896148650208488107e-06
4.353619078756310046e-05
8.184049875126220286e-06
1.810312824090942740e-05
7.918874871393200010e-06
9.950965250027365983e-06
4.245029685989720747e-06
2.164378884117468260e-06
9.513925760984420776e-06
3.000222386617679149e-05
