1.633827537261822727e-06
1.221200909640174359e-05
6.897755156387574971e-06
2.555449327701353468e-06
6.201378255354939029e-06
1.019528281176462770e-05
7.305490271392045543e-06
6.888441930641420186e-06
2.580364025561721064e-06
2.335493718419456854e-06
1.443282144464319572e-06
8.702548257133457810e-06
3.958267825510120019e-06
3.248885332141071558e-05
5.518800207937601954e-06
5.940682967775501311e-06
3.409883674976299517e-06
3.120948576906812377e-06
2.458350536471698433e-06
4.932423962600296363e-06
1.374770909023936838e-05
1.365483603876782581e-05
1.687680196482688189e-05
1.927059656736673787e-06
2.799600679281866178e-06
6.050193860573926941e-06
1.777112061063235160e-06
1.989992779272142798e-05
2.577830855443608016e-06
4.790702860191231593e-06
5.330989552021492273e-06
3.300583330201334320e-06
1.431573309673694894e-06
7.799626473570242524e-06
2.481381307006813586e-05
1.348331534245517105e-05
4.862909918301738799e-06
1.765487013472011313e-06
1.954071876753005199e-06
2.544212065913598053e-06
6.894003035995410755e-06
8.357400474778842181e-06
8.766555765760131180e-06
4.544531748251756653e-06
2.859653989162325161e-07
7.645224286534357816e-06
2.124192178598605096e-05
1.027118196361698210e-05
2.198315451096277684e-05
3.378035216883290559e-06
1.411895846104016528e-05
7.954159627843182534e-06
3.095051170021179132e-06
1.714821883069816977e-05
1.942982407854287885e-06
2.581339686003047973e-06
6.358769041980849579e-06
2.213225570812937804e-06
3.726042677953955717e-06
1.157404130935901776e-05
5.056785084889270365e-06
5.935755780228646472e-06
2.385580955888144672e-06
4.650582638987543760e-07
2.181127683797967620e-06
8.772618116381636355e-07
3.885049409291241318e-06
3.641127705122926272e-06
5.630618943541776389e-06
1.081514983525266871e-05
4.345992238086182624e-06
2.010621756198816001e-06
2.589916948636528105e-05
6.055290214135311544e-06
1.939903268066700548e-05
7.201992389127553906e-07
4.298695785109885037e-06
1.528491520730312914e-05
1.402800353389466181e-05
1.254075141332577914e-05
1.051475919666700065e-05
1.213807763633667491e-06
6.654271601291839033e-06
5.177577349968487397e-06
5.860301826032809913e-06
7.194564659585012123e-06
5.446953309728996828e-06
1.374506427964661270e-05
6.439669050450902432e-06
1.421888919139746577e-05
1.260779117728816345e-05
5.512232291948748752e-06
2.029022653005085886e-06
3.768709120777202770e-06
4.130111847189255059e-06
4.480737061385298148e-06
1.439598599972669035e-05
1.751458694343455136e-05
7.454285878338851035e-06
1.232277099916245788e-06
1.865011108748149127e-05
1.925297146954108030e-05
2.585058155091246590e-06
8.418257493758574128e-06
3.403618848096812144e-06
