7.484143793590192217e-07
5.579895301366377680e-08
9.208895335177658126e-07
2.761529458439326845e-06
9.667074891694937833e-07
5.644022280648641754e-07
2.972710490212193690e-06
1.110904463530459907e-06
4.437989389316499000e-07
6.932329483788635116e-07
2.788725907976186136e-07
4.373991487227613106e-06
5.368513939174590632e-06
1.932170789586962201e-06
8.242449439421761781e-06
2.420599230390507728e-06
7.955611181387212127e-06
1.499166955909458920e-06
3.634551603681757115e-06
3.096352520515210927e-05
4.309876203478779644e-06
4.985913051314128097e-07
9.769252756086643785e-06
2.292638100698241033e-06
4.222827101330040023e-06
2.284750507897115313e-06
7.510563591495156288e-06
1.611254447198007256e-05
9.932404054779908620e-07
3.023273393409908749e-06
3.455977093835826963e-06
7.368457318079890683e-06
1.804849830477905925e-06
5.919346585869789124e-05
2.416721144982147962e-06
1.527361405351257417e-06
9.240507665708719287e-07
5.209549726714612916e-06
2.179508783228811808e-06
8.833924766804557294e-06
8.103522304736543447e-06
4.257337877788813785e-06
8.726066880626603961e-06
2.929803486040327698e-06
7.456448201992316172e-06
3.263703618472391099e-08
4.563427182802115567e-07
7.251554961840156466e-06
2.075562406389508396e-05
1.974009592231595889e-06
7.166084287746343762e-06
2.775261691567720845e-06
2.823429167619906366e-05
4.274811544746626168e-06
7.338818704738514498e-06
2.426118044240865856e-05
7.568372666355571710e-07
2.424293370495433919e-06
1.366883680020691827e-05
2.580121145001612604e-05
3.451563372891541803e-07
1.270919710805173963e-06
3.825914973276667297e-06
3.120444489468354732e-06
6.209651928656967357e-06
2.942603532574139535e-05
1.759476504048507195e-06
1.523267565062269568e-05
5.180922926228959113e-06
7.299460776266641915e-06
1.253748905583051965e-05
9.833482863541576080e-07
3.799068963417084888e-06
2.777769338990765391e-07
7.471811841242015362e-06
3.795958764385432005e-05
1.017463910102378577e-05
1.328033476966083981e-06
6.931796633580233902e-06
3.222935220037470572e-06
2.035841680481098592e-05
1.271662085855496116e-06
1.085633357433835045e-05
4.795684617420192808e-06
1.414887833561806474e-06
3.159096377203240991e-05
4.764564073411747813e-05
4.517072227372409543e-07
1.892656541713222396e-06
3.826495230896398425e-06
2.420077635179040954e-06
1.463881562813185155e-05
2.081187994917854667e-05
9.428752491658087820e-06
5.215064220465137623e-07
6.657492122030816972e-06
3.787572495639324188e-06
1.648225861572427675e-06
1.008211711450712755e-05
2.585603397164959460e-06
1.485842858528485522e-05
8.273166258732089773e-07
4.308802090235985816e-06
3.506535904307384044e-06
1.630440010558231734e-06
1.435712965758284554e-05
8.902170520741492510e-06
1.305658088313066401e-06
3.592637767724227160e-06
1.799190272322448436e-06
8.265342330560088158e-06
2.093974060812797688e-08
2.638637575103075505e-08
7.029806965874740854e-06
6.704650786559795961e-06
3.077227347603184171e-06
3.904967798007419333e-06
5.577311185334110633e-06
1.306798731093294919e-05
7.504704626626335084e-07
7.389477900687779766e-07
2.745297706496785395e-06
4.664690095523837954e-06
3.479773567960364744e-06
2.405927034487831406e-06
6.140615369076840580e-06
3.210557679267367348e-06
1.578764909027086105e-06
1.023946606437675655e-05
2.628808715599006973e-06
1.411097969139518682e-06
1.077756223821779713e-06
5.456066105580248404e-07
1.163204046861210372e-06
1.486728365307499189e-06
3.992689926235470921e-06
8.762044103605148848e-07
6.972830988161149435e-07
3.078890131291700527e-06
4.661179445974994451e-06
3.267805368523113430e-06
2.457193659211043268e-06
2.618969801915227436e-06
1.979313992706011049e-07
7.699010893702507019e-06
1.353260927317023743e-06
1.735014666337519884e-05
1.800339362034719670e-07
9.431065336684696376e-06
1.553650690766517073e-06
2.149634781289933017e-07
6.912824233040737454e-07
1.425264599674846977e-06
3.232629524063668214e-07
1.427978531864937395e-05
2.582964498287765309e-06
4.280808752810116857e-06
1.471953237341949716e-05
1.555182620904815849e-06
3.217822950318804942e-06
2.781581542876665480e-06
1.003581473923986778e-05
0.000000000000000000e+00
4.579503183776978403e-06
2.121698798873694614e-07
2.380397063461714424e-06
5.241798817223752849e-07
3.398629075945791556e-07
3.719178565120273561e-08
9.736935453474870883e-07
4.711071710516989697e-07
7.053954050206812099e-06
5.319795945979421958e-06
8.813221938908100128e-07
2.500041318853618577e-06
2.802469225571257994e-07
1.237259857589378953e-05
2.589050382084678859e-06
2.259069106003153138e-06
9.630412023398093879e-06
1.989065822272095829e-06
7.689521339671046007e-07
3.602817059800145216e-06
1.114015321945771575e-05
2.913417119998484850e-06
2.935918473667697981e-06
7.970484148245304823e-06
2.768584863588330336e-06
3.040154069822165184e-06
1.891472493298351765e-05
1.703540328890085220e-05
3.495843884593341500e-06
1.931252597842103569e-07
3.491919926545961061e-07
2.709393584154895507e-06
1.677569230196240824e-06
2.116898798476540833e-07
5.178245373826939613e-06
3.992965048382757232e-06
6.709641411362099461e-07
3.455164460319792852e-06
2.770017601960717002e-07
0.000000000000000000e+00
2.164340173749224050e-08
8.926305781642440706e-06
2.890951463996316306e-06
6.057389327907003462e-06
1.533974796075199265e-06
5.446713657875079662e-06
3.417042080400278792e-07
5.105595846544019878e-06
1.206286356136843096e-06
1.088668909687839914e-06
4.465806284770224011e-07
3.126338469883194193e-06
1.864355226643965580e-06
1.467833044443977997e-05
1.623220313717865793e-08
1.277089154427812900e-07
3.292863368642429123e-07
1.127320956584298983e-06
1.085213057194778230e-06
2.934709186774853151e-07
5.344788860384142026e-07
4.407362474978526734e-09
4.930665795654931571e-07
9.394581468313845107e-08
2.928608751062711235e-07
4.890377454103145283e-07
0.000000000000000000e+00
8.487730156048201025e-06
1.279125808650860563e-05
0.000000000000000000e+00
5.749505476160265971e-07
8.149186214723158628e-06
2.406887460892903619e-06
6.567166792592615820e-07
9.991085789806675166e-07
5.662668627337552607e-06
5.808066362078534439e-06
2.139508524123812094e-06
2.625183242344064638e-06
2.720147676882334054e-06
7.634263965883292258e-06
1.408306161465588957e-06
9.626336350265773945e-07
2.201345665753251524e-07
2.925923126895213500e-06
1.745242741435504286e-07
7.921658351506266627e-08
1.849422460509231314e-06
6.399268386303447187e-07
5.348489594325656071e-06
7.145566627286825678e-08
2.308930561412125826e-06
9.608255595594528131e-07
5.799327595923386980e-07
1.914282847792492248e-06
2.646594055022433167e-08
4.864796778747404460e-07
3.493976464596926235e-06
5.453557605505920947e-07
4.016820639662910253e-06
6.510937851089693140e-07
1.488749717282189522e-06
0.000000000000000000e+00
0.000000000000000000e+00
4.171457476331852376e-06
5.729699751100270078e-06
0.000000000000000000e+00
0.000000000000000000e+00
1.521624085398798343e-06
2.780558497761376202e-05
0.000000000000000000e+00
5.359017336559190881e-07
1.427613824489526451e-05
5.995775154588045552e-06
3.141288289043586701e-06
1.559015072416514158e-05
3.371463026269339025e-05
6.038592292867406286e-09
1.779140575308701955e-06
7.346499842242337763e-06
9.011637303046882153e-06
4.168101895629661158e-06
1.592694758301149704e-07
4.840792371396673843e-06
1.621786395844537765e-05
0.000000000000000000e+00
1.241393761119979899e-06
