4.880458348566207860e-08
1.214650865222210996e-06
6.399062613127171062e-08
1.165233470601378940e-06
2.149493560921200697e-08
6.615250185859622434e-06
3.741914724741945975e-06
1.452104334020987153e-05
1.018192051560617983e-05
5.540690835914574564e-06
5.573574981099227443e-06
7.822062798368278891e-06
8.593023267167154700e-06
1.148796627603587694e-06
3.664181349449791014e-06
4.585845999827142805e-06
6.116185886639868841e-06
2.247587190140620805e-06
7.174244274210650474e-07
3.487562025838997215e-06
3.839717010123422369e-06
1.482702032262750436e-06
6.017889404574816581e-07
1.132335910369874910e-05
7.425125545523769688e-07
8.546941785425588023e-07
9.846488637776928954e-07
4.021491804451216012e-06
3.472314119790098630e-06
2.736817350523779169e-06
1.280240940104704350e-05
6.635891622863709927e-06
9.404115530742274132e-07
3.870861291943583637e-06
5.940175014984561130e-06
2.857320168914156966e-06
1.408798993907112163e-06
2.688361746550071985e-05
6.578952138625027146e-07
6.066120022296672687e-06
2.744243829511106014e-06
1.553999936731997877e-05
5.548958142753690481e-06
1.725231641103164293e-06
1.043788688548374921e-05
4.277528205420821905e-06
7.401405355267343111e-07
4.326303042034851387e-06
3.679278052004519850e-06
2.381948434049263597e-05
5.486561803991207853e-06
2.906221379816997796e-05
3.131260382360778749e-05
3.353613010403933004e-06
7.804336746630724519e-06
5.046667297392559703e-07
6.892432338645448908e-06
3.178074166498845443e-06
4.351048119133338332e-06
4.729680767923127860e-06
1.022457922772446182e-06
5.572198915615445003e-06
4.207416168355848640e-06
7.620612450409680605e-06
2.281936758663505316e-06
2.574243262642994523e-05
3.798508714680792764e-06
3.458941137068904936e-06
3.892764198099030182e-06
2.582459956101956777e-06
3.635425628090160899e-06
8.880058999238826800e-07
1.476129818911431357e-05
1.860375277829007246e-06
3.578673613446881063e-06
3.808899464274873026e-06
9.919364856614265591e-06
1.853883873081940692e-06
2.877155930036678910e-05
6.973651807129499502e-07
5.413594863057369366e-06
4.276950676285196096e-06
2.847468749678228050e-06
1.269906897505279630e-05
4.512199211603729054e-06
1.101418092730455101e-06
1.042238523041305598e-06
1.752177922753617167e-06
2.274543476232793182e-05
3.712186469329026295e-07
6.497522235804353841e-07
8.572409569751471281e-06
2.377255668761790730e-06
1.573486088091158308e-06
3.255736373830586672e-06
2.067513014480937272e-05
6.710244178975699469e-06
3.296814156783511862e-06
6.917963219166267663e-06
2.731434960878686979e-06
1.858023892964411061e-06
7.087526228133356199e-06
1.215593783854274079e-06
1.168256130767986178e-05
1.753876676957588643e-05
6.840011224085174035e-07
8.625163900433108211e-06
3.315788262625574134e-06
1.872406073744059540e-06
2.956793878183816560e-06
9.916711860569193959e-06
1.393931688653538004e-05
4.713497219199780375e-06
3.833744813164230436e-06
2.636184262883034535e-06
2.177064516217797063e-06
2.134464011760428548e-06
3.049640326935332268e-06
6.648864427916123532e-07
7.180015927588101476e-06
1.422449986421270296e-05
8.358974810107611120e-06
3.679844439830048941e-06
2.213561629105242901e-06
6.931763437023619190e-06
4.052869371662382036e-06
4.550819085125112906e-06
1.017928661894984543e-05
1.042658004735130817e-05
2.040037998085608706e-06
7.735194230917841196e-06
1.932593931996962056e-06
1.958550228664535098e-06
1.776018734744866379e-06
5.506843535840744153e-06
6.975869837333448231e-06
2.111750518452026881e-06
7.396191108455241192e-07
2.756824187599704601e-06
1.123696961258247029e-06
3.726023862782312790e-07
7.879867212068347726e-07
1.938906734721967950e-06
5.619724063876674336e-08
2.291408236487768590e-05
3.968753844674210995e-06
3.952033694076817483e-06
2.588055394880939275e-06
8.428283763350918889e-06
1.289673150495218579e-06
6.366009870362177026e-07
1.361455133519484662e-06
1.952415686901076697e-06
2.901193056459305808e-06
1.062193291545554530e-06
3.015158824837271823e-07
1.305900968873174861e-05
5.374997272156178951e-06
8.540059752704109997e-06
7.193339115474373102e-07
3.700135721373953857e-06
3.197143769284593873e-06
4.475929017644375563e-06
1.205820922223210800e-06
7.294392617041012272e-06
2.503818450350081548e-06
5.148525360709754750e-06
3.477421387287904508e-06
1.767976073097088374e-06
1.076323087545461021e-06
3.942278112845087890e-07
1.005804733722470701e-06
3.747202754311729223e-06
8.121187420329079032e-06
2.146395445379312150e-06
1.066516597347799689e-05
2.130515440512681380e-06
3.425049044381012209e-06
1.275411705137230456e-06
1.704970259197580162e-06
1.480981154600158334e-06
7.406891882055788301e-07
4.886318833996483590e-07
3.462456106717581861e-06
4.814182261725363787e-07
4.994789719603431877e-07
3.780664656005683355e-06
1.821034516069630627e-06
6.078206524762208574e-07
1.686250470811501145e-06
0.000000000000000000e+00
2.789233121802681126e-06
1.056206087923783343e-06
2.342298284929711372e-05
3.901863863120524911e-07
5.445217993838014081e-06
2.725925696722697467e-06
8.220885320042725652e-06
1.269557287741918117e-05
3.082210605498403311e-05
3.619320295911165886e-06
1.102256845797455753e-07
2.323278522453620099e-06
5.320781383488792926e-06
7.106467819539830089e-06
1.046367742674192414e-06
1.001998407446080819e-05
0.000000000000000000e+00
3.473780679996707477e-06
1.355947097181342542e-05
2.072445749945472926e-05
1.415078168065520003e-05
