8.513575266988482326e-06
2.940545940077754494e-08
1.166202068247912393e-07
1.650240761819077306e-07
2.575989356046193279e-06
5.667781124429893680e-07
1.188351177461299812e-07
1.136255946221353952e-06
2.727648507061530836e-06
9.570362635713536292e-08
1.103762130583163525e-07
1.742954935934903915e-08
4.362521792700135848e-07
1.120988031289016362e-06
9.441164650070277276e-08
7.838370947865769267e-06
5.454631718748714775e-06
6.923109907575053512e-08
1.339678192380233668e-06
7.456580078724073246e-06
2.733335895754862577e-05
2.168499577237525955e-06
1.266491926799062639e-05
4.745318165078060701e-06
1.522891466265718918e-06
2.070376154961195425e-07
4.523305960901780054e-06
8.505643904754833784e-07
7.079896477080183104e-06
1.258560018868593033e-06
4.113705017516622320e-06
6.447935902542667463e-06
3.970586931245634332e-06
1.172529323412163649e-06
2.848129724952741526e-06
8.865679319569608197e-07
2.167386981000163360e-07
2.003670851991046220e-05
6.437169759010430425e-06
3.355095759616233408e-05
8.829702892398927361e-06
2.309501951458514668e-06
2.126058916473994032e-06
2.802200106089003384e-05
1.555075755277357530e-06
1.404431600349198561e-06
1.091691137844463810e-05
1.730082090034557041e-06
3.162881967000430450e-06
2.151099579350557178e-06
9.717840839584823698e-06
5.259543286229018122e-06
1.966133140740566887e-06
4.162875029578572139e-06
2.871949504879012238e-07
7.100127731973771006e-06
9.688957106845919043e-06
1.032157456393179018e-06
1.250133936991915107e-05
7.473463028873084113e-06
6.283620223257457837e-06
1.516618704044958577e-05
2.339555521757574752e-06
1.676031729402893689e-06
2.531170503061730415e-05
9.144088835455477238e-06
4.750722655444405973e-05
5.855394192622043192e-06
2.207647867180639878e-06
2.666703221620991826e-05
2.090037378366105258e-05
3.258365268266061321e-06
2.343375911095790798e-07
1.602255906618665904e-06
7.735231520200613886e-06
4.877470018982421607e-07
5.050763775216182694e-06
8.992387847683858126e-06
3.168889179505640641e-06
3.236664269934408367e-05
2.578779685791232623e-06
2.479018803569488227e-06
3.332595781557756709e-07
7.077644113451242447e-06
9.694416576166986488e-07
2.040945673797978088e-06
2.724578280322020873e-06
1.238307845596864354e-06
4.415745934238657355e-06
8.957838559808806167e-08
1.082233893612283282e-07
1.579106907456662157e-07
6.234259899429162033e-07
1.237172455148538575e-06
5.778971171821467578e-06
1.861804412328638136e-05
5.810848961118608713e-06
7.658138201804831624e-06
8.294538019981700927e-06
2.705203087316476740e-06
1.433800753147806972e-05
4.146066203247755766e-06
3.777915708269574679e-06
5.307524133968399838e-06
7.275126336026005447e-06
3.863194251607637852e-06
6.214489076228346676e-06
2.633923031680751592e-06
6.262167971726739779e-06
7.404064945149002597e-06
1.132773803647069144e-07
1.133789965024334379e-06
5.786714041278173681e-07
9.575976491760229692e-07
3.113459797532414086e-06
1.377808530378388241e-06
9.609505013941088691e-07
4.044061824970412999e-06
2.118770134984515607e-05
3.423250745981931686e-06
1.760227064551145304e-06
2.278163492519524880e-06
4.426269242685521021e-06
1.136918285737920087e-06
1.030243311106460169e-05
4.482643998926505446e-05
1.295640231546713039e-06
3.202212042197061237e-07
9.199598025588784367e-07
1.057710414897883311e-05
6.978756573516875505e-06
2.233874056400964037e-06
4.486293164518428966e-06
1.049226648319745436e-05
3.657579100035945885e-06
1.247167347173672169e-05
8.740156772546470165e-06
3.831652520602801815e-06
1.516991687822155654e-06
1.021562184178037569e-05
1.897332140288199298e-06
6.949524504307191819e-06
3.518953235470689833e-06
7.009358341747429222e-06
9.454546670895069838e-06
1.372542897115636151e-06
2.949996087409090251e-06
5.055468932368967216e-07
6.701702091049810406e-07
3.933016159862745553e-06
6.277907232288271189e-06
3.842452755975500622e-08
1.434129785593540873e-06
5.175309979676967487e-06
6.376587862177984789e-06
2.509626995106373215e-07
9.467445494237836101e-08
1.738156498731768806e-07
1.097763924917671829e-05
2.023916501059375150e-08
7.375604127446422353e-07
1.152223944700381253e-06
2.458816879880032502e-06
4.687643013312481344e-06
3.986860122040525312e-07
2.662897280458764726e-08
9.082119504455476999e-06
1.237890955962939188e-06
4.679939138441113755e-07
1.119939497584709898e-06
1.558405301693710499e-06
1.275116210308624431e-05
4.776165042130742222e-06
8.274279252873384394e-07
1.093242644856218249e-06
7.145250492612831295e-06
1.816629335849029303e-08
1.842631434101349441e-07
1.013327846521860920e-06
6.914483947184635326e-06
2.707537021251482656e-07
1.237326330283394782e-07
4.736620553558168467e-07
1.292899582949758042e-07
3.570992703316733241e-06
1.091164563149504829e-06
1.345497366855852306e-06
4.695845632340933662e-07
4.734903669145751337e-08
1.073946077667642385e-05
1.515718031441792846e-05
7.546133474534144625e-06
6.358648079185513780e-06
5.129916189616778865e-06
1.784633241186384112e-06
6.271778829614049755e-07
1.575872829562285915e-06
4.460488071345025674e-06
4.975311640009749681e-06
1.615760879758454394e-06
6.486191068688640371e-07
2.586651817182428204e-06
1.148870524048106745e-06
7.116180768207414076e-06
1.209034508065087721e-07
2.183275682909879833e-06
4.263989467290230095e-06
1.059293595062626991e-06
1.012846428949387700e-08
2.813696369230456185e-07
1.321820036537246779e-06
4.169836302025942132e-06
4.245843001626781188e-07
9.448792297916952521e-06
2.373649437004132778e-07
1.710705355151276308e-08
1.589807652635499835e-06
5.811883056594524533e-06
1.030457610795565415e-06
7.566131188241342898e-08
8.938058471130716498e-08
1.529617861706356052e-06
6.009282174090913031e-07
1.373030954709975049e-05
1.475478939028107561e-06
4.354924840299645439e-06
1.081855316442670301e-07
7.461835025424079504e-07
8.858044253656771616e-08
0.000000000000000000e+00
4.606573611454223283e-07
1.180673507406027056e-06
5.250603408057941124e-06
1.005634089779050555e-06
1.304778152189101093e-06
9.359659998153802007e-06
1.858508539953618310e-06
1.319455463999474887e-06
1.286962196900276467e-05
4.345078650658251718e-06
1.616806343918142375e-06
1.964919874808401801e-06
1.830858082030317746e-06
6.912816843396285549e-07
1.376570594402437564e-06
8.958044617202176596e-08
1.177887043013470247e-06
3.414142838664702140e-06
6.702813379888539203e-07
2.819694202571554342e-07
2.049292561423499137e-06
1.470505594625137746e-06
7.192078555817715824e-06
2.367248264079080400e-08
5.100104161215313070e-08
2.489191956556169316e-06
7.713481863902416080e-06
1.384003667226352263e-06
1.091168451239354908e-05
6.560215979334316216e-07
1.075149285156840051e-07
2.955037814444949618e-07
1.277613392858256702e-07
6.925112757016904652e-06
5.724074725321770529e-08
9.038633841385035339e-09
4.305190515196954948e-08
2.080586227748426609e-07
9.133831326835206710e-07
1.191330284200375900e-06
4.316979662633002590e-09
1.254064954991918057e-06
3.455945034147589467e-06
1.236592993336671498e-06
2.365113118685258087e-07
1.504050750611440890e-08
1.669049538577382918e-06
9.106754077947698534e-06
4.605784852174110711e-06
6.368870231199252885e-08
8.958683110904530622e-07
1.663649662475563673e-08
0.000000000000000000e+00
8.027121111808810383e-06
6.284508344833739102e-06
8.794538643996929750e-07
8.274278116005007178e-07
6.439391654566861689e-06
2.429058270081441151e-07
1.493367449256766122e-06
3.989448487118352205e-06
5.088142529530159663e-07
1.046023044182220474e-06
2.787656967484508641e-06
4.917864657727477606e-07
7.356241553679865319e-07
5.837624144078290556e-07
4.539401288639055565e-06
6.496203695860458538e-06
2.297194612310704542e-07
2.084389734591240995e-06
4.277848830724906293e-08
2.535922249080613256e-06
2.871259994208230637e-07
1.748468889672949445e-06
5.398962166225373949e-09
9.389488013766822405e-07
3.927131729142274708e-06
3.606142717771376738e-09
7.328035280806943774e-07
2.928350681941083167e-07
1.148860405919549521e-06
1.814488825857552001e-07
2.615443861486710375e-07
4.894065568805672228e-06
1.132674242398934439e-06
4.821673087462841067e-07
7.692514003565520397e-08
3.204574113624403253e-06
7.611878913849068340e-07
3.410834210626489948e-07
2.631411689435481094e-06
2.607010003430332290e-07
3.469684761725488897e-09
1.379760021791298641e-07
8.078660518329172646e-10
1.294718799726979341e-06
3.731985884769528639e-07
1.558048552396940067e-06
7.274238669197075069e-07
5.032881063016247936e-07
2.767584419416380115e-06
3.741684167835046537e-06
1.160570946012740023e-06
9.235780566996254493e-07
1.618927399249514565e-06
1.610233766768942587e-06
9.792219088922138326e-07
6.905368650222953875e-07
1.999086862269905396e-06
2.174310793634504080e-06
3.701175501191755757e-06
3.470589717835537158e-07
5.998005690344143659e-06
1.550588990539836232e-06
3.188293931088992395e-06
4.031790922454092652e-06
1.135088723458466120e-06
8.099279511952772737e-06
1.824589048737834673e-06
3.708518363509938354e-07
3.838666273736635048e-08
5.341930275903905567e-08
1.670051801738736685e-06
7.528637979703489691e-07
2.836384815907422308e-08
2.665333909135370050e-07
2.464598765072878450e-06
1.568980110278062057e-06
4.970046347807510756e-07
4.376304616471315967e-07
7.146882552433453384e-08
1.465272561063102330e-07
1.977616221893185866e-07
1.227671120318518660e-08
1.488214707023871597e-07
7.783075375300541054e-07
5.429719180938263889e-07
2.741865614552807529e-07
1.085409806478310202e-08
3.585368517633469310e-07
1.068073842702688125e-07
1.274494287883953803e-08
1.663397313222958473e-07
1.030434077620157041e-06
8.362474801515418221e-08
1.348368385833964567e-07
8.573667997779921279e-08
3.546232463236265176e-08
4.094556516065495089e-06
2.195157406958969659e-07
4.495432914808361602e-09
2.333933025511214510e-06
5.381673418014543131e-06
1.115212512559082825e-06
0.000000000000000000e+00
1.016162059386260808e-06
8.258570151527255820e-13
0.000000000000000000e+00
5.963959210930624977e-07
0.000000000000000000e+00
2.599338984055066248e-07
3.554955299023276893e-07
4.958887075190432370e-06
9.358716965834901202e-07
6.560305791936116293e-07
0.000000000000000000e+00
7.239232218125835061e-07
2.806936683086291850e-09
6.037164013150686515e-08
8.716008778719697148e-06
1.100815438803692814e-06
1.892486466203990858e-06
5.278068897496268619e-07
5.550721652980428189e-06
4.315282353672955651e-07
4.245724994689226151e-06
6.647113650615210645e-07
1.569811274748644792e-06
6.926105697857565247e-07
6.412783022824442014e-06
1.111438109546725173e-06
2.049981276286416687e-06
2.216963366663549095e-06
1.934013880600105040e-06
6.625652986258501187e-07
1.490347045773887658e-07
3.482460442683077417e-06
2.133583848262787797e-06
1.313858092544251122e-06
7.808390591890201904e-07
3.089569986514106859e-07
5.075341391602705698e-07
5.007054326711113390e-08
4.290265678719151765e-06
1.179755031444074120e-06
5.730019552174780983e-07
1.612561959518643562e-06
2.195885372202610597e-06
1.069650352292228490e-06
3.026805828199030657e-08
6.679111947960336693e-07
1.445681164113921113e-06
3.287310164523660205e-06
4.828928368283413874e-09
8.075588198153127450e-07
1.717577447379881050e-06
2.558091409810003825e-07
3.653359925692711840e-08
7.203842642411473207e-07
3.150647798211281270e-10
2.284131550567281010e-09
9.844875421549659222e-07
9.435430911253206432e-06
6.197274160513188690e-07
6.844475137768313289e-07
1.740038015896061552e-07
1.987515315704513341e-05
1.937716206157347187e-06
3.032805807379190810e-06
3.511475554773824115e-09
1.663435824639236671e-07
1.742424676764997571e-10
7.600041129762757919e-08
5.426438292488455772e-06
2.484782726241974160e-07
9.504480658506508917e-06
6.628782102779950947e-06
1.916802148116403259e-06
5.016415229874837678e-07
1.475293515795783605e-06
2.736005399128771387e-06
4.159064246778143570e-06
2.409657781754503958e-06
3.018006282218266279e-06
2.293269972142297775e-06
1.243507540493737906e-05
9.180614142678678036e-06
2.887733785428281408e-07
2.764193141047144309e-06
8.687975139309855876e-08
3.975989784521516412e-06
2.282937714426225284e-07
6.302469955699052662e-06
7.249655027408152819e-06
1.203815980233002847e-08
1.624547621759120375e-06
1.188126702800218482e-06
1.345756572845857590e-06
2.505744760128436610e-06
1.902296730804664548e-06
4.826957251680141781e-07
4.328391298713540891e-07
1.430103396815596284e-10
7.098044079612009227e-06
1.862587055256881285e-06
2.862454266505665146e-06
9.972287671189405955e-07
3.329205071622709511e-07
5.933571287641825620e-07
1.348107458998271113e-10
1.194077640320756473e-06
4.141963017900707200e-06
1.960324453875728068e-07
4.371623163024196401e-06
7.077401846800057683e-07
8.769496275817800779e-07
1.848589590736082755e-06
3.353949340478834529e-09
1.806151658456656151e-06
5.627772452498902567e-07
2.633118167949533017e-09
1.598060634933062829e-06
6.402119367976411013e-08
2.465085913172515575e-07
5.495690515999740455e-07
2.991153769116294825e-09
1.452613229702137687e-08
1.421343586116563529e-05
1.413869085808983073e-06
1.680338755249977112e-06
7.959217327879741788e-06
1.241216750713647343e-06
2.124621460097841918e-06
1.996853370656026527e-06
1.437186028852011077e-06
4.856111672779661603e-07
2.740637683018576354e-06
2.771276058410876431e-06
2.327652055100770667e-06
5.472576049214694649e-06
5.828297162224771455e-06
1.856724196613868116e-07
1.348579871773836203e-06
5.843628059665206820e-06
9.693426363810431212e-07
2.076556484098546207e-06
2.364237843721639365e-06
2.024568743763666134e-07
4.110364443477010354e-06
1.607517674528935459e-07
6.305473561951657757e-06
1.320549586125707719e-06
2.215073664046940394e-06
7.248617635013943072e-07
3.400885589144309051e-06
7.065102636261144653e-07
2.846169593340164283e-07
6.275453046100665233e-09
2.058655184100643964e-07
2.818004247728822520e-07
1.334408472608572538e-09
0.000000000000000000e+00
0.000000000000000000e+00
7.263416250680165831e-07
9.255475674763147254e-07
5.707540751132000878e-08
5.270445626592845656e-07
1.242200482920452487e-06
1.523265638070370187e-07
3.825919066002825275e-07
1.486304199715959840e-07
7.860645609980565496e-07
6.870189395158377010e-07
3.100662070210091770e-06
3.130887307634111494e-06
2.884039076889166608e-06
9.621039680496323854e-07
1.423084086127346382e-07
3.261582719460420776e-07
1.078319922243053952e-08
6.142884558357764035e-06
3.606381193677066221e-09
2.767778823908884078e-06
1.289886085942271166e-06
1.347182933386648074e-05
5.018729325456661172e-07
2.526968046367983334e-06
9.194141625812335405e-07
8.966208042693324387e-07
1.834231625252868980e-06
2.847172311248868937e-07
3.966944404965033755e-06
9.483138683208380826e-07
7.088495749485446140e-06
5.028442728871596046e-07
1.508186642240616493e-06
3.094883822996052913e-06
3.405815505175269209e-07
6.183143455018580426e-07
2.477039743098430336e-06
7.228471190501295496e-07
3.695701707329135388e-06
2.585646257102780510e-07
2.546689472637808649e-07
3.829057732218643650e-06
0.000000000000000000e+00
9.538738368064514361e-07
9.505890830041607842e-07
2.951890820668268134e-08
1.019166461446729954e-06
0.000000000000000000e+00
2.929972197307506576e-06
0.000000000000000000e+00
3.871948877076647477e-07
2.510426355684103328e-08
1.926072457081318134e-07
9.438687129659228958e-07
7.001601147749170195e-07
4.814930889551760629e-07
1.994591158904768236e-08
3.539008275765809231e-06
1.325133496266062139e-07
1.232151589647401124e-06
1.228971359523711726e-05
4.570097189571242779e-06
3.135806423415488098e-07
1.859577082541363779e-06
5.229703781139960483e-09
2.606820714845525799e-07
0.000000000000000000e+00
3.099190593047751463e-08
6.620060730710974894e-07
4.270586373422702309e-07
2.517368784538120963e-07
4.865806646492387699e-10
6.962532552279299125e-06
4.405969988852120878e-08
2.098249069604207762e-06
5.257776365397148766e-07
2.310528515181431430e-07
8.865123390933149494e-07
8.242274702752183657e-07
3.227521574444836006e-07
1.132996999331226107e-06
2.071204107778612524e-06
2.003241434067604132e-06
7.891478581711908191e-09
1.880691525002475828e-05
2.572268613221240230e-06
3.868025828523968812e-07
4.689240086008794606e-06
6.207978003658354282e-06
2.252444801342790015e-06
4.302576599002350122e-06
2.887015284613880794e-07
3.369391663454734953e-07
1.414099642715882510e-06
5.650838943438429851e-07
2.996460352733265609e-06
1.398618223902303725e-06
3.346967332618078217e-06
2.017121005337685347e-06
3.316894890303956345e-06
4.029193405585829169e-06
1.536744775876286440e-06
2.719371195780695416e-06
4.997762971470365301e-06
3.105184305240982212e-06
1.207811692438554019e-06
5.431891167972935364e-06
1.232052909472258762e-06
1.093524701900605578e-06
3.871935859933728352e-06
5.282798156258650124e-06
2.630205919729178277e-08
4.177057633114600321e-07
2.981211935093597276e-07
9.454252847262978321e-08
2.099284529322176240e-06
3.431819095567334443e-07
2.458372989622148452e-07
1.305043610955181066e-06
4.090260574685089523e-07
1.799967037641181378e-07
2.992335623730468797e-07
4.641281137196529016e-08
1.415404767612926662e-06
1.044594171162316343e-07
2.221138544200584874e-07
8.674732043800759129e-09
3.482814463495742530e-07
3.293048056463021567e-09
4.401156274980166927e-06
3.623151314968708903e-06
5.490357466442219447e-07
1.981658215299830772e-06
0.000000000000000000e+00
7.670781343449561973e-08
1.450034915251308121e-06
6.039330840978962556e-11
9.334924584436521400e-07
9.187197065330110490e-07
1.175691100030462621e-08
0.000000000000000000e+00
0.000000000000000000e+00
6.880524665575649124e-07
6.975754445193160791e-07
1.962981741598923691e-07
3.488667843498660659e-08
7.455911799070236157e-08
1.703098064353980590e-06
1.090360157718350820e-08
0.000000000000000000e+00
2.630835638228745665e-07
0.000000000000000000e+00
0.000000000000000000e+00
0.000000000000000000e+00
0.000000000000000000e+00
0.000000000000000000e+00
0.000000000000000000e+00
0.000000000000000000e+00
3.364364786762052972e-08
9.859006944168413611e-10
8.015130106286960654e-07
1.010445416227412352e-07
6.308601427917892579e-07
5.246715772955212742e-06
1.854110337262682151e-06
3.976827883889200166e-06
5.338039841262798291e-07
1.892085606414184440e-06
1.153047264779161196e-06
5.406579361988406163e-07
1.625141067052027211e-06
4.086468834429979324e-06
4.474192792258691043e-06
1.822038910859191674e-07
5.285610313876532018e-07
1.340569497187971137e-06
2.448445335367921416e-10
8.750762781062348949e-09
2.903695701661490602e-07
3.514345259247875219e-09
1.527770687737017852e-10
5.639333267026813701e-07
2.895369721755969294e-09
3.211377475054177921e-07
9.044055104823200963e-07
1.665621311985887587e-07
3.667832010334493020e-11
3.877325838175238459e-08
4.049444157772086328e-07
9.712698556540999562e-06
2.113487425958737731e-06
1.071381916517566424e-06
8.555089152650907636e-06
5.248259071777283680e-07
8.862555689326256925e-10
8.288370878517525853e-08
2.739551518970984034e-08
4.287151966764213284e-07
0.000000000000000000e+00
3.498158918091576197e-08
3.458725132077233866e-06
5.329545160748239141e-07
1.864636658410745440e-07
8.687177341926144436e-07
3.988334356108680367e-06
2.190688064729329199e-06
3.820815436483826488e-06
2.715202754188794643e-06
3.331092102598631755e-06
1.268129381060134619e-05
1.144617908721556887e-05
6.066180503694340587e-06
3.668817953439429402e-05
3.264361566834850237e-06
3.121967665720148943e-06
1.866935917860246263e-06
2.027483333222335204e-06
2.437471948724123649e-06
0.000000000000000000e+00
0.000000000000000000e+00
6.184531684993999079e-06
0.000000000000000000e+00
2.383403170824749395e-06
5.400754616857739165e-06
3.219706457002757816e-08
9.241936105297554604e-09
4.993317475054936949e-07
1.296232596814661520e-07
0.000000000000000000e+00
0.000000000000000000e+00
0.000000000000000000e+00
0.000000000000000000e+00
0.000000000000000000e+00
3.693824965012026951e-06
