4.648753701985697262e-07
8.944164875401838799e-08
4.779690243594814092e-07
1.401305053150281310e-05
1.965725004993146285e-07
3.329736045998288319e-06
3.152814088025479577e-06
2.287142208956538525e-08
2.132164951262893737e-07
5.644608691568464565e-08
9.137161782746261451e-07
3.180375188094330952e-06
9.933049796018167399e-07
1.394986611558124423e-06
1.971842067405304988e-07
1.038977686107500631e-07
1.776259495045451331e-08
1.029963982546178158e-06
3.155124161935418670e-08
1.536958933456844534e-07
1.598025733073882293e-06
1.784730739018414170e-05
1.729920586512889713e-05
8.504245670337695628e-06
1.617814291421382222e-06
3.194096962033654563e-06
4.172506123722996563e-06
2.905571591327316128e-06
4.114326657145284116e-06
4.500596787693211809e-06
2.276956934110785369e-08
5.296060407999902964e-06
2.600056859591859393e-06
2.291265673193265684e-06
7.502835160266840830e-06
5.879986019863281399e-06
3.594726149458438158e-05
7.461969175892591011e-07
1.119978037422697525e-06
2.133442649210337549e-06
1.468190475861774758e-06
7.002805432421155274e-06
1.730426077983793220e-07
1.622021727598621510e-06
9.325925702796666883e-07
4.225366865284740925e-06
5.311215772962896153e-06
1.248993066838011146e-05
4.724131031252909452e-06
5.307197170623112470e-07
1.159543262474471703e-05
2.852175930456724018e-05
1.016072837956016883e-05
2.456288939356454648e-06
1.269316157959110569e-06
5.282756319502368569e-06
4.042527450565103209e-07
7.040097443677950650e-06
2.461814290199981770e-07
7.867645763326436281e-06
2.181445233873091638e-05
1.934103238454554230e-05
1.031229288628310314e-07
1.216431996908795554e-06
8.042189136858723941e-08
2.553490048740059137e-05
1.226243784913094714e-05
7.817709501978242770e-07
1.754678487486671656e-05
2.111626372425234877e-06
7.029578341644082684e-07
5.988540124235441908e-06
5.430752935353666544e-06
2.159155656045186333e-06
1.857025154095026664e-06
2.419446900603361428e-06
6.219702299858909100e-06
1.576801332703325897e-05
2.997509000124409795e-06
2.521966280255583115e-08
5.346100351744098589e-06
8.117441211652476341e-06
2.747007556536118500e-06
2.342316747672157362e-06
1.488716679887147620e-05
5.332482487574452534e-06
1.924933894770219922e-05
2.343229880352737382e-06
9.733922752275248058e-07
1.611486186448018998e-05
1.374039811707916670e-06
3.909637200649740407e-07
3.647631501735304482e-06
3.763991117011755705e-06
2.298518666066229343e-06
1.832165798987261951e-05
6.269328423513798043e-06
3.019878704435541295e-06
5.641531970468349755e-06
1.431756544434392708e-07
6.012054200255079195e-06
6.951147042855154723e-06
1.262535761270555668e-06
8.176339179044589400e-06
5.003109322387899738e-07
1.370228801533812657e-05
5.165551556274294853e-06
3.267991246502788272e-07
1.834015279200684745e-06
1.539236791359144263e-06
5.110363872518064454e-06
1.977838337552384473e-07
1.251994149242818821e-06
6.300618224486242980e-06
1.893628450488904491e-06
7.321414614125387743e-06
1.068284518623840995e-06
8.053549208852928132e-06
1.464116121496772394e-05
1.814308961911592633e-05
1.976570274564437568e-06
4.771933163283392787e-06
2.449790008540730923e-05
3.894914243574021384e-06
1.263621811631310266e-06
3.250504960305988789e-05
1.315369217991246842e-06
1.979302396648563445e-06
2.497618879715446383e-05
1.404939030180685222e-05
3.715653292601928115e-06
1.453703680454054847e-05
3.825954536296194419e-06
2.142028733942424878e-06
4.334621905854874058e-07
1.745707862710332847e-07
6.924103672645287588e-07
1.175231432171131019e-06
7.792889846314210445e-06
4.397445081849582493e-06
8.914091864653528319e-08
4.211164650769205764e-06
1.959039991561439820e-06
1.124785194406285882e-05
9.757401358001516201e-07
3.836586074612569064e-06
1.626342782401479781e-05
4.508973688643891364e-06
3.405020265745406505e-07
1.006437105388613418e-05
2.815603920680587180e-06
1.866607988176838262e-07
2.700343202377553098e-06
8.431039759670966305e-07
7.124268108782416675e-07
7.584761533507844433e-06
2.091581876584314159e-07
1.482239326833223458e-06
1.317085775554005522e-06
2.926273339198814938e-07
1.586238340678391978e-06
7.776303391437977552e-06
6.673759003206214402e-07
6.136433512438088655e-06
4.230435024510370567e-07
2.205394821430672891e-06
1.232502881975960918e-07
5.586294378190359566e-07
1.235252852893609088e-06
8.592101039539556950e-07
3.507530550450610463e-07
3.390389338164823130e-06
2.322680074939853512e-06
2.065139142359839752e-06
8.682552561367629096e-07
9.318813454228802584e-08
6.770136451450525783e-07
2.141184268111828715e-06
3.142097739328164607e-06
1.811864649425842799e-06
1.334347189185791649e-06
7.883712896727956831e-06
1.542867380521784071e-06
1.471761805760252173e-07
1.334514877271431033e-06
3.984708385473823000e-08
7.771846526338777039e-07
1.438495928596239537e-06
1.110994617192773148e-06
2.111022041617616196e-07
9.122647497861180454e-06
1.126288680097786710e-06
1.242110215571301524e-06
1.004433229923051840e-07
8.525675525561382528e-07
2.842348521880921908e-06
9.889832654152996838e-06
8.427873012806230690e-07
6.775607630515878554e-07
3.178153633598412853e-07
4.221977178531233221e-06
5.433718683889310341e-07
1.064750108525913674e-06
1.280401079384319019e-06
1.515159055998083204e-07
1.600684299774002284e-06
1.646359692131227348e-06
1.107137109102040995e-06
1.355788754153763875e-06
2.785324568321811967e-06
2.281889521782431984e-08
1.073995235856273212e-06
7.417987148983229417e-07
4.016992534161545336e-06
1.003030433821550105e-06
7.943295372569991741e-07
1.715038777660993219e-08
7.342309515934175579e-08
3.275288236181950197e-06
7.365080278987079510e-08
4.172651983935793396e-07
5.191778882362996228e-07
1.067812647193022713e-07
2.309922848553469521e-07
7.840317266527563334e-07
1.457147050132334698e-06
5.700944711861666292e-07
4.858823672293510754e-07
4.138859424074325943e-07
1.023886625262093730e-06
6.505473493234603666e-07
1.409438010746555392e-09
5.179991990900134624e-10
1.890847700636300033e-09
1.654971129028126597e-07
1.579676904839288909e-06
1.630354063308914192e-06
2.891256372095085680e-07
9.858650855676387437e-07
1.122291592992041842e-07
4.268980774213559926e-06
4.812261522602057084e-07
4.614629688148852438e-06
4.985273562851944007e-07
3.019194309672457166e-06
4.477973902794474270e-07
4.091796199645614251e-06
7.430109860706579639e-08
5.928916735342681932e-08
3.902667629063216737e-07
3.051007979593123309e-06
2.615711309772450477e-07
2.307227987330406904e-06
3.841480520350160077e-06
1.111749156734731514e-06
7.210799708445847500e-07
1.195718084545660531e-07
2.562891950219636783e-06
3.070452976317028515e-07
2.522629984014201909e-06
1.205248310043316451e-07
2.288923496962524951e-06
3.174224048052565195e-06
0.000000000000000000e+00
3.090734480792889372e-06
1.496063214290188625e-05
1.994817648665048182e-05
7.414606670863577165e-07
1.713247002044226974e-06
7.093646672728937119e-06
1.491289708610565867e-06
1.563183673169987742e-06
7.706098585913423449e-06
4.109138274088763865e-07
9.082119163394963834e-07
1.293890477427339647e-06
4.462096399038273375e-07
4.020234428026014939e-06
3.189538517744949786e-07
2.323437684026430361e-06
4.560032209610653808e-07
8.286579941341187805e-06
2.678691544133471325e-06
7.787651838953024708e-07
1.137908611781313084e-06
4.844031309403362684e-07
4.268177633548475569e-07
3.418188327941606985e-07
6.468316087193670683e-07
6.202031954671838321e-07
5.251526431493402924e-07
2.677506017789710313e-06
2.379697772170175085e-09
2.151526956595262163e-08
9.304227432949119247e-07
1.520544543609503307e-07
2.358361967935707071e-07
1.730869598759454675e-07
1.486875191858416656e-07
2.638114722230966436e-07
3.940156432236108230e-07
2.985644798059183813e-08
8.705438858669367619e-08
1.716194901746348478e-07
6.472545521774009103e-08
7.657782674641566700e-08
3.122978341707494110e-06
1.456250402043224312e-06
1.321674436560726917e-09
5.644442353514023125e-07
1.441462586626585107e-06
4.626028271559334826e-08
1.658896326262038201e-05
1.285169673792552203e-05
1.346761848708410980e-07
3.995019142166711390e-06
1.295057427341816947e-05
3.003656274813693017e-07
1.656519089010544121e-05
3.192652911820914596e-06
2.563871248639770783e-07
2.795660293486434966e-06
6.672769927718036342e-07
3.770843250094912946e-06
1.340539483862812631e-06
1.648852844482462388e-06
2.971503135995590128e-06
4.780324616149300709e-07
2.055703816949971952e-06
1.294640696869464591e-06
2.985774926855810918e-06
1.958650500455405563e-06
1.583141397532017436e-06
4.805858111467387062e-07
6.173366955408710055e-07
1.103015802073059604e-05
3.504973847157089040e-06
2.769558022919227369e-06
1.646104550445670611e-07
9.144588375420426019e-07
8.125287536131509114e-07
2.313562390554579906e-06
6.939094419067259878e-07
3.489578148219152354e-06
2.494951729659078410e-07
2.038909769908059388e-06
0.000000000000000000e+00
1.219309275768409861e-08
1.274843839382810984e-07
0.000000000000000000e+00
1.445247903575364035e-06
2.252108686207066057e-07
1.480740024817350786e-06
9.220875654136762023e-07
1.852120817602553871e-06
1.886882428081548824e-09
0.000000000000000000e+00
5.384830004118157376e-08
1.003945044431020506e-06
2.789876816677860916e-06
3.935941094823647290e-06
7.742001457700098399e-07
5.351406002773728687e-07
4.303846168340896838e-08
1.033389596116762732e-09
3.358748301707237260e-07
0.000000000000000000e+00
2.572540438450232614e-07
3.772770753585064085e-07
8.746407047510729171e-07
1.264957631974539254e-07
1.639418769627809525e-06
7.040269792923936620e-06
2.447771294100675732e-06
3.088287940045120195e-06
2.422778834443306550e-06
6.491461022051225882e-07
4.381725489110976923e-07
1.673698193371819798e-07
9.263945912607596256e-07
2.373669758526375517e-06
3.333600943733472377e-06
2.566168632256449200e-06
7.565139981124957558e-07
7.899425327195785940e-06
1.902255462482571602e-06
2.969914021377917379e-06
2.826141667355841491e-07
6.298683388195058797e-07
1.351857918052701280e-06
8.875229013938223943e-07
1.108587071030342486e-06
1.209456996775770676e-07
1.492677625947180786e-07
2.012845214949265937e-07
2.398731737685011467e-07
3.102747996308607981e-07
6.417640463496354641e-08
3.247160407227056567e-07
0.000000000000000000e+00
1.915562393151049037e-07
0.000000000000000000e+00
1.111025227373829694e-07
5.484258167598454747e-07
0.000000000000000000e+00
1.071036649591405876e-06
8.938272003433667123e-06
5.325086931406985968e-07
8.050409974202921148e-07
2.105811347519193077e-08
3.715157959049975034e-07
3.908769201643735869e-07
2.961010750368586741e-06
2.199430859661788418e-08
1.900322217807115521e-06
1.563159486295262468e-07
1.584237907081842422e-06
1.028537077729652083e-08
4.673588023251795676e-07
0.000000000000000000e+00
6.910404863447183743e-06
5.921695134247784154e-09
3.693437733431892411e-08
0.000000000000000000e+00
4.223554395110795667e-09
3.921727511624339968e-07
6.085496551122560049e-09
2.260215126170805888e-07
3.571025786186510231e-08
8.221956704801414162e-06
8.578647793910931796e-06
4.992808044335106388e-06
0.000000000000000000e+00
0.000000000000000000e+00
2.129229869751725346e-06
1.045882527250796556e-06
2.288843461428768933e-06
6.881273293402045965e-07
4.837666711665633557e-09
1.835240141190297436e-06
2.970700961668626405e-06
4.430199567195813870e-07
8.046376365200558212e-07
4.481019459490198642e-06
6.261867042667290661e-07
3.906634447048418224e-06
6.340255822578910738e-07
3.926936642528744414e-07
2.881212992633663816e-07
7.503484198423393536e-07
3.705685685417847708e-06
2.675932933016156312e-07
7.268405397553578950e-07
2.500413074812968262e-06
6.402829626495076809e-07
3.167218949329253519e-07
1.134423769144632388e-06
8.234909728344064206e-06
7.565429882561147679e-07
6.351226033984858077e-07
3.154349997203098610e-06
1.741747190919795685e-09
4.682373173636733554e-07
5.268403242553176824e-07
4.248257425842894008e-07
3.482917421138154168e-08
1.822422319719407824e-07
2.285328548623510869e-07
3.081141358052263968e-06
4.441322420944970872e-09
2.299081643286626786e-06
1.916703382676132605e-07
1.750383127330223942e-08
1.037544450355198933e-08
1.660145159121384495e-07
1.922981709867599420e-06
2.302765267359063728e-07
5.925243726778717246e-07
2.639252443259465508e-07
8.581751558267569635e-07
8.801163176030968316e-08
1.586863334068766562e-07
0.000000000000000000e+00
0.000000000000000000e+00
4.161681221859225843e-09
1.665776849790745473e-08
1.528228494862560183e-06
1.978351482634366221e-09
9.885470717563293874e-07
1.745734948599420022e-06
1.242021312464203220e-07
7.668431862839497626e-07
3.166672399856906850e-07
1.249219216958863399e-08
1.324624143705932511e-08
6.547060138473170809e-08
7.276349265339376871e-07
0.000000000000000000e+00
9.812822554522426799e-09
8.250788852137702634e-08
9.566474723499140964e-09
1.157304829746408359e-08
8.420032827416434884e-06
1.315265674151078201e-08
2.085999312839703634e-06
1.168773792414867785e-06
3.014715957760927267e-06
5.439726919576060027e-06
3.198458443876006640e-06
6.385307074197044130e-07
4.216437616832990898e-07
7.571877176815178245e-06
1.066365143742586952e-06
2.150383352272910997e-06
1.448643388357595541e-06
2.072033566946629435e-06
1.157087240244436543e-06
2.652528337421244942e-06
6.150897320367221255e-07
2.603713483040337451e-06
6.660994245066831354e-08
8.068308829933812376e-07
4.472247212561342167e-07
3.144232252338952094e-08
9.934910849551670253e-06
2.981982660799076257e-08
5.438045036498806439e-07
4.085765681338671129e-08
3.278930478245456470e-07
4.663246727432124317e-06
5.395523203333141282e-06
5.195417429604276549e-08
4.323168923292541876e-06
1.045708657443356060e-07
1.863510533439693972e-06
1.955488187377341092e-06
4.754221208713715896e-06
9.734860029197989206e-09
3.263880614667868940e-07
3.584422927360719768e-07
3.601749938297871267e-07
1.054289953117404366e-07
0.000000000000000000e+00
9.007069756705732289e-09
3.706103086642542621e-07
9.859895122588113736e-09
1.974715502228718833e-08
0.000000000000000000e+00
3.900242617760341091e-08
1.076698552537891374e-08
2.413551953850401333e-07
3.041003253656526795e-07
8.323463585035995038e-10
6.480129741248674691e-06
7.403596669064427260e-07
1.606901264494808856e-06
1.125802784329721362e-09
2.269088525963525171e-07
1.041731707118742634e-06
3.707282303366810083e-08
0.000000000000000000e+00
7.446950167633303863e-09
3.663166125988936983e-07
3.204387449828871581e-11
2.415510607534088194e-06
6.232765414893037814e-09
1.682916831668990199e-06
7.649269662124424940e-09
0.000000000000000000e+00
2.345394477742956951e-06
0.000000000000000000e+00
7.454029393727523711e-09
0.000000000000000000e+00
0.000000000000000000e+00
6.261103191462780160e-09
2.047422356099559693e-07
3.483075261101475917e-06
8.963547202256449964e-07
1.099782252822478767e-06
1.216287500938051380e-06
1.712644916551653296e-06
3.235982603655429557e-06
1.398247150063980371e-06
1.855966274888487533e-06
2.710183707677060738e-06
3.332640289954724722e-06
1.856696030699822586e-06
2.054058313660789281e-06
5.956323548161890358e-06
1.406746150678372942e-06
2.706111899897223338e-06
1.529735072836047038e-06
2.861103212126181461e-06
1.366141191283531953e-07
7.125098591131973080e-07
3.444057483648066409e-06
5.038009476265870035e-07
8.686167802807176486e-07
3.749896222871029750e-06
3.231445361961959861e-06
2.048833103174274584e-08
1.713730028995996690e-07
2.371600515971294953e-07
3.337189298235898605e-07
1.579177137500664685e-06
3.644625934384748689e-08
9.396933364769211039e-07
1.218826810145401396e-06
1.198128529722453095e-06
2.528630602682824247e-06
8.624877700924571400e-09
8.678205631440505385e-06
5.035070582692924290e-09
2.477861471561482176e-07
8.135482858051545918e-06
1.504242952421463997e-08
0.000000000000000000e+00
0.000000000000000000e+00
0.000000000000000000e+00
0.000000000000000000e+00
5.863910246262094006e-07
0.000000000000000000e+00
0.000000000000000000e+00
1.791473303036639209e-09
0.000000000000000000e+00
1.921041985042393208e-06
9.381182621837069746e-07
3.649820357054522901e-08
6.608500058291610912e-08
1.530768223290124297e-08
1.629023813620733563e-07
6.448132694458763581e-08
4.281317842469434254e-07
2.989584118040511385e-07
3.351761392877961043e-07
0.000000000000000000e+00
6.391623514900857117e-07
1.737432455684029264e-07
9.616438774173730053e-07
7.484629236387263518e-07
0.000000000000000000e+00
1.287255457782521262e-07
4.664261865627850057e-08
2.959043232664271272e-09
1.098056330306462769e-07
2.763788870652206242e-06
0.000000000000000000e+00
0.000000000000000000e+00
0.000000000000000000e+00
0.000000000000000000e+00
1.568151333231071476e-06
0.000000000000000000e+00
9.302248571430027368e-08
1.573799090692773461e-05
1.725350557535421103e-06
1.942417384270811453e-06
4.830970965485903434e-07
2.882405851778457873e-06
1.462606036284341826e-07
3.429852313274750486e-06
2.007419425353873521e-06
2.837599140548263676e-06
1.954541858140146360e-06
5.614252586383372545e-06
3.439012630224169698e-07
2.093442788009269862e-07
3.506627763272263110e-06
2.691153667910839431e-06
3.138111878797644749e-06
3.450477947808394674e-07
1.396868242409254890e-06
2.232496854048804380e-06
2.562937595484982012e-07
4.701611032942309976e-06
3.436293241065868642e-07
5.610485231954953633e-08
1.173786756680783583e-07
7.465130735795355577e-09
2.591244481209287187e-07
1.875841917353682220e-06
0.000000000000000000e+00
4.619914761860854924e-07
0.000000000000000000e+00
0.000000000000000000e+00
9.794212552094450075e-09
4.360362737543255207e-09
5.780566425528377295e-07
5.716850068893108983e-07
1.700271812232756474e-09
0.000000000000000000e+00
0.000000000000000000e+00
1.698693608886969741e-06
0.000000000000000000e+00
2.049496288236696273e-07
3.037546321138506755e-07
0.000000000000000000e+00
0.000000000000000000e+00
0.000000000000000000e+00
2.103095226857476518e-07
2.383490516066899545e-09
3.001789650181052593e-10
0.000000000000000000e+00
6.951328845872239981e-09
1.561644580760912504e-06
2.573428332652838435e-07
1.357792484668607358e-06
2.563614431849714492e-09
6.471098572546907235e-07
0.000000000000000000e+00
9.338934603420057101e-08
1.256964532458937356e-09
5.972576673229923472e-07
1.596360543754116179e-11
6.585290179828007240e-07
3.454918669376638718e-06
0.000000000000000000e+00
2.045717764076471212e-07
1.075264037808665307e-07
2.139298658221377991e-06
1.488457314735569526e-06
4.955901999892375898e-07
2.992182544403476641e-06
5.662602120537485462e-07
0.000000000000000000e+00
1.651335290731026362e-09
6.646517225483705715e-10
6.273619135299668415e-08
0.000000000000000000e+00
1.173028757461835880e-10
0.000000000000000000e+00
0.000000000000000000e+00
7.352873126365011558e-06
0.000000000000000000e+00
3.820338861260097474e-06
4.570173359752516262e-07
0.000000000000000000e+00
5.448414497344344909e-10
0.000000000000000000e+00
0.000000000000000000e+00
7.017496272965217941e-07
2.291805323295648122e-08
6.142641382211877499e-07
5.261783257992647123e-07
1.104891396153107053e-07
0.000000000000000000e+00
1.819927092583384365e-06
0.000000000000000000e+00
6.260895020204770844e-07
1.293672653446265031e-06
0.000000000000000000e+00
5.454405371807524716e-09
1.365124944641138427e-06
3.873235812079656171e-07
6.980690869795580511e-08
8.753676183914649300e-07
4.900767294202523772e-07
1.749465468492417131e-06
1.643960331421112642e-06
9.442554073757492006e-06
3.241035528844804503e-06
2.694836894079344347e-06
2.939034402515972033e-06
4.910421580461843405e-07
5.719729756492597517e-07
4.126953001559741097e-07
2.086150061586522497e-06
3.052141664738883264e-06
2.111412698013737099e-07
1.542204444149319897e-07
8.498284387314924970e-08
1.882968660993356025e-07
9.577310038366704248e-07
3.441876685883471509e-07
6.411820550056290813e-07
3.415479170598700875e-07
6.037401334424430388e-08
0.000000000000000000e+00
1.246093688678229228e-06
1.306313066606890061e-07
4.828545385748839180e-08
0.000000000000000000e+00
7.704569071620426257e-08
0.000000000000000000e+00
3.760362243809822758e-09
0.000000000000000000e+00
0.000000000000000000e+00
1.965609470744311693e-07
0.000000000000000000e+00
9.727943250936732511e-08
6.079390857394173509e-08
0.000000000000000000e+00
4.438135761120065581e-07
0.000000000000000000e+00
0.000000000000000000e+00
1.986113717933335465e-09
1.545614850329002365e-06
7.052079809000133537e-09
0.000000000000000000e+00
1.134072022068721708e-06
1.065436435965239070e-06
4.783084364134992938e-07
1.223057766175372763e-09
5.275503767165901081e-08
2.383952164564107079e-07
1.359354655505740084e-06
6.905972238513413686e-09
1.494703383286832832e-06
1.034211095429782290e-06
1.872567025884563918e-07
6.570778054992842954e-08
7.786533195996980794e-09
2.715933966612738004e-08
2.817710731406464220e-09
2.630255480084997544e-08
0.000000000000000000e+00
0.000000000000000000e+00
0.000000000000000000e+00
9.044289299708907492e-07
0.000000000000000000e+00
6.261172558197358740e-08
0.000000000000000000e+00
1.551480899308899097e-08
2.421257327966941375e-08
2.456793168903459446e-08
0.000000000000000000e+00
8.584219557405958767e-09
4.443877266169238283e-09
0.000000000000000000e+00
0.000000000000000000e+00
1.607658191460359376e-06
8.749794915274833329e-07
1.109335812543577049e-06
1.178543485025329574e-08
2.584124469962034709e-09
0.000000000000000000e+00
0.000000000000000000e+00
0.000000000000000000e+00
0.000000000000000000e+00
0.000000000000000000e+00
1.212496075764235570e-10
0.000000000000000000e+00
0.000000000000000000e+00
0.000000000000000000e+00
0.000000000000000000e+00
0.000000000000000000e+00
0.000000000000000000e+00
0.000000000000000000e+00
0.000000000000000000e+00
7.395140055876936458e-09
0.000000000000000000e+00
0.000000000000000000e+00
0.000000000000000000e+00
0.000000000000000000e+00
0.000000000000000000e+00
0.000000000000000000e+00
0.000000000000000000e+00
2.554435107882113698e-09
0.000000000000000000e+00
1.763422346812149044e-06
5.155341682439029682e-07
2.756140474957646802e-06
1.160671445177285932e-06
4.314318573506170651e-07
2.161933025490725413e-06
2.017278802668442950e-06
1.041159862325002905e-06
2.052580157396732830e-06
5.140340817888500169e-06
1.502502641415048856e-06
1.126628603742574342e-06
2.645581389515427873e-07
4.895063625554030295e-07
7.050921908557938877e-07
1.841258949752955232e-06
5.443896043288987130e-06
4.385336978884879500e-06
2.580096634119399823e-06
1.048045987772638910e-06
2.950493467324122321e-07
5.118627086631022394e-06
4.402686215598805575e-07
2.507550561858806759e-06
2.678279770407243632e-06
2.465463012413238175e-06
1.795340949684032239e-06
1.743813186294573825e-06
6.449687930398795288e-07
4.551939696284534875e-07
8.671113960190268699e-08
4.485379534457933914e-08
1.943119514180580154e-06
2.014497113123070449e-06
2.356882305321050808e-06
1.960967921377232415e-08
5.144792680766840931e-07
2.905838414335448761e-08
0.000000000000000000e+00
1.598372705302608665e-07
1.334951548415119760e-06
2.027199798249057494e-06
5.292401539236379904e-08
1.859391929315279413e-08
5.835404381926423412e-10
1.007167725219915155e-06
3.108648797933710739e-06
1.430513094646812533e-07
1.983902819802096928e-07
3.199016305188706610e-07
0.000000000000000000e+00
1.798188350221607834e-05
3.106962367382948287e-07
2.379044694578169583e-08
7.221094620035728440e-07
4.566289248941757251e-07
0.000000000000000000e+00
1.028938001468304719e-08
1.097999393095960841e-05
0.000000000000000000e+00
0.000000000000000000e+00
9.723516996018588543e-06
6.461923618417131365e-08
5.738613140238157939e-09
6.964008036902669119e-09
1.011625272440141998e-06
1.051396196771747782e-07
3.435121016082121059e-06
1.308741275352076627e-07
1.425087692297211106e-08
2.729278776314458810e-07
4.022607136278111284e-09
1.001925085120092263e-07
4.383545899599994300e-07
0.000000000000000000e+00
4.901380179944681004e-06
1.779145435421014554e-07
1.000362203740223777e-06
0.000000000000000000e+00
0.000000000000000000e+00
7.348673847218378796e-08
1.029853624601173578e-08
3.271844306595994567e-08
0.000000000000000000e+00
1.667513416236943158e-08
7.122457068575727135e-10
8.581594879153442434e-10
1.319861553383816499e-06
2.601838389182375977e-08
0.000000000000000000e+00
0.000000000000000000e+00
0.000000000000000000e+00
0.000000000000000000e+00
7.732388667136547156e-07
5.102505529208656299e-09
1.845692736424098257e-06
2.081052912217273843e-07
3.271004970883950591e-06
1.207166178573970683e-06
1.337443222837464418e-06
3.700127093608784890e-09
2.232928181911120191e-06
9.003929903883545194e-07
6.387232076576765394e-09
0.000000000000000000e+00
1.538043647997255903e-06
2.699459173527429812e-06
1.757460495355189778e-06
2.390451300016138703e-06
3.393178531041485257e-06
6.108433808549307287e-06
1.741832875268300995e-06
2.972615675389533862e-06
2.398181095486506820e-06
4.513785825110971928e-06
6.388744395735557191e-07
1.745908889461134095e-06
2.104435168348572915e-07
0.000000000000000000e+00
4.474715751712210476e-06
2.722867975535336882e-07
3.362386564731423277e-07
7.794561156515555922e-07
4.417082664076588117e-07
4.250417617868151865e-08
5.105937361804535612e-08
2.250173167794855544e-07
2.831813787906867219e-07
1.949854322447208688e-06
1.146408266095022555e-07
2.030715862133547489e-08
8.664508044375907048e-08
0.000000000000000000e+00
2.947075188330927631e-07
1.105582847493735699e-09
1.886187561694896431e-07
4.583281736358912895e-07
2.728678964558639564e-06
8.129882189678028226e-08
0.000000000000000000e+00
4.602537728715105914e-08
1.020871351897767454e-07
2.892240217988728546e-06
2.672258325731036166e-08
0.000000000000000000e+00
0.000000000000000000e+00
1.441602194063307252e-06
1.041579594129871111e-06
0.000000000000000000e+00
0.000000000000000000e+00
8.109192484173632920e-11
0.000000000000000000e+00
0.000000000000000000e+00
0.000000000000000000e+00
0.000000000000000000e+00
1.282059969298643409e-07
1.797432247485630796e-08
5.284926274384815770e-08
1.863726506456941934e-09
1.729113935367010413e-10
9.747949114569109952e-09
3.204708054482807711e-09
1.385077865734274383e-07
1.080431502487044781e-06
1.579004589302712702e-07
0.000000000000000000e+00
5.742179509660161330e-10
1.177335118285327553e-08
0.000000000000000000e+00
0.000000000000000000e+00
8.185100597302152892e-09
0.000000000000000000e+00
0.000000000000000000e+00
0.000000000000000000e+00
4.670725584077217718e-09
6.007402134855510667e-06
5.394472424313789816e-09
9.393914091049282433e-09
3.661062564219719206e-08
1.901349833133281209e-08
3.015160743302658375e-08
0.000000000000000000e+00
2.824720368721500563e-08
0.000000000000000000e+00
4.969069209437293466e-07
1.140124012977139500e-07
1.534921011625556275e-06
1.819153453652688768e-06
1.533809040665801149e-06
3.221235829187207855e-07
2.239675723103573546e-06
9.510108043286891188e-07
4.229583737469511107e-06
1.439222614862956107e-06
3.637163672465248965e-06
8.422813948527618777e-07
1.420909029548056424e-06
1.211812673318490852e-06
3.208370799256954342e-06
7.070808806020068005e-06
3.368990519447834231e-06
1.508217451373639051e-06
2.274211055919295177e-06
6.092336235496986774e-08
1.898237655950651970e-07
7.273037567756546196e-07
5.922643708800023887e-07
1.916435167004237883e-06
5.536878333600725455e-08
7.590488166897557676e-07
1.782962613106064964e-07
6.135937269391433802e-08
4.968708253727527335e-07
4.339507881923054811e-07
1.520217125516865053e-07
4.716494306222784871e-09
1.070176907091990870e-07
2.214788565879644011e-07
4.380680280330340182e-12
5.103959210828179494e-08
3.654012289189267904e-06
0.000000000000000000e+00
1.275574561532266671e-07
6.042083100510353688e-07
9.991935456810097094e-08
7.965268444820594596e-09
0.000000000000000000e+00
0.000000000000000000e+00
8.098139119283587206e-07
1.353145648863574024e-06
1.178923980660329107e-07
3.723937140875932528e-07
6.177827582831696418e-09
4.247441065530210835e-09
3.262803147663362324e-07
3.220776312318207601e-09
2.494051010160092119e-08
0.000000000000000000e+00
1.684418748482130468e-06
3.500771015296777477e-07
2.548761202092464373e-08
7.797870438253085013e-08
2.146500577282495215e-07
1.072089439446699544e-08
3.880035492898059601e-08
4.446353614184772596e-07
0.000000000000000000e+00
1.384156348649412394e-06
0.000000000000000000e+00
7.068132190646281288e-10
0.000000000000000000e+00
0.000000000000000000e+00
0.000000000000000000e+00
0.000000000000000000e+00
2.196379540464477031e-07
1.097942958772080146e-09
1.108176888919842895e-06
0.000000000000000000e+00
8.031955758269759826e-07
0.000000000000000000e+00
0.000000000000000000e+00
7.431235644617117941e-06
1.120058090720021937e-08
0.000000000000000000e+00
6.961430099039489505e-09
0.000000000000000000e+00
0.000000000000000000e+00
7.084033768478548154e-07
0.000000000000000000e+00
0.000000000000000000e+00
2.929553488684177864e-07
1.109280901800957508e-06
6.812217065998993348e-07
3.354173713887576014e-06
4.474769411899615079e-06
5.478677280734700616e-07
1.430054567208571825e-06
1.241009783825575141e-07
9.346921956421283539e-07
1.877014142337429803e-06
1.402158204655279405e-06
2.355493506911443546e-06
1.572789756210113410e-06
1.925123797263950109e-06
2.092862587232957594e-06
2.264552449560142122e-06
3.334601160531747155e-06
9.395535585099423770e-07
2.226100548341491958e-07
2.066914021270349622e-06
6.264809826461714692e-07
3.217808625777252018e-06
1.975262057385407388e-05
1.646141527089639567e-06
1.914527274493593723e-06
1.826362336032616440e-06
2.748776921634998871e-07
5.688952597893148777e-08
1.599543395514047006e-07
1.207695390803564806e-06
3.236840711906552315e-06
6.341329683579033372e-09
8.513561056133767124e-07
3.922803557543375064e-07
6.681487718651624164e-08
2.549697228459990583e-06
1.739653421317655102e-09
0.000000000000000000e+00
1.496673689871386159e-06
8.279336327632336179e-09
0.000000000000000000e+00
2.809397017244918970e-07
0.000000000000000000e+00
9.235068887392117176e-07
0.000000000000000000e+00
0.000000000000000000e+00
3.470659093451899935e-09
2.320231260455329902e-06
0.000000000000000000e+00
0.000000000000000000e+00
0.000000000000000000e+00
0.000000000000000000e+00
0.000000000000000000e+00
0.000000000000000000e+00
0.000000000000000000e+00
0.000000000000000000e+00
0.000000000000000000e+00
0.000000000000000000e+00
9.736320256970021347e-12
0.000000000000000000e+00
0.000000000000000000e+00
1.219130126628442667e-06
0.000000000000000000e+00
2.751254726263141492e-07
1.843609766183362808e-06
2.420704049654887058e-06
5.489431487148976885e-08
1.254364997294032946e-05
2.410347477166396857e-08
3.234927987705304986e-07
1.235882081118688802e-07
2.339838900411450595e-08
1.795406712190583676e-09
1.338328292632695593e-08
3.676023396792515996e-08
2.272969226169152535e-07
0.000000000000000000e+00
7.253485989622276975e-08
0.000000000000000000e+00
0.000000000000000000e+00
0.000000000000000000e+00
2.683072580111911520e-06
2.362470013395068236e-06
1.190635678938178899e-08
5.307650763342053324e-09
0.000000000000000000e+00
3.153969146296731196e-06
2.120119233950390480e-06
2.741458274613250978e-06
1.843626137087994721e-06
0.000000000000000000e+00
0.000000000000000000e+00
0.000000000000000000e+00
0.000000000000000000e+00
0.000000000000000000e+00
2.767144735571491765e-09
1.796470350257095561e-08
0.000000000000000000e+00
2.179757956355388160e-07
2.226934725513274316e-07
2.163161298085469753e-06
8.762148127061664127e-07
1.835189550547511317e-06
2.824629973474657163e-06
3.184052275173598900e-06
1.083468532669940032e-06
2.595336354715982452e-06
7.715364517935086042e-06
1.461086981180415023e-06
2.316206291652633809e-06
5.271356712910346687e-06
2.207560100941918790e-06
1.970175844689947553e-06
5.223507741902722046e-07
6.546320037159603089e-07
5.401946054917061701e-07
1.786149937288428191e-06
1.699011022537888493e-06
1.282687662751413882e-07
1.524611121794805513e-07
2.491548798388976138e-07
5.325227903085760772e-07
5.610440556580442717e-09
0.000000000000000000e+00
0.000000000000000000e+00
3.594824988795153331e-07
4.285059844733041245e-07
4.356622174128688130e-09
3.556416716676835676e-09
0.000000000000000000e+00
0.000000000000000000e+00
1.680700911776966677e-08
2.221684836101189831e-09
0.000000000000000000e+00
0.000000000000000000e+00
0.000000000000000000e+00
4.927674268628834398e-09
0.000000000000000000e+00
1.035937543747422751e-06
1.022614128487475682e-06
0.000000000000000000e+00
3.511852924020786304e-07
0.000000000000000000e+00
3.219935651443961433e-09
2.621062549224006943e-07
2.605549298095866106e-06
0.000000000000000000e+00
1.668242988195345333e-09
3.065911187150049955e-07
0.000000000000000000e+00
0.000000000000000000e+00
0.000000000000000000e+00
0.000000000000000000e+00
4.541256259926740313e-09
0.000000000000000000e+00
6.894889104103185673e-09
0.000000000000000000e+00
0.000000000000000000e+00
0.000000000000000000e+00
1.745693771226797253e-05
1.933925464214780732e-09
0.000000000000000000e+00
1.196154926219605841e-07
1.626396397114149295e-06
5.780156442369843717e-08
0.000000000000000000e+00
0.000000000000000000e+00
0.000000000000000000e+00
0.000000000000000000e+00
8.487382352484473813e-09
2.393133172517991625e-06
3.999854243375011720e-07
3.409174041735241190e-06
1.763667455634276848e-06
4.891074695478891954e-06
2.370506990700960159e-06
1.561476710776332766e-05
1.306042236137727741e-06
7.022083082119934261e-06
2.075631982734194025e-06
7.894756890891585499e-06
7.196180717983224895e-08
9.536255447528674267e-07
4.802510034096485469e-07
1.305850787503004540e-07
4.071212970302440226e-06
8.411051055645657470e-08
2.410821586806832784e-08
0.000000000000000000e+00
8.572942356011026277e-09
1.192742729472229257e-06
8.509598501404980198e-07
2.545918142971004272e-08
7.424908243791605855e-09
2.820988331819762607e-09
2.643427706061629578e-06
2.330352515400591074e-07
0.000000000000000000e+00
3.867390319101104978e-08
0.000000000000000000e+00
5.571276417981607665e-08
3.985801413364242762e-07
9.563918546007244004e-09
2.734119952663149888e-08
1.157769293058663607e-05
2.756639150902628899e-05
