4.582537940223119222e-07
1.114196038543013856e-06
8.707769666216336191e-06
1.173829122791403279e-08
3.197965554591064574e-07
1.587581976991714328e-08
1.678444938590928359e-08
5.840477115270914510e-06
1.410832783932391976e-08
1.366276137559907511e-05
1.713293931970838457e-05
8.985758768176310696e-07
9.954302981896034908e-08
2.667420176294399425e-06
1.019236515276134014e-05
2.961106247312272899e-06
1.756969965072130435e-07
6.552742775056685787e-07
3.958672459702938795e-05
1.125396238421672024e-06
4.267782969691324979e-06
3.620471488829934970e-06
5.141512701811734587e-06
5.922325954088591971e-07
1.697939296718686819e-06
3.533895380769536132e-07
1.470024380978429690e-05
2.110233799612615258e-05
3.112921694992110133e-05
7.247271014421130531e-07
1.697704465186689049e-05
2.921813802458927967e-06
1.910263563331682235e-06
3.206761903129518032e-06
3.987261152360588312e-06
1.102669011743273586e-05
8.206216079997830093e-06
5.041270014771725982e-07
7.267600267368834466e-06
5.002037141821347177e-06
2.705402039282489568e-06
1.088492626877268776e-05
1.530626832391135395e-05
5.717698059015674517e-06
3.822897724603535607e-06
5.605579644907265902e-06
4.368174631963483989e-05
8.031066499825101346e-06
4.183373221167130396e-06
1.666885873419232666e-05
5.308235699885699432e-07
7.922033091745106503e-07
2.570667220425093547e-06
6.532574843731708825e-06
9.290665730077307671e-06
5.136334038979839534e-06
1.302311829931568354e-05
2.207856232416816056e-05
1.699336280580610037e-05
9.227598241068335483e-08
4.861551133217290044e-06
6.538975412695435807e-06
2.580531327112112194e-05
2.580140119334828341e-07
2.408029831713065505e-05
4.743350018543424085e-06
6.549259978783084080e-06
5.391541435528779402e-06
2.219796442659571767e-06
2.362651503062807024e-05
6.329087796075327788e-07
1.167465143225854263e-05
1.907981328486130224e-08
8.151448014359630179e-07
2.248604147325750091e-07
4.098915724171092734e-06
6.553459570568520576e-06
4.732979448363039410e-07
5.666936431225622073e-06
5.411503479990642518e-06
1.875429802566941362e-07
1.125247422351094428e-06
1.861191208263335284e-06
1.685849184696053271e-07
2.136544026143383235e-06
4.346133209764957428e-06
2.111439971486106515e-05
1.039821199810830876e-05
8.532622814527712762e-06
3.128476237179711461e-06
1.035087097989162430e-05
9.228717317455448210e-06
3.089364497554925038e-07
1.007745868264464661e-05
4.265539246262051165e-06
1.222082391905132681e-05
8.817988600640092045e-06
4.433959475136362016e-06
5.819421389219314733e-09
3.715142156579531729e-05
4.278660526324529201e-06
1.254343686696302029e-07
1.387716906720015686e-06
2.949079544123378582e-06
9.644690180721227080e-06
4.423178978640862624e-08
1.540327048132894561e-07
1.343203962278494146e-06
1.455122765037231147e-05
8.792183507466688752e-06
5.460134707391262054e-05
1.967280240933177993e-06
1.938055902428459376e-05
1.277842756053360063e-07
9.755184464665944688e-07
4.963131686963606626e-06
3.491024699542322196e-06
2.938038505817530677e-07
3.929118065570946783e-06
1.905478893604595214e-05
1.541230631119105965e-05
4.678356162912677974e-06
6.348146541768073803e-08
3.183598209943738766e-06
1.132864912989361983e-09
8.368916724066366442e-07
7.404265033983392641e-06
8.009298824163124664e-08
3.994824471220681517e-09
2.045985496579305618e-07
2.781839384624618106e-06
5.640128009076761373e-08
5.027346787755959667e-07
1.239061049318479490e-07
2.103580072798649780e-06
1.129894144469290040e-06
1.610121330486435909e-06
9.009124255499045830e-07
8.031554865617351879e-10
8.099050319287925959e-08
4.260929472366115078e-06
9.439017958356998861e-06
0.000000000000000000e+00
2.252153763038222678e-06
3.421371630452085810e-09
5.235459866526070982e-06
5.731516807827574667e-07
3.873720743285957724e-06
1.762662549253946054e-07
2.688066342670936137e-05
1.113164125854382291e-05
1.420066155333188362e-06
3.649700763830310279e-09
2.238270013776855194e-08
4.491835170483682305e-06
3.105318455709493719e-06
3.055706656596157700e-07
1.840781123974011280e-06
4.163579887972446159e-06
2.352729211452242453e-07
1.902651813878719622e-09
4.461177468328969553e-06
0.000000000000000000e+00
3.116140590009308653e-07
1.564504614748329914e-08
9.692442404229950625e-09
6.148173525843958487e-08
7.594375972530542640e-08
4.174770751319556439e-08
1.161858094178569445e-07
1.920865315696573816e-06
4.176186951809768289e-09
3.610104215567844221e-07
8.092043479734911671e-09
4.144932574945414672e-07
2.144819006844045362e-07
0.000000000000000000e+00
6.816683217891750246e-09
4.637976417143363506e-06
1.758015777397758939e-08
5.675727621223813912e-08
0.000000000000000000e+00
1.582934316957107512e-07
1.923024228744907305e-06
0.000000000000000000e+00
0.000000000000000000e+00
8.357139449799433351e-06
9.748640650286688469e-07
1.862995802071054641e-08
3.337845971840280868e-11
5.466788479679962620e-06
7.957716152695581968e-10
0.000000000000000000e+00
1.490492280709077022e-07
5.651546430840426183e-08
2.259557732031680644e-07
1.951400605548769818e-07
9.638823961211073765e-09
3.093906002504809294e-07
3.369450496393255889e-07
3.925952896111084556e-08
7.108039312697655987e-08
3.647806352091720328e-06
9.407134626826518797e-08
1.489506871621415485e-06
2.783322372579277726e-07
8.483276019433105830e-07
5.748917786263518792e-08
4.777344031481334241e-08
4.073553050432110467e-09
2.922022872553498019e-07
8.397806006144037383e-09
6.414182280423119664e-06
2.603332859507645480e-06
6.631957489844353404e-07
5.363871835584177461e-08
6.585913524759234861e-06
1.627569616857726942e-07
6.021224407959380187e-08
1.944646783158532344e-06
3.111044932779805094e-08
9.246717169730800379e-09
5.165398420103883836e-08
9.416991815669462085e-06
2.396859599684830755e-06
2.552409625877771759e-07
0.000000000000000000e+00
0.000000000000000000e+00
0.000000000000000000e+00
0.000000000000000000e+00
4.135891629175603157e-10
2.083473671365965174e-10
1.937142002361724735e-07
3.033994971701758914e-06
0.000000000000000000e+00
2.794852434817585163e-06
6.505572400783421472e-07
2.027963041939528921e-08
1.425967610657608020e-07
3.128424452825129265e-07
1.887277250034458120e-07
1.250865238944243174e-06
2.233968672271657852e-07
1.012590360005560797e-06
1.586623099569806072e-08
2.304557256138650700e-07
4.194157465775560922e-09
7.294034958249540068e-07
2.337849736022690195e-07
1.720830937301798258e-06
5.009533197153359652e-07
1.965181439800289809e-07
4.075287961313733831e-06
8.908408744900953025e-06
2.498488242963503581e-07
1.487229837948689237e-06
2.020254408208188579e-09
9.982334958635874500e-09
4.254736438724648906e-07
1.422614803736621525e-09
1.785004499765818764e-08
5.473326236682396484e-09
2.423768563630801509e-08
8.177564403410997329e-09
2.022088381181674777e-07
2.694062573027622420e-07
1.951584408743656240e-06
8.249818883587778373e-11
2.111725461162450301e-09
0.000000000000000000e+00
1.308993091697630007e-06
2.863832948563072023e-09
1.486372639192268252e-06
9.538706491341031324e-10
2.499413540135719813e-06
5.484955267753832686e-10
7.771487453567260673e-09
1.515807355190190719e-07
8.325662825825475011e-09
2.529333642087294720e-06
1.180326762550976127e-06
3.707354380821925588e-06
4.295471356385860418e-08
1.843130648104818192e-09
3.129823369363293750e-07
8.015143748707487248e-08
0.000000000000000000e+00
7.356354103649209719e-07
0.000000000000000000e+00
9.999802585980432923e-08
1.565801142078271369e-07
5.670595328410854563e-06
4.127411656895674241e-08
7.601156085002003238e-06
1.522347133686707821e-06
1.005536660159123130e-06
4.924039842535421485e-08
0.000000000000000000e+00
6.009483399793680292e-07
3.150022678255481878e-07
6.196271442604484037e-07
3.590821052057435736e-06
2.540255783500811049e-10
2.114149850740432157e-07
0.000000000000000000e+00
2.967173600154637825e-07
4.837321284867357463e-06
7.454623585090303095e-10
6.356838611054627108e-08
1.619047793610661756e-07
1.710805008769966662e-08
6.498213772632155383e-11
8.013510210957974778e-08
1.161383322845210841e-09
7.108357791274499959e-10
6.377707961746637011e-08
4.419776544750675384e-09
1.286431494662565456e-08
1.421595356987381820e-07
4.331748186814365909e-07
4.224804399655113230e-07
2.162604317845762125e-08
9.240297913493122905e-06
3.513938224841695046e-07
8.781340987695784861e-09
3.651528501791290182e-08
9.819681508815847337e-06
6.781734782634885050e-07
3.436136466916650534e-06
8.582533155276905745e-06
5.080460141471121460e-08
1.835721946008561645e-06
1.165910319400609296e-07
7.074630303804951836e-08
8.218687241878797067e-08
3.499532478037914451e-12
1.981866262212861329e-07
4.082715463482600171e-07
4.965850735061394516e-07
0.000000000000000000e+00
3.460705556790344417e-06
1.766647805823140516e-08
4.407806386552692857e-08
0.000000000000000000e+00
4.154838677550287684e-07
2.245820240887042019e-07
0.000000000000000000e+00
1.354538028408569517e-07
6.035824640093778726e-07
1.207771873623642023e-07
1.941280061146244407e-06
5.805453042739827652e-07
9.280056723071083979e-10
0.000000000000000000e+00
7.733920028840657324e-07
1.053906331094367488e-07
0.000000000000000000e+00
0.000000000000000000e+00
7.297689990082290024e-07
0.000000000000000000e+00
7.616742436766799074e-08
0.000000000000000000e+00
8.793241690341346839e-09
0.000000000000000000e+00
1.726800391566030157e-08
0.000000000000000000e+00
1.458278546806468512e-07
1.002235421765362844e-05
6.196107626976754545e-09
0.000000000000000000e+00
0.000000000000000000e+00
9.230900843704148429e-08
3.205616749824002909e-08
6.017264464475147179e-09
2.452338998537584303e-09
1.488389056447658731e-08
1.875242787718889304e-07
2.589954917198156181e-08
6.249192665563896298e-06
2.370122956563136540e-06
3.222001510039262939e-08
3.983311103183950763e-08
5.759539362770738080e-06
4.461828240209797514e-08
1.975850523194822017e-07
1.002711691455715481e-08
3.514340596311171794e-09
8.960032005234097596e-08
2.076200615874768118e-07
6.363857441016307348e-09
7.932482731121126562e-06
3.166266651533078402e-06
5.337510629033204168e-07
1.820106149352795910e-06
1.624635501684679184e-07
7.785597517795395106e-06
2.131975634256377816e-06
6.052416380575298405e-12
1.367319146083900705e-05
1.658283849792496767e-06
8.593114664279255521e-09
1.003035379198990995e-07
4.903281478618737310e-07
8.074001023317123327e-09
3.520864710893079064e-09
1.270650429319175601e-08
0.000000000000000000e+00
1.372269821331428830e-06
0.000000000000000000e+00
4.460044237930560485e-06
3.660522907011909410e-06
4.123598955629859120e-07
8.811641194483854633e-09
3.215487595298327506e-06
0.000000000000000000e+00
1.270524876417766791e-07
2.189946890496230480e-08
0.000000000000000000e+00
0.000000000000000000e+00
6.748447844984184485e-07
0.000000000000000000e+00
1.082647305139516902e-08
2.725488741361914435e-07
9.218761221063687117e-08
5.361053267982640591e-10
4.458267000018167892e-08
3.204527976308213510e-09
1.389771769888525910e-10
4.248650320448632556e-10
5.509839411388384178e-07
0.000000000000000000e+00
2.670825338668691984e-08
5.271142526908079162e-07
0.000000000000000000e+00
6.377047157002380118e-07
2.197370202461357280e-10
0.000000000000000000e+00
9.434827461518580094e-07
9.338869517705461476e-07
0.000000000000000000e+00
1.875272914730885532e-06
1.011507392602306599e-12
0.000000000000000000e+00
0.000000000000000000e+00
7.263555978909153055e-09
8.351283327101555187e-07
2.763662632077057424e-09
4.968391209558831179e-08
2.853242087041962805e-08
0.000000000000000000e+00
0.000000000000000000e+00
6.724655055023731620e-09
0.000000000000000000e+00
1.042267967932275496e-06
0.000000000000000000e+00
0.000000000000000000e+00
7.103283738985055606e-09
0.000000000000000000e+00
0.000000000000000000e+00
1.936657781698158942e-06
4.900906560578732751e-07
0.000000000000000000e+00
0.000000000000000000e+00
0.000000000000000000e+00
0.000000000000000000e+00
9.383599453016699954e-10
0.000000000000000000e+00
0.000000000000000000e+00
1.172453467646050740e-09
6.227325002328143455e-07
1.256680448591396271e-08
9.786427881408599205e-07
1.669446980656630330e-08
4.135363163015881582e-09
4.698074462794465944e-06
1.599511051608715206e-06
6.872386659750873150e-09
6.823954663559561595e-07
5.199075872042158153e-07
2.298113940923940390e-06
9.563780167809454724e-07
2.656740321071993094e-07
8.202926338185534405e-09
3.378055737357499311e-07
9.181252949019835796e-07
4.009240001323632896e-06
4.044083652843255550e-06
1.270813143605664663e-08
4.501380772126140073e-06
9.965056051441933960e-07
2.880932697735261172e-06
2.397384605501429178e-06
8.432336606745138852e-09
3.216875484213232994e-06
2.275156703035463579e-06
5.287222393235424533e-06
5.526523594312493515e-08
9.268763960790238343e-07
0.000000000000000000e+00
1.544818672982728458e-08
4.276190859742179384e-11
1.063301890980028475e-08
9.110758725228151889e-08
3.208102450358296664e-09
8.347150526333280141e-09
1.584900566342639650e-08
3.347441293044539634e-07
3.752256105826745625e-08
0.000000000000000000e+00
0.000000000000000000e+00
2.689944800238208700e-08
4.090311422899617355e-11
4.394810559915640624e-07
6.978689626180312189e-09
7.578760232718195766e-07
0.000000000000000000e+00
0.000000000000000000e+00
0.000000000000000000e+00
0.000000000000000000e+00
1.227405288517502413e-09
1.180589515037411275e-09
1.400930273121048231e-06
4.599467473553886521e-09
1.405610646543209441e-06
2.111880348820704967e-06
4.288993693535303464e-08
4.115998706311074784e-07
1.669913558544067200e-06
3.899773446391918696e-07
5.395432367549801711e-07
5.158767635293770581e-09
7.867387807891645934e-08
9.161443159655391355e-09
0.000000000000000000e+00
0.000000000000000000e+00
5.179580653269511004e-10
2.964080181300232653e-07
0.000000000000000000e+00
1.773495794665791436e-09
7.295346904356847517e-07
0.000000000000000000e+00
0.000000000000000000e+00
4.603127254365624310e-11
0.000000000000000000e+00
5.962454707741926541e-08
7.544410607351892395e-08
1.646828422963153571e-06
7.432757964664915562e-09
2.301625983136545983e-07
2.428962488920660689e-07
0.000000000000000000e+00
3.351264297180023277e-07
6.728892287810595008e-08
7.732779971902914440e-10
8.182740041107194884e-10
8.081480373789418081e-09
2.607383294161991216e-06
4.102877682043981622e-08
8.835569929033226799e-07
3.218639790247834753e-07
1.956487949428264983e-08
9.018128110938050668e-08
3.331023208374972455e-07
0.000000000000000000e+00
1.973868846150139689e-10
2.575816004934949888e-08
0.000000000000000000e+00
5.795111057693702605e-10
0.000000000000000000e+00
3.382568252163764555e-07
0.000000000000000000e+00
1.492086787457935770e-09
9.359584396406717133e-07
0.000000000000000000e+00
0.000000000000000000e+00
0.000000000000000000e+00
0.000000000000000000e+00
0.000000000000000000e+00
0.000000000000000000e+00
1.226663357556390110e-07
2.112933265852046105e-11
3.123937403870513663e-06
3.810030069217873461e-09
0.000000000000000000e+00
1.905016517866897630e-07
7.319408634742785580e-09
1.435824614759440010e-08
4.458114517547073774e-07
7.632595000472974789e-09
2.824461660111410310e-07
5.150370352424715747e-09
2.587548397769978692e-09
1.023704765401589611e-08
4.360576966178086877e-08
1.655932990729525045e-08
4.042437069529114524e-07
3.368437306860982972e-09
6.853628633507469203e-07
2.091196193987343577e-07
9.488824170844623040e-10
6.887103154440410435e-06
1.800683207875408698e-06
4.549850928015075624e-06
3.188291231026596506e-08
5.331290140020428225e-06
1.824646824388764799e-05
1.458337010262766853e-06
7.355542379627877381e-07
7.562140780237314175e-08
5.941233212070073932e-07
5.851658215760835446e-07
7.099549179656605702e-07
1.230783475136831839e-08
1.211286416946677491e-06
2.008434840661266207e-08
6.364631133237708127e-08
7.639174555151839741e-07
2.321870397281600162e-06
3.549764482357886664e-09
1.082404082808352541e-06
0.000000000000000000e+00
1.163065022069531551e-08
8.319834599035402789e-09
0.000000000000000000e+00
2.083296749333385378e-06
2.813067681017855648e-07
4.616656497091753408e-06
8.642048783258360345e-07
0.000000000000000000e+00
0.000000000000000000e+00
0.000000000000000000e+00
2.278840033342888205e-10
2.102032992112867760e-09
0.000000000000000000e+00
0.000000000000000000e+00
0.000000000000000000e+00
3.177079488381195915e-09
7.386786293750446930e-09
0.000000000000000000e+00
1.457352141187584493e-07
0.000000000000000000e+00
0.000000000000000000e+00
0.000000000000000000e+00
2.427981598884798586e-06
3.257061678141326411e-07
1.299302539337077178e-06
9.488142893587792059e-08
2.955455613573576557e-07
0.000000000000000000e+00
0.000000000000000000e+00
0.000000000000000000e+00
3.819399125859490596e-07
1.437397401105044992e-07
0.000000000000000000e+00
0.000000000000000000e+00
0.000000000000000000e+00
0.000000000000000000e+00
9.943809014048565764e-13
3.194093096681172028e-07
0.000000000000000000e+00
1.172963615125865999e-09
0.000000000000000000e+00
8.546715335455701279e-09
0.000000000000000000e+00
0.000000000000000000e+00
0.000000000000000000e+00
3.431404991260933457e-07
0.000000000000000000e+00
0.000000000000000000e+00
3.057342837564647198e-06
0.000000000000000000e+00
0.000000000000000000e+00
0.000000000000000000e+00
4.861480107365423464e-08
0.000000000000000000e+00
0.000000000000000000e+00
9.678253576339557185e-08
0.000000000000000000e+00
7.736266738334052206e-09
6.671987051731775864e-08
1.315024200643222230e-10
4.475088744015920383e-08
0.000000000000000000e+00
1.018802819885422650e-08
0.000000000000000000e+00
0.000000000000000000e+00
0.000000000000000000e+00
8.053168016886047553e-07
2.164188384057297299e-09
1.048599518327364422e-08
0.000000000000000000e+00
0.000000000000000000e+00
4.129686459464210202e-08
1.990304099308559671e-07
6.045599576509630424e-09
0.000000000000000000e+00
9.566879510813919296e-10
1.551079442663194641e-08
0.000000000000000000e+00
0.000000000000000000e+00
7.614532648858585162e-08
6.688489975203992799e-07
3.686136906821957382e-08
2.217419421413069358e-07
7.686695169262236504e-10
2.603293751235469244e-06
2.882267480242006741e-10
2.386784458963120414e-08
3.162724970806607416e-09
2.720514302723131550e-08
3.359030031901966140e-08
2.050470726544517674e-07
3.082564035139512271e-06
6.509278136945795268e-06
1.289376522217722254e-10
8.674120977048005443e-07
2.987801508425036445e-07
4.864855327468831092e-07
5.800393410027027130e-07
1.309516228786833381e-08
1.534050966256472748e-07
4.200630428385920823e-06
1.014157419376715552e-06
2.356493723709718324e-06
1.443764130470981399e-08
1.789369093785353471e-06
0.000000000000000000e+00
0.000000000000000000e+00
2.012349568758509122e-06
1.386174064421652474e-09
4.686997272074222565e-06
4.268654720362974331e-06
3.881263239691179479e-07
2.820105692080687732e-06
7.802677615131869970e-09
5.078604559116683959e-08
2.020576175709720701e-06
3.805407544632544159e-08
6.163516445667482913e-06
5.355514076654799283e-07
5.283504265207739081e-07
7.435127372446004301e-06
2.947738835246127564e-07
3.346986854335654016e-10
6.115166115705505945e-07
7.298079367501486558e-07
3.004297241204767488e-06
7.153857950470410287e-08
2.257142597272832063e-07
3.239029183532693423e-06
4.287758201826363802e-07
1.156441200578228745e-07
3.525739700194208126e-09
4.160038358236306522e-08
3.157030732836574316e-06
0.000000000000000000e+00
3.133184918624465354e-06
1.911098337359362631e-07
1.814034966685085237e-08
3.957979544111367431e-08
6.273654662436456420e-08
0.000000000000000000e+00
3.897486351434054086e-07
0.000000000000000000e+00
1.070140342562808655e-06
1.183032560803098932e-10
1.218069542119337711e-06
1.055496909430075902e-06
0.000000000000000000e+00
1.039858332774201699e-08
7.804160873092769179e-09
3.777096679868918727e-08
4.251776530850293057e-08
9.326354870609065983e-07
0.000000000000000000e+00
8.789398098230094547e-10
1.899479116218572017e-06
7.736255192014596105e-09
1.405701095791300759e-05
0.000000000000000000e+00
0.000000000000000000e+00
7.149522843974409625e-06
0.000000000000000000e+00
4.900696293219652944e-09
8.813073009150684811e-07
8.989110028778668493e-06
1.628722117175129824e-07
6.263783269844225288e-09
2.677309680620965082e-07
1.569565942602553499e-14
0.000000000000000000e+00
5.607094522019906435e-07
6.166661847828436294e-09
1.195844902213138994e-06
1.964045814872861229e-08
1.466352461676478924e-08
7.125745327130061924e-08
1.570902630199100258e-09
9.972542791558680619e-09
6.160903609497836442e-08
9.777103286978672259e-07
0.000000000000000000e+00
8.611205082331707672e-09
1.013326755838761528e-08
7.482943154002441588e-09
0.000000000000000000e+00
0.000000000000000000e+00
0.000000000000000000e+00
3.164523310061895245e-09
1.663325264189552399e-07
1.650607761582989497e-09
8.427029740687430603e-09
6.389725970556980883e-10
2.037222612827349622e-09
1.928778942117403972e-10
3.453495045491195015e-09
7.632364429355220636e-08
9.486348062637262046e-08
0.000000000000000000e+00
0.000000000000000000e+00
2.508966900904852082e-08
0.000000000000000000e+00
1.076076650008417346e-08
4.877701940131373703e-06
3.530382386429664621e-08
0.000000000000000000e+00
7.531636647684081254e-09
9.884987939301481674e-09
5.233566913176446178e-09
5.310170791972268489e-08
7.948241886879259255e-08
1.229856536610896001e-07
0.000000000000000000e+00
0.000000000000000000e+00
9.887674679021074553e-09
2.368257945306595502e-08
0.000000000000000000e+00
4.521466053120093420e-06
9.305425408001610776e-08
1.707527275129905320e-07
0.000000000000000000e+00
0.000000000000000000e+00
2.831517420531781681e-08
8.124134751597011928e-07
1.718389164295786031e-08
2.243913854726997670e-07
9.421843571999488631e-08
1.220582834804417871e-08
4.738749481703052879e-08
5.474715436548649450e-08
6.159838417119090082e-09
6.633354843188499217e-08
4.899098726696138328e-08
0.000000000000000000e+00
2.023909246418043040e-06
1.789742782420944422e-06
1.332283403598921723e-07
4.266061921498476295e-07
4.075432435968195932e-09
9.521250490251986776e-07
1.564761873851239216e-06
1.274654124472363037e-07
3.234486257497337647e-06
4.359672857390251011e-06
2.972836455228389241e-06
1.612849132470728364e-06
0.000000000000000000e+00
1.203762511892136899e-08
9.574282699986724765e-09
2.570356798514694674e-07
1.035013383443583734e-06
6.376781414019205840e-08
3.820728267101003439e-08
1.550834305419357406e-08
4.820442427444504574e-06
5.267922542628866722e-09
8.170476917257474270e-07
3.090984250775363762e-07
7.738655050104625843e-09
3.558813688187001389e-08
2.431870882446673932e-07
1.789987891243072227e-08
0.000000000000000000e+00
8.881785085179672024e-09
6.317964107438456267e-08
0.000000000000000000e+00
3.241294450617715484e-07
0.000000000000000000e+00
7.759501130522039603e-08
9.758844043972203508e-08
2.759672952379332855e-07
1.110384530988994811e-07
1.294756035719046849e-08
8.834633025145421925e-11
2.545224049299577018e-07
8.124573930290424073e-12
3.337887521936977464e-09
7.929252632266070577e-08
9.480843345954781398e-07
0.000000000000000000e+00
5.246858947316468402e-08
1.180040101189661073e-07
4.433343576693005161e-07
2.093818011417170055e-06
1.448399844505843248e-09
0.000000000000000000e+00
0.000000000000000000e+00
2.241356185095355613e-07
4.941831943661156856e-10
2.218200068071496389e-09
0.000000000000000000e+00
9.508295875093608629e-07
2.983392164424003568e-07
7.618465858172385197e-09
0.000000000000000000e+00
0.000000000000000000e+00
0.000000000000000000e+00
0.000000000000000000e+00
2.108677563228411600e-06
0.000000000000000000e+00
5.652080744766863063e-06
8.421412012182827311e-09
7.815435409952442569e-09
0.000000000000000000e+00
0.000000000000000000e+00
2.179921693823416717e-06
0.000000000000000000e+00
0.000000000000000000e+00
0.000000000000000000e+00
0.000000000000000000e+00
0.000000000000000000e+00
1.719684811218868958e-11
6.917578954102054922e-09
0.000000000000000000e+00
9.017556124035763787e-08
1.006098386824305635e-06
1.067634092244418298e-09
1.218494749544163369e-09
2.596879653538053390e-07
5.527697743978876588e-10
4.178801304988155607e-08
5.432933676274842583e-07
3.660362679624995508e-08
0.000000000000000000e+00
1.117259458283115237e-07
9.251326815729044029e-09
0.000000000000000000e+00
4.361486283244175866e-09
6.792489415374802775e-08
0.000000000000000000e+00
8.141320222421200015e-07
6.956458520335218054e-08
7.102143761983370496e-09
2.118957098673490691e-07
2.741939120198821911e-09
5.649882339753276028e-08
6.884459935463382863e-08
6.304663457967762952e-08
0.000000000000000000e+00
0.000000000000000000e+00
7.401633865811163560e-07
0.000000000000000000e+00
1.037936137038286688e-08
0.000000000000000000e+00
8.158029113358722384e-11
2.345778113976848545e-07
6.623530168781144312e-09
3.497654077477818646e-08
9.089812791351903343e-10
5.698936433873313945e-08
0.000000000000000000e+00
0.000000000000000000e+00
2.220079295511823148e-06
1.553134154619328910e-08
1.052938070067455101e-09
6.146317900856956840e-06
0.000000000000000000e+00
0.000000000000000000e+00
0.000000000000000000e+00
0.000000000000000000e+00
1.944201422077185271e-08
3.286304206540080486e-07
2.978681834520102711e-08
1.198027462123718578e-06
8.802476081370969041e-09
9.781516929763256485e-09
2.857712733117523385e-09
7.603591534177667199e-09
4.722517044086771421e-09
0.000000000000000000e+00
0.000000000000000000e+00
4.541247378142543312e-08
0.000000000000000000e+00
3.657496527864623204e-09
7.689221206419460941e-07
3.760426068311062409e-07
2.920317569987673778e-07
1.250792047358117998e-05
5.750480909227917437e-07
9.695697826828109100e-07
1.828886183830036316e-06
2.711888384965277510e-07
6.744821234860864934e-08
2.380208208307976747e-08
3.718785990258766105e-07
1.882390733953798190e-06
6.567802302015479654e-08
1.528073539702745620e-06
5.952684123400331373e-09
2.220393326979319681e-07
2.911257297455449589e-06
2.264910481386550600e-09
3.689614835877819132e-09
4.781102092010769411e-08
6.811668118444913489e-09
4.137347787036560476e-06
1.242455709871137515e-05
5.755353527092665900e-07
4.048809216783411102e-07
4.579298717999336077e-08
1.647605472498980816e-06
4.233088475302793086e-06
6.274098609537759330e-07
3.759166247618850321e-06
3.649180825959774666e-06
1.186968106026142777e-07
1.512536584868939826e-08
1.371522984072726103e-08
5.370366125134751201e-07
0.000000000000000000e+00
1.441360364395904980e-09
0.000000000000000000e+00
1.491277518139710878e-10
0.000000000000000000e+00
1.930880699774206732e-07
0.000000000000000000e+00
1.790222427189291921e-06
2.718214204833202530e-07
5.864894792040331595e-09
1.109835636725620134e-07
2.693891687499672116e-08
4.921753316011745483e-08
3.773260370820707976e-09
0.000000000000000000e+00
5.032815764138831582e-08
4.750301343392493436e-07
5.074489450862529338e-08
2.632474505048776336e-08
1.526017756603437192e-09
4.764424803033878719e-16
3.931457115413650172e-07
4.385935614692471063e-09
6.216966141892044106e-08
2.364845030911055801e-08
0.000000000000000000e+00
8.839865017762349453e-07
0.000000000000000000e+00
1.421056708750256803e-06
0.000000000000000000e+00
3.846210905322777762e-09
1.289047979469160055e-09
4.769276173988146184e-08
0.000000000000000000e+00
0.000000000000000000e+00
1.282610107011805667e-08
0.000000000000000000e+00
0.000000000000000000e+00
8.875449708511951030e-09
0.000000000000000000e+00
5.531404223546587673e-10
4.321160762543740930e-09
1.087635870256065118e-09
4.713196801731101004e-07
1.808421034449336773e-12
1.958277096036908915e-07
3.645256096973525928e-09
3.575101743535924470e-07
1.528980497766951885e-08
0.000000000000000000e+00
4.701404066054237774e-07
3.186875874305883372e-09
1.957679387487587519e-06
0.000000000000000000e+00
3.772705099436279852e-07
0.000000000000000000e+00
4.662185517645411892e-07
9.377849607972166268e-09
2.444586932881520625e-08
0.000000000000000000e+00
1.439840275452297647e-06
0.000000000000000000e+00
5.061674634987411991e-09
0.000000000000000000e+00
6.369477318912686314e-07
3.774372601128561655e-07
0.000000000000000000e+00
0.000000000000000000e+00
3.933317671567237994e-09
4.218588145477042417e-09
6.436104538209974635e-09
0.000000000000000000e+00
0.000000000000000000e+00
0.000000000000000000e+00
0.000000000000000000e+00
0.000000000000000000e+00
9.728303666634019464e-06
0.000000000000000000e+00
1.335787125356091565e-08
3.440712714741778200e-10
1.030514553690409230e-07
0.000000000000000000e+00
3.310814067347678247e-09
4.128375141743134691e-10
1.002843641462192181e-12
2.163820767009383417e-07
0.000000000000000000e+00
0.000000000000000000e+00
0.000000000000000000e+00
0.000000000000000000e+00
3.539276094421950347e-10
6.602761115637179046e-10
7.427079253830015659e-07
1.511347470783963587e-11
0.000000000000000000e+00
1.684126345935510471e-06
3.673687465344244174e-10
2.102357399280663230e-08
4.854395996289895265e-09
0.000000000000000000e+00
0.000000000000000000e+00
0.000000000000000000e+00
2.067954696371998580e-08
5.976667605267493855e-09
9.289653490895943833e-09
0.000000000000000000e+00
5.896410026906551138e-09
0.000000000000000000e+00
2.925151534327596892e-07
0.000000000000000000e+00
2.473394289381758426e-08
3.858161562675377354e-06
1.946681260633909005e-09
1.115702419340891538e-09
1.278435348694983986e-07
3.718765810845070519e-07
6.322503853795069517e-09
6.520727513503743467e-09
4.597144054319102224e-10
1.373886675537505653e-06
3.355293598517050668e-09
1.834260245914265397e-07
2.797779870888916776e-06
2.438575452679003774e-10
8.355016234418144450e-08
3.237584422777217696e-08
4.255441865552711533e-07
3.732413063062267611e-07
1.182296394119930483e-08
5.905694067109834577e-08
2.553925071424600901e-08
9.431675884741252958e-09
8.088055096777679864e-07
1.026059521791466977e-06
5.508277808985440060e-06
7.406270263743408577e-09
2.004282073642116302e-08
7.906218257858199649e-08
1.174105590528995435e-09
7.584150196748851158e-09
2.033963028225116432e-06
4.129514952211366108e-09
2.277248167814605040e-09
1.305395016970578581e-06
5.316754823070368730e-07
2.272448682560934685e-06
1.596861238795099780e-07
4.064552427962553338e-08
5.314068403095006943e-07
9.562914016214563162e-08
1.326414178492996143e-07
1.420410722374754187e-08
6.556520304457080783e-08
3.428666417448766879e-08
3.911566626157991777e-09
6.844597777444505482e-09
1.654532066908132037e-09
1.467462151794052261e-08
3.421577687845456239e-09
2.582392299999014540e-09
1.321873924098326825e-06
2.471066636644536629e-06
8.596233946889242361e-09
4.315569412938202731e-08
0.000000000000000000e+00
0.000000000000000000e+00
2.236950535916548688e-08
0.000000000000000000e+00
1.361324422077814233e-07
0.000000000000000000e+00
1.120085926231695339e-07
1.374321641378628556e-06
0.000000000000000000e+00
1.280233021816457040e-07
0.000000000000000000e+00
0.000000000000000000e+00
3.520218072594616388e-08
7.530638981324833114e-13
0.000000000000000000e+00
2.454319201206089929e-07
2.207490865657746326e-07
0.000000000000000000e+00
8.491126664011972025e-07
1.354034679934557062e-07
0.000000000000000000e+00
2.525451350265939254e-07
2.128247356125712031e-09
2.186081182742327655e-08
0.000000000000000000e+00
0.000000000000000000e+00
0.000000000000000000e+00
0.000000000000000000e+00
3.586133390243162467e-09
0.000000000000000000e+00
2.871962124117999338e-06
2.503697658085002331e-07
8.465057277362575405e-08
9.724781193654052913e-07
1.052462028638956326e-08
2.545442745471859780e-09
2.932596920857122313e-08
8.144997991621494293e-07
0.000000000000000000e+00
6.752167713841572549e-10
9.796581252885516733e-07
0.000000000000000000e+00
4.041581735947374909e-09
2.248440523544559255e-06
1.656862913534951076e-08
2.981776674459979404e-07
4.476763404426264970e-09
1.686024120317597408e-08
3.506865596136776730e-06
0.000000000000000000e+00
4.902998715578324451e-14
0.000000000000000000e+00
1.479400140169673250e-07
0.000000000000000000e+00
6.414777597996135228e-10
7.920309144537895918e-06
0.000000000000000000e+00
0.000000000000000000e+00
0.000000000000000000e+00
0.000000000000000000e+00
7.917071087604199420e-08
1.666816842771368101e-06
0.000000000000000000e+00
8.374100701757924980e-08
8.126978201516976696e-09
0.000000000000000000e+00
0.000000000000000000e+00
0.000000000000000000e+00
0.000000000000000000e+00
2.155003064885363528e-09
7.545606917069846986e-10
0.000000000000000000e+00
0.000000000000000000e+00
0.000000000000000000e+00
0.000000000000000000e+00
8.448025390350721864e-09
1.253511641152726952e-07
7.159354775687631900e-10
7.535074786346740439e-09
2.431372436717538221e-09
1.464798202732708887e-07
0.000000000000000000e+00
0.000000000000000000e+00
0.000000000000000000e+00
0.000000000000000000e+00
0.000000000000000000e+00
0.000000000000000000e+00
0.000000000000000000e+00
0.000000000000000000e+00
0.000000000000000000e+00
4.096686989640829779e-09
8.949534162638883572e-07
1.139907226388459094e-07
1.790692394365578366e-08
4.876785086871393560e-10
0.000000000000000000e+00
0.000000000000000000e+00
0.000000000000000000e+00
0.000000000000000000e+00
7.751682460366282612e-07
3.457173436416383083e-09
5.799471978207293432e-07
0.000000000000000000e+00
0.000000000000000000e+00
1.383755829920119140e-07
0.000000000000000000e+00
0.000000000000000000e+00
0.000000000000000000e+00
2.978283930588077055e-07
0.000000000000000000e+00
0.000000000000000000e+00
0.000000000000000000e+00
7.554041303592384793e-07
2.972543988732923026e-09
2.550189334878105729e-13
2.093808575409639161e-07
0.000000000000000000e+00
4.809136200378816284e-08
0.000000000000000000e+00
7.307930260935791011e-09
0.000000000000000000e+00
0.000000000000000000e+00
1.037695511740821530e-07
5.211479958688869374e-08
1.097115509551827017e-09
0.000000000000000000e+00
0.000000000000000000e+00
0.000000000000000000e+00
0.000000000000000000e+00
0.000000000000000000e+00
0.000000000000000000e+00
0.000000000000000000e+00
0.000000000000000000e+00
2.040376895218187769e-10
2.032055363088147715e-06
0.000000000000000000e+00
5.884287475055316463e-07
4.212738158315687542e-09
9.709338222307906108e-09
4.386325080929509568e-09
6.901299229866708629e-07
1.049937470298800690e-09
2.919511032928312488e-08
2.315503024874487892e-07
8.638139803451849730e-08
6.994155654638234410e-08
1.294137632612546440e-07
7.368874577196038445e-08
2.403797338956792373e-08
1.224244556397025008e-06
7.210534391788314679e-09
1.048700141836889088e-06
1.793768333868683840e-08
1.346455519524170086e-06
1.062397725348773747e-08
7.812277047491988924e-09
1.423518991572336745e-08
5.265759384087687067e-09
1.196681438386804075e-07
1.412160344216317753e-08
2.770385476580372597e-09
1.807690296118380502e-06
2.278144561884687391e-09
4.866296308136952575e-07
8.809055707104107569e-09
0.000000000000000000e+00
4.823575849854933040e-08
9.012364898808300495e-07
2.952085083052224945e-07
0.000000000000000000e+00
1.996093601519532967e-07
1.605111044078455507e-09
9.831950364969088696e-09
6.740605158483958803e-07
3.282098987256176770e-06
5.884069196326890960e-07
1.546637236060632858e-06
3.312684526690645725e-08
5.100375122246703086e-10
8.592468816459586378e-07
2.569180246325686312e-08
7.201610419116377670e-09
1.432859608740955082e-09
2.302410393895115703e-06
0.000000000000000000e+00
1.643306717369341641e-07
5.690210969078179915e-09
1.493128706897550728e-06
3.778379493724060012e-07
7.297211936929670628e-07
3.221148503484982939e-08
0.000000000000000000e+00
4.226298477849610435e-11
1.078736433512972326e-09
0.000000000000000000e+00
6.230375104721019852e-10
3.450404761906611384e-08
8.525469219478054583e-09
9.202557293974678032e-08
0.000000000000000000e+00
5.532136171382262546e-08
1.895453216604892077e-08
1.676439431719245476e-09
0.000000000000000000e+00
1.990235432458575815e-06
6.036257786945498083e-07
4.418699006691895192e-07
4.402187698815396288e-07
2.477610472340074921e-08
8.434020060121838469e-08
1.595191861269995570e-06
1.063350829610953951e-08
0.000000000000000000e+00
1.864625609471204370e-08
0.000000000000000000e+00
6.485601833361442914e-09
6.966236583139107097e-07
9.036807568918447942e-07
0.000000000000000000e+00
3.909196379936474841e-07
7.910357879836737993e-08
4.157505895108215555e-09
0.000000000000000000e+00
0.000000000000000000e+00
3.263219923610449769e-06
0.000000000000000000e+00
1.507467040084975451e-09
0.000000000000000000e+00
0.000000000000000000e+00
6.814347308647938917e-09
3.485708249817420779e-11
0.000000000000000000e+00
2.913579244534503232e-08
1.826347295619257238e-09
6.116715467463507139e-11
0.000000000000000000e+00
1.641932612983509898e-06
1.733646286083967425e-06
0.000000000000000000e+00
0.000000000000000000e+00
0.000000000000000000e+00
4.409988036968570668e-07
0.000000000000000000e+00
1.423780116027728582e-08
5.766815497354471631e-11
3.922473457151909315e-10
2.605123583521162800e-08
4.808033082781548728e-09
7.037282312438719600e-09
0.000000000000000000e+00
0.000000000000000000e+00
9.100129538808232610e-09
2.949334145796456141e-07
2.116727682022201407e-09
4.889905085292411968e-07
3.133792603193796822e-08
2.394452636167443416e-09
6.925082374209523550e-08
0.000000000000000000e+00
0.000000000000000000e+00
0.000000000000000000e+00
0.000000000000000000e+00
0.000000000000000000e+00
0.000000000000000000e+00
0.000000000000000000e+00
0.000000000000000000e+00
4.498136263464402873e-07
0.000000000000000000e+00
0.000000000000000000e+00
0.000000000000000000e+00
0.000000000000000000e+00
0.000000000000000000e+00
0.000000000000000000e+00
2.439473345550169370e-10
1.114361793952411972e-06
0.000000000000000000e+00
0.000000000000000000e+00
0.000000000000000000e+00
5.616361153926163752e-09
1.040517227934856237e-09
4.332538594553625444e-07
2.645853980354218038e-09
4.295291233802345232e-09
0.000000000000000000e+00
8.124197847791947424e-08
0.000000000000000000e+00
0.000000000000000000e+00
9.478719675826141611e-08
2.578617852577735903e-08
2.435394330646545313e-09
1.607316502116873380e-10
1.007583350087770668e-08
0.000000000000000000e+00
7.280493985462044293e-10
3.463826914185119676e-08
1.280905242984076153e-10
5.891591658979677959e-10
9.117217614554307126e-13
8.767773174156445748e-10
5.612291964496307628e-09
1.696033535836249939e-07
2.848377533837265219e-08
1.639588020907467580e-09
1.918119885147007153e-08
0.000000000000000000e+00
0.000000000000000000e+00
0.000000000000000000e+00
0.000000000000000000e+00
3.389353153693264176e-08
4.822460208941947712e-09
1.385687028232496232e-06
2.634885447605483932e-07
1.496559320912638213e-08
0.000000000000000000e+00
5.819633841497307003e-08
1.541573482199964928e-07
1.622023071412570516e-09
1.543496409794897772e-06
2.083023709076314844e-08
1.422811521933908807e-07
1.317511699738815878e-08
1.447875774829299189e-07
2.298797241451211448e-08
6.120338298387650866e-07
1.281723527313261002e-08
9.133661826865591138e-09
2.221801196355954744e-07
1.753406131399515289e-08
2.715290975174866617e-06
4.365784178617104772e-09
1.124589630308037158e-07
4.684162604462471791e-07
2.908600826856400090e-08
7.704446858269875520e-09
9.677050911705009639e-07
6.174743560904971673e-08
6.542654062968722428e-08
8.376405276067089289e-07
2.987291125577939965e-08
9.218147134504306450e-09
3.418411438360635657e-07
3.577613583161110000e-08
1.587802444191765971e-06
2.925799890363123268e-06
5.475601483340142295e-07
8.442121384177880827e-07
6.337168012571225972e-10
4.733875513807106472e-08
2.093441153760977613e-08
0.000000000000000000e+00
2.879233740316067269e-08
2.581135731816175394e-06
3.821772409651202906e-08
1.512250769053480326e-08
9.627937060940894298e-07
2.201305051130475476e-06
1.066050447917632482e-08
1.636281249384197167e-10
1.006429926064811298e-07
5.121527202334164031e-09
8.851166057866066694e-07
4.013740451114244934e-08
2.549445980548625812e-06
8.954713734965480398e-07
1.012054440252541099e-06
1.806706562135218519e-09
0.000000000000000000e+00
8.407570817325904500e-08
0.000000000000000000e+00
0.000000000000000000e+00
9.187243854569260293e-09
0.000000000000000000e+00
0.000000000000000000e+00
0.000000000000000000e+00
1.917158698461207678e-08
3.136626602895375981e-08
0.000000000000000000e+00
5.543178804856552233e-09
1.572900032442703377e-09
1.676321126353741420e-08
0.000000000000000000e+00
2.306959423492571659e-08
0.000000000000000000e+00
6.120191642366989981e-08
1.422084783264665475e-09
1.229179531492263777e-07
4.772831019295153965e-09
0.000000000000000000e+00
2.914720242941370998e-09
2.165461054914885608e-08
0.000000000000000000e+00
0.000000000000000000e+00
0.000000000000000000e+00
1.860999816472030943e-07
1.185288951432994509e-07
3.494191560093895532e-06
5.043525597159259632e-10
1.048451068186295743e-07
0.000000000000000000e+00
0.000000000000000000e+00
0.000000000000000000e+00
0.000000000000000000e+00
0.000000000000000000e+00
0.000000000000000000e+00
4.700486044839635724e-07
8.503792514602537267e-08
2.494138300335180247e-07
2.637229989943534747e-08
0.000000000000000000e+00
0.000000000000000000e+00
0.000000000000000000e+00
1.014895611994859337e-09
3.477100163351565243e-09
0.000000000000000000e+00
0.000000000000000000e+00
0.000000000000000000e+00
0.000000000000000000e+00
2.457249737020106295e-09
5.176629347403149950e-09
0.000000000000000000e+00
1.019032858096124983e-08
3.287566698872979032e-07
1.509194547111292195e-08
1.844908581460913410e-07
2.447267562211141723e-11
8.153081543227358452e-10
8.426110298387357034e-08
5.626006258085958223e-11
0.000000000000000000e+00
3.015980798437567501e-10
2.173318947029656556e-08
8.513611504668006091e-08
0.000000000000000000e+00
2.264783915961743332e-10
3.117045163647524930e-11
0.000000000000000000e+00
0.000000000000000000e+00
9.352852936572730869e-10
0.000000000000000000e+00
4.137185882768790179e-08
8.399589468410795234e-09
9.800249500813151826e-10
1.396878879234009219e-08
0.000000000000000000e+00
0.000000000000000000e+00
1.949882255658508257e-09
0.000000000000000000e+00
0.000000000000000000e+00
9.710068127333215671e-08
0.000000000000000000e+00
5.812941239469182619e-08
0.000000000000000000e+00
0.000000000000000000e+00
8.301662290932654287e-08
0.000000000000000000e+00
6.112660457802121527e-07
3.728315434159412689e-09
6.438137347686279099e-07
0.000000000000000000e+00
7.213598163247070261e-09
0.000000000000000000e+00
1.264968716441217111e-07
0.000000000000000000e+00
2.335572979461630894e-08
1.931067117766360752e-06
3.104446761881263228e-07
0.000000000000000000e+00
0.000000000000000000e+00
4.816869680901447737e-10
4.309840678784482293e-11
2.385909738222835585e-06
0.000000000000000000e+00
0.000000000000000000e+00
0.000000000000000000e+00
3.132995018972906109e-08
7.103495818228111602e-07
8.334897216855097213e-09
0.000000000000000000e+00
0.000000000000000000e+00
0.000000000000000000e+00
0.000000000000000000e+00
0.000000000000000000e+00
8.155432169587584212e-07
0.000000000000000000e+00
9.381360133176031013e-10
1.295777263266018053e-09
0.000000000000000000e+00
0.000000000000000000e+00
6.217778292239017901e-09
0.000000000000000000e+00
3.045616927058181211e-12
0.000000000000000000e+00
1.276064608646265697e-06
2.528244991140127240e-08
4.168237630053361897e-11
9.777486376094657317e-09
9.324668326371465810e-08
7.486235631404269952e-08
7.777865462799127272e-09
1.227825752181388452e-08
1.282537809288442077e-08
2.087568645947612822e-06
4.021205768367508426e-07
1.045644637542864075e-07
5.638653632900059165e-08
4.167672074117945158e-08
2.127917042571425554e-07
4.175889856128378597e-09
4.936869135718779944e-09
4.282930987642430409e-08
4.595658538164570928e-07
2.827128184890170814e-07
1.504841384303290397e-05
5.223537713483494827e-10
2.392587020949576981e-06
4.141897491649615404e-08
1.662945159353057534e-08
2.435100896036601625e-06
9.806856660077301058e-09
5.681048076411343573e-09
1.626567382118082605e-06
1.672029128485519323e-07
1.898659292010052013e-07
2.278932470289873891e-06
2.233300300247265113e-08
6.583566136697527327e-09
2.583394120847515296e-08
3.135140480559073239e-10
2.545627530992078391e-08
1.497974189135220513e-08
1.606599084880144801e-07
1.144289285548438784e-06
3.040854323899111478e-07
6.232895088942314032e-07
2.735892756788871338e-08
0.000000000000000000e+00
1.366766264254692942e-05
1.189361569231550675e-06
1.082096446225477848e-06
3.078377233123319456e-07
7.791147140778775793e-07
1.961243043524518725e-07
0.000000000000000000e+00
1.920871239846633216e-09
5.942522030011332390e-09
2.268025056650913029e-08
4.443856482794217300e-07
3.536180059882099158e-08
0.000000000000000000e+00
1.709023649709706660e-06
7.037553206856728139e-09
5.837943035658099689e-07
4.357750604810917139e-09
5.422780446906472207e-09
9.095599828867761971e-09
2.237809226812714769e-08
2.014413382767088478e-07
3.486615867132059066e-07
6.003519956720992923e-06
1.404347216293899692e-07
8.325637956829723407e-09
0.000000000000000000e+00
2.435650016093318659e-14
1.875793742556197685e-08
7.921014599787667976e-08
0.000000000000000000e+00
8.118139938062540750e-09
0.000000000000000000e+00
9.649800070121727913e-09
3.686304239636228886e-08
1.287665796212422720e-08
1.000172722420700211e-09
1.563338628329802305e-06
2.862441021989070578e-07
9.560116609463875648e-08
0.000000000000000000e+00
0.000000000000000000e+00
0.000000000000000000e+00
4.731911751321149495e-09
0.000000000000000000e+00
0.000000000000000000e+00
0.000000000000000000e+00
0.000000000000000000e+00
9.843961756850205802e-11
0.000000000000000000e+00
7.755439845880118810e-09
2.133777066148923041e-08
0.000000000000000000e+00
1.729272697259531810e-10
3.397590431220010032e-09
0.000000000000000000e+00
4.038224403757340042e-07
9.588781324509909609e-09
6.235757155081955716e-08
1.110158454054044341e-08
0.000000000000000000e+00
3.140762316888867645e-09
5.857334062220331816e-10
0.000000000000000000e+00
0.000000000000000000e+00
0.000000000000000000e+00
4.045585644263383074e-09
6.219121218009604490e-08
0.000000000000000000e+00
1.319605189564754255e-07
0.000000000000000000e+00
3.048254939130856656e-06
3.165299133911503304e-08
3.650165447677267139e-10
0.000000000000000000e+00
1.685398348660882561e-11
5.815226966632280892e-09
0.000000000000000000e+00
8.528858188583399169e-07
8.703079368288513251e-10
0.000000000000000000e+00
0.000000000000000000e+00
2.500348594836054872e-09
0.000000000000000000e+00
1.248462860869992141e-10
1.102805846642240795e-08
4.055369373645589803e-10
0.000000000000000000e+00
5.820703918857361714e-09
0.000000000000000000e+00
4.252635188439768399e-10
0.000000000000000000e+00
6.799229179677013235e-09
0.000000000000000000e+00
5.628651988942579010e-10
0.000000000000000000e+00
1.357314118877184228e-07
0.000000000000000000e+00
1.186021307830742444e-07
0.000000000000000000e+00
0.000000000000000000e+00
0.000000000000000000e+00
0.000000000000000000e+00
1.576822700188884596e-10
0.000000000000000000e+00
1.663832449594337959e-08
5.398393732036765869e-09
0.000000000000000000e+00
0.000000000000000000e+00
1.239934022123634350e-08
0.000000000000000000e+00
0.000000000000000000e+00
0.000000000000000000e+00
3.615967045789147960e-07
7.844696559011765657e-10
2.064732829154536375e-09
0.000000000000000000e+00
0.000000000000000000e+00
0.000000000000000000e+00
0.000000000000000000e+00
0.000000000000000000e+00
0.000000000000000000e+00
1.680692474081979526e-09
0.000000000000000000e+00
0.000000000000000000e+00
1.044608133327074029e-08
0.000000000000000000e+00
3.075305414768081391e-07
1.183675948368545505e-07
5.713181039368464553e-10
0.000000000000000000e+00
0.000000000000000000e+00
5.281798394207726233e-07
5.875548492184634597e-09
2.058461845422243641e-08
5.843229455848586440e-09
0.000000000000000000e+00
5.710739969799760729e-07
2.880524263559891551e-09
2.590204850605459796e-08
1.847774555585601775e-08
6.522555384691486324e-09
5.600897523549974721e-10
1.643861380351552270e-09
4.736068870414555931e-09
0.000000000000000000e+00
9.816999657630276488e-09
2.561325906924594165e-08
3.244299717763965418e-09
1.423013486601121258e-06
8.659637273922271561e-08
4.560504862638481427e-09
3.083880883991696464e-08
1.949799255385187280e-08
0.000000000000000000e+00
7.119755878193245735e-07
1.775884861388021818e-08
5.615451073026633821e-07
5.951370063428385038e-09
5.229849442400791304e-09
8.843451126949730678e-08
3.650534665666782530e-07
3.051894736927351914e-07
3.560232997301682190e-08
1.330715349467936903e-06
7.047350436550914310e-08
1.211119950994543615e-07
2.986172698005162829e-10
2.177587248297641054e-06
4.002265825420181500e-07
1.547529251411106088e-07
6.904145255504090528e-09
2.297619872138056962e-08
1.287407513927973923e-08
7.878348640133481240e-09
9.639840925501630409e-09
1.103550061998248566e-06
2.017914994212333113e-06
1.767622603843221896e-09
6.326807806544820778e-07
5.592716334490432928e-08
2.527636588922632654e-08
1.992916054405213799e-09
1.421854278760292800e-07
3.861230482016253518e-07
1.275573779935257335e-08
2.427657364023616537e-07
1.035186727449399768e-07
2.537979604255724553e-08
1.972456509236053535e-08
8.299713805115516152e-09
1.178152615466387942e-06
3.641367030127184989e-08
7.504604049302088242e-09
4.859652946720416367e-08
2.308185109711757832e-08
1.206310074053362769e-08
9.985512861021561548e-09
4.319195667790154403e-09
2.085340042867755983e-07
0.000000000000000000e+00
2.291354121553013101e-06
4.249364451425208244e-07
5.924487140873679891e-07
2.249827730338438414e-06
8.318910715843230719e-08
2.158826646336819977e-06
0.000000000000000000e+00
7.963913084552132204e-09
0.000000000000000000e+00
0.000000000000000000e+00
6.075333658372983336e-07
2.237620400080686522e-08
2.119927150490141798e-10
7.668696184737200383e-07
0.000000000000000000e+00
4.478106774286061409e-08
3.467296449954915261e-10
3.355973721141936039e-09
0.000000000000000000e+00
0.000000000000000000e+00
3.811091886518624960e-09
3.022105659056251170e-07
0.000000000000000000e+00
0.000000000000000000e+00
2.288717126930350787e-08
1.374863156655692364e-08
9.498650754835580301e-09
0.000000000000000000e+00
1.125029484683182091e-06
2.622021932907614428e-09
1.947001848634499765e-08
0.000000000000000000e+00
1.237610458559856852e-09
0.000000000000000000e+00
0.000000000000000000e+00
0.000000000000000000e+00
5.487493126565823331e-09
0.000000000000000000e+00
0.000000000000000000e+00
0.000000000000000000e+00
2.818082975863944739e-07
0.000000000000000000e+00
0.000000000000000000e+00
0.000000000000000000e+00
2.218657300545601174e-06
0.000000000000000000e+00
1.163416527560912073e-07
6.379104059220375156e-13
0.000000000000000000e+00
0.000000000000000000e+00
0.000000000000000000e+00
7.683415788051206619e-06
0.000000000000000000e+00
0.000000000000000000e+00
0.000000000000000000e+00
0.000000000000000000e+00
0.000000000000000000e+00
0.000000000000000000e+00
0.000000000000000000e+00
0.000000000000000000e+00
0.000000000000000000e+00
0.000000000000000000e+00
0.000000000000000000e+00
0.000000000000000000e+00
3.084033650679884886e-08
0.000000000000000000e+00
0.000000000000000000e+00
0.000000000000000000e+00
0.000000000000000000e+00
1.861829856952823548e-10
5.263140478994898785e-10
0.000000000000000000e+00
0.000000000000000000e+00
0.000000000000000000e+00
0.000000000000000000e+00
0.000000000000000000e+00
0.000000000000000000e+00
4.715506918273604242e-08
2.985070977956638671e-06
1.364820434446301078e-08
9.424451441475412139e-09
8.859886158063545736e-09
3.483930299807980191e-08
1.793936021954323223e-08
4.235964752297149971e-07
7.464302065329775360e-09
3.196841191765997792e-08
0.000000000000000000e+00
0.000000000000000000e+00
5.983049078395197284e-08
6.166504817883833311e-08
0.000000000000000000e+00
0.000000000000000000e+00
9.012909529815260612e-09
4.000882292132246221e-09
9.646486631709194626e-08
5.227528410145509952e-10
0.000000000000000000e+00
7.432791448991338257e-07
4.985546642188865007e-09
1.106890845647967581e-08
0.000000000000000000e+00
8.813801173346291762e-07
3.545868265675267139e-09
5.700848149103876494e-08
5.055513341289952223e-09
0.000000000000000000e+00
0.000000000000000000e+00
0.000000000000000000e+00
0.000000000000000000e+00
4.051556423689817166e-09
0.000000000000000000e+00
7.952269953648283263e-09
1.254829053165540387e-11
0.000000000000000000e+00
1.300245031643498805e-07
1.928184474309091456e-06
0.000000000000000000e+00
1.139381765824509785e-06
3.075286940656951629e-07
1.778647562566959550e-09
1.751947698025446698e-09
1.219399159424483514e-08
1.764917243463060004e-07
0.000000000000000000e+00
0.000000000000000000e+00
0.000000000000000000e+00
0.000000000000000000e+00
0.000000000000000000e+00
0.000000000000000000e+00
0.000000000000000000e+00
2.551706984377233312e-06
0.000000000000000000e+00
0.000000000000000000e+00
0.000000000000000000e+00
0.000000000000000000e+00
8.005888703713215371e-13
2.645645906795834890e-07
0.000000000000000000e+00
0.000000000000000000e+00
2.931162271124776453e-06
1.470527344338279363e-08
7.553495606771321036e-10
8.302645682078946265e-09
0.000000000000000000e+00
0.000000000000000000e+00
1.720917852665593273e-10
0.000000000000000000e+00
8.087493869046724626e-11
0.000000000000000000e+00
0.000000000000000000e+00
0.000000000000000000e+00
0.000000000000000000e+00
0.000000000000000000e+00
0.000000000000000000e+00
0.000000000000000000e+00
0.000000000000000000e+00
1.427964235745093902e-08
2.429240586465652996e-09
1.032958536484329670e-07
0.000000000000000000e+00
4.505299330048728734e-06
0.000000000000000000e+00
4.143379555898718536e-06
8.027524200926450249e-10
1.386884163068202724e-09
3.954215799240046181e-08
1.413224759438946876e-09
6.728797519173213004e-09
1.538049465565904939e-09
0.000000000000000000e+00
5.004047309853376646e-08
1.321746889715313955e-08
5.919805445842030167e-08
2.004395094346023143e-09
7.436875648636487313e-08
2.279221718026747112e-07
0.000000000000000000e+00
3.916165880468724936e-08
3.351440236443181675e-09
4.412928262809145963e-07
2.959455514428555034e-06
6.007281854181201197e-07
5.274740715321968310e-07
3.943333481970512366e-08
2.601803430479776580e-07
0.000000000000000000e+00
9.577891546541650314e-08
3.799685259764373768e-07
3.960284118420531740e-07
2.588812053616607045e-09
2.567162304956127628e-08
1.164165031042330156e-08
4.846722845286421943e-07
5.238655376160750166e-06
1.673142691061002552e-07
1.475728481636906508e-06
4.989137636357554584e-08
0.000000000000000000e+00
4.285258370373412617e-08
4.368492341200180817e-07
3.119179154964513145e-07
9.850674942413206736e-09
7.428648132190573961e-06
8.923746719347036560e-08
3.750845323224893946e-08
8.385473981853408532e-10
4.516174101354408776e-10
8.979030852174219035e-09
1.940859561955221579e-08
1.165095520061498746e-10
3.291575865205231821e-07
2.712471636190372237e-10
2.307511124399752589e-07
4.445545087605751178e-08
2.102544840454356745e-06
1.191870779848613893e-07
4.996464575413028797e-09
1.125260169487773965e-07
0.000000000000000000e+00
3.075974674970893830e-08
0.000000000000000000e+00
9.744686622070730664e-07
4.139537601588472171e-09
6.108039851682178778e-09
5.925627988290216308e-07
0.000000000000000000e+00
0.000000000000000000e+00
1.501240554091509694e-08
9.905154456646414474e-07
2.238721563685430738e-08
0.000000000000000000e+00
0.000000000000000000e+00
1.017460490859711797e-10
8.347712565637266380e-08
0.000000000000000000e+00
1.569617040786397411e-07
1.810351477615768090e-07
1.149621997598160306e-08
3.420869632009271299e-08
2.421374460936931428e-07
1.156550855085924923e-09
1.734389343255315907e-07
0.000000000000000000e+00
0.000000000000000000e+00
0.000000000000000000e+00
0.000000000000000000e+00
1.272304150923275756e-09
0.000000000000000000e+00
1.697808649225862609e-08
5.516426551666064881e-11
0.000000000000000000e+00
6.012610498373760493e-08
1.190487264324247008e-08
7.247883182515124645e-09
0.000000000000000000e+00
2.175546853777632350e-08
0.000000000000000000e+00
5.928750823613881948e-10
0.000000000000000000e+00
0.000000000000000000e+00
4.801586328539997339e-07
0.000000000000000000e+00
0.000000000000000000e+00
0.000000000000000000e+00
0.000000000000000000e+00
0.000000000000000000e+00
2.329337833728573059e-09
0.000000000000000000e+00
2.848324021087478286e-09
0.000000000000000000e+00
0.000000000000000000e+00
6.313403577706822034e-09
0.000000000000000000e+00
0.000000000000000000e+00
0.000000000000000000e+00
6.009456487987563378e-09
0.000000000000000000e+00
0.000000000000000000e+00
4.895838845442312959e-09
1.978562096383029711e-07
6.521860135277890436e-11
6.969425037084420183e-10
0.000000000000000000e+00
9.644369129091501236e-06
6.387008255615000962e-08
6.744065750297068007e-09
9.735011730072073988e-08
0.000000000000000000e+00
0.000000000000000000e+00
0.000000000000000000e+00
4.828931476907882825e-09
0.000000000000000000e+00
0.000000000000000000e+00
0.000000000000000000e+00
0.000000000000000000e+00
0.000000000000000000e+00
1.730065118943358016e-10
2.115718871209537610e-07
0.000000000000000000e+00
6.555138298836027388e-08
0.000000000000000000e+00
3.020862004987634464e-09
0.000000000000000000e+00
0.000000000000000000e+00
0.000000000000000000e+00
0.000000000000000000e+00
5.178621620416379301e-08
1.310640068696855565e-10
0.000000000000000000e+00
0.000000000000000000e+00
3.531851575644395780e-07
2.950558408709724745e-10
9.990208530222255412e-13
0.000000000000000000e+00
0.000000000000000000e+00
0.000000000000000000e+00
0.000000000000000000e+00
8.591702460591932322e-09
0.000000000000000000e+00
0.000000000000000000e+00
0.000000000000000000e+00
1.211445077586859043e-08
0.000000000000000000e+00
6.914119499157322934e-09
0.000000000000000000e+00
0.000000000000000000e+00
0.000000000000000000e+00
3.305006259779474931e-07
0.000000000000000000e+00
0.000000000000000000e+00
2.729867389916762477e-07
6.893809967323250021e-08
3.411163018718355033e-10
1.104044784483448893e-07
0.000000000000000000e+00
1.308063815486093517e-06
0.000000000000000000e+00
0.000000000000000000e+00
7.387761229438183364e-07
0.000000000000000000e+00
0.000000000000000000e+00
3.291322492326997917e-10
0.000000000000000000e+00
6.211519743004600969e-09
0.000000000000000000e+00
5.169930705761771605e-09
0.000000000000000000e+00
1.035156405038151206e-09
0.000000000000000000e+00
0.000000000000000000e+00
5.074829800832958426e-08
8.585833377594553895e-09
5.204228603616911641e-09
0.000000000000000000e+00
0.000000000000000000e+00
7.257513701119933103e-09
3.865148201498413982e-10
0.000000000000000000e+00
7.405669748550280929e-07
9.241146514682441193e-09
0.000000000000000000e+00
9.424194757912118803e-11
0.000000000000000000e+00
0.000000000000000000e+00
3.027496253693584549e-09
2.392078357615901041e-08
4.127401098230620846e-06
2.228247097946223221e-08
2.097413132062797558e-09
4.920722673773525457e-08
1.871007881959485530e-08
5.454974250085342646e-10
4.960262756092959080e-10
2.655196794876246713e-06
2.257277476047647724e-09
6.181574718766569276e-08
1.054003906375555744e-08
2.792488196234899078e-08
4.959188615316634241e-08
3.801643799761222908e-08
1.495125388828455471e-06
1.461948215819575125e-07
2.751196070960304496e-08
1.120002401933106739e-08
3.403720825190248434e-07
4.420911636771052144e-07
5.932079361059550138e-08
3.956137817340277252e-08
9.724855232207119116e-08
3.523704208419076167e-06
2.045572813358376152e-07
4.377318703063792782e-07
1.792784254384116593e-09
8.020479640435951296e-07
2.033292112457729672e-08
3.080844408032135107e-06
4.620915916575540905e-08
2.914226016059728863e-08
2.276577504289889475e-08
2.161600832550902851e-06
6.459241319589636987e-08
7.502899279643315822e-07
2.779815531539497897e-06
3.675091342358882684e-09
5.643333622629143065e-08
2.618986449931526295e-08
6.516503248121807701e-08
1.918210479345816566e-08
3.064954867681990436e-08
1.738532517947533051e-07
2.608959732697258005e-07
1.388476977837171944e-08
1.403876060540598658e-11
0.000000000000000000e+00
4.622734763870539609e-07
9.973859960155095905e-07
7.916475510683085304e-07
0.000000000000000000e+00
9.860393390681565506e-09
2.112500169459963217e-06
3.645044088784743508e-08
8.844466492519131862e-07
8.699634435060943360e-08
3.817678173589911239e-09
2.455372509757580701e-07
1.090026957584200318e-09
6.410834316739055794e-07
5.352331911012697674e-10
3.419170502283463975e-09
6.053540779760169244e-09
1.027150542398658217e-08
5.116928605275461450e-07
0.000000000000000000e+00
1.031541728480078746e-06
0.000000000000000000e+00
5.294126381727437547e-08
0.000000000000000000e+00
5.852211493184711344e-10
8.092966852224492413e-10
4.573278147290693596e-06
4.897473715459454979e-08
0.000000000000000000e+00
3.528692227305896267e-09
2.447184442644356750e-06
7.474567382814711891e-07
4.181768709088373726e-09
1.497107064096780960e-06
5.909832623274269281e-09
8.950121532791399659e-09
1.638929347791417968e-08
4.925694838675553910e-07
3.103504866430739639e-07
3.014234417619832129e-09
2.116477162417140789e-07
2.213576806298078736e-07
4.052566850987204816e-07
2.657580544518367560e-10
0.000000000000000000e+00
5.170304628876465358e-09
1.193129008925097878e-07
0.000000000000000000e+00
1.370185853666328057e-09
4.544241372084201203e-10
0.000000000000000000e+00
0.000000000000000000e+00
4.772903405836359525e-09
0.000000000000000000e+00
2.927965169874369167e-06
3.095571400990593247e-06
8.628033398849765945e-09
1.868046412001334033e-10
5.656469852510781493e-07
7.992905892706403392e-09
2.757958084131928445e-09
2.626933559568556120e-09
5.696392690879292786e-09
2.991563619048065448e-08
2.198013362431083806e-07
6.383840656098982436e-08
3.872627075907075778e-06
5.278870229830090466e-09
1.394709556734596845e-06
6.490927351165964865e-09
2.374261676152400469e-09
4.294538200610986678e-07
1.601357102476441696e-10
1.307250929727388211e-08
2.735500856942962855e-07
0.000000000000000000e+00
1.118277381806365156e-08
6.405706520773435386e-10
1.445696340418578529e-09
0.000000000000000000e+00
1.979463633006162127e-07
5.882386577837905861e-09
0.000000000000000000e+00
3.444711405009570626e-09
3.517408364572816026e-09
1.901134805137871808e-09
1.007846909227561039e-12
5.707458061721126796e-09
7.598997058266832028e-07
1.205397097692184616e-07
1.965907792111920571e-08
9.853465599007904530e-08
0.000000000000000000e+00
5.839414640718132432e-08
0.000000000000000000e+00
2.340064320094370487e-08
0.000000000000000000e+00
0.000000000000000000e+00
6.880388809804571792e-07
2.413867150607984513e-08
8.301310749914136977e-09
1.116985259841385414e-08
4.569589595604384158e-09
3.930588476919183449e-08
0.000000000000000000e+00
8.050701771900037329e-10
4.140579079603412538e-08
3.856037835703318706e-07
0.000000000000000000e+00
0.000000000000000000e+00
2.092507429551915266e-06
0.000000000000000000e+00
3.442389129304501694e-08
2.155920242330466863e-08
1.186693111776548903e-06
3.213603605445314315e-08
2.236674134792338009e-07
1.313654046652956708e-10
9.622529439923255268e-10
2.131361497959005646e-06
3.669967801878115665e-11
3.028205686206320024e-09
1.851968676191972918e-07
7.878610652767292777e-09
4.868866643192859556e-09
0.000000000000000000e+00
2.261590914542921382e-08
4.016245114257799287e-08
8.056365885522609460e-08
1.498466372140683234e-05
4.656014951365250454e-08
1.428506291034636888e-08
3.337395471092463595e-09
1.339751520390564110e-06
1.283742818714017631e-07
5.380083933914647787e-08
6.459713119966181694e-08
3.440943530108597770e-08
1.246909597796275193e-08
1.495497485848318320e-06
6.452883098972961307e-07
1.066581702957591915e-07
1.734099752681572681e-09
7.257653464876057114e-07
2.644781488925218582e-06
2.512577452762343455e-07
1.610676925167808804e-08
3.953458893590777734e-09
1.199220037051418331e-06
9.866997885410455638e-09
7.639160685357637703e-06
3.161184736200084444e-07
1.061528820400781115e-08
3.623935596053229347e-09
1.357081291786244037e-08
5.315601736555208845e-09
1.092411761050016139e-08
8.404244766779811471e-08
2.181889158237027004e-06
1.363382740038332486e-08
1.588731493029627018e-07
1.008758410137033934e-08
5.881163289700452879e-08
0.000000000000000000e+00
1.865952903301604238e-08
4.690369337367883418e-08
2.085285188968555303e-08
1.065222243745722608e-09
1.366413648895559163e-08
1.075168185593611270e-07
2.246493302493490773e-08
6.765195053048955742e-07
0.000000000000000000e+00
2.399220544457847382e-10
0.000000000000000000e+00
2.488659767152512359e-08
1.686635044961803942e-07
2.597301573814547737e-08
7.467996283594402485e-07
0.000000000000000000e+00
0.000000000000000000e+00
6.061937063428501915e-10
5.064280017563760339e-08
2.351449923665427377e-09
5.357859436116996221e-07
1.587961406812610221e-08
3.685281413368102221e-08
7.623947112733731046e-06
6.852781666566443164e-07
1.221768002324097324e-07
1.835443086406485236e-08
0.000000000000000000e+00
3.216061941202497110e-06
6.748780201348836272e-09
4.112880258588802462e-09
2.187550052212827723e-07
0.000000000000000000e+00
6.847750455563073047e-08
1.216933696923661046e-06
0.000000000000000000e+00
8.744270729721392854e-08
5.484210419126611669e-09
1.751764244772857637e-08
2.805472743006021119e-09
0.000000000000000000e+00
0.000000000000000000e+00
3.992060726432100637e-07
2.306628082981987404e-10
0.000000000000000000e+00
0.000000000000000000e+00
0.000000000000000000e+00
4.166104474734311225e-07
0.000000000000000000e+00
1.737177086624797084e-07
5.202730335440719500e-07
0.000000000000000000e+00
0.000000000000000000e+00
1.257966064649451710e-09
5.560162463780216058e-08
0.000000000000000000e+00
0.000000000000000000e+00
4.027755551305745030e-07
0.000000000000000000e+00
0.000000000000000000e+00
0.000000000000000000e+00
5.989736706624171347e-08
0.000000000000000000e+00
0.000000000000000000e+00
0.000000000000000000e+00
0.000000000000000000e+00
0.000000000000000000e+00
3.002699200393976753e-09
2.048268896714944276e-07
0.000000000000000000e+00
0.000000000000000000e+00
0.000000000000000000e+00
2.921891848473023856e-07
0.000000000000000000e+00
1.406507577073057291e-09
2.259117559688661458e-09
1.931408206701235031e-07
3.230998135705931418e-09
1.027830887068148513e-08
7.239642219047937033e-09
9.995021699182871089e-09
1.431413920727209188e-08
2.860390591052919262e-09
1.635827970858372282e-07
9.729602012953364465e-09
0.000000000000000000e+00
1.833089346980898426e-09
3.250181013214614723e-09
0.000000000000000000e+00
2.034669108752495958e-07
2.760608408536313618e-09
0.000000000000000000e+00
0.000000000000000000e+00
8.621366953676101730e-10
0.000000000000000000e+00
2.509051100219039654e-08
1.964561668899023061e-08
1.289471924792451318e-07
9.258491751040764939e-09
0.000000000000000000e+00
6.573956046196371972e-09
8.531537254441445839e-09
7.331951934475000598e-09
0.000000000000000000e+00
8.212205138136141613e-09
0.000000000000000000e+00
4.199346292921291024e-08
0.000000000000000000e+00
0.000000000000000000e+00
8.523862504716817057e-09
0.000000000000000000e+00
6.098992866299113302e-09
0.000000000000000000e+00
9.706020875910326140e-09
0.000000000000000000e+00
0.000000000000000000e+00
6.401306595904543428e-09
0.000000000000000000e+00
2.195946896543787830e-10
0.000000000000000000e+00
2.221248074363302294e-09
0.000000000000000000e+00
5.655601334475512942e-11
0.000000000000000000e+00
0.000000000000000000e+00
0.000000000000000000e+00
0.000000000000000000e+00
0.000000000000000000e+00
4.100671358031604541e-09
0.000000000000000000e+00
3.104370538409284563e-09
1.622016299052120303e-07
8.307367238558072131e-09
1.244277655132464133e-06
1.411290195818537541e-08
0.000000000000000000e+00
5.855181370861828327e-06
1.518777850151309394e-07
1.047737328008224722e-07
8.419312469420958678e-10
5.989588824917291277e-10
9.961091507193486905e-09
9.162343772572967282e-09
0.000000000000000000e+00
1.983505359959281122e-09
6.094755367058724005e-09
8.849100119334707415e-09
1.417454775776150200e-08
1.532963551653665490e-07
5.988179907490120968e-08
6.374140326670385548e-09
6.515838979481713977e-10
2.956901612449769345e-09
1.477118427573032022e-09
3.772208501118257118e-08
3.802393067076081934e-09
3.621394573105618520e-10
3.994204575974436011e-07
9.961452178686158732e-07
2.888212335960815835e-08
1.315574671423291875e-08
5.869456387586069468e-08
1.484128286932673291e-08
1.960658977395723923e-07
1.636270852145571553e-08
7.268736226251348853e-06
4.448829997727443697e-07
5.165973870902007548e-09
1.797758386601344682e-09
0.000000000000000000e+00
1.797673010450751008e-09
2.690266676097508025e-08
1.938496119180399546e-08
5.096981681163015310e-08
8.313949528826469759e-09
0.000000000000000000e+00
9.252711485885356524e-09
6.519098455504135359e-11
2.137470467289404041e-08
2.315679914488555369e-08
1.340577537867204683e-09
2.878051096055767033e-11
1.414531141108454904e-07
2.710225146529410267e-07
1.553174683976976667e-06
1.070455990515029043e-08
5.961290572287225586e-09
2.563673433542135172e-07
3.675840742900504665e-09
9.721981442112337390e-09
2.176657076802257507e-09
1.641492630710672529e-08
6.730012387379247230e-07
7.755045494661771954e-10
1.426358153366891202e-06
2.315909963801487947e-10
4.695043642755081237e-08
3.469401654854209482e-09
2.186945291526853907e-09
3.397531145310495049e-09
1.860843923395805177e-07
0.000000000000000000e+00
2.435606347717111930e-07
0.000000000000000000e+00
3.344359811308095232e-08
1.677127658972210611e-09
1.164693852473419611e-08
3.164186864523799159e-06
2.330322157462205723e-09
6.643335126454985584e-08
1.043790263111077365e-07
3.475852494716491492e-08
5.044093853712183773e-08
1.387059285207214998e-07
0.000000000000000000e+00
0.000000000000000000e+00
0.000000000000000000e+00
1.519977033126451715e-09
6.200937150424579158e-06
1.068059862774362045e-08
4.096309112355811521e-06
3.962277617119980277e-08
0.000000000000000000e+00
4.843342438221043267e-08
0.000000000000000000e+00
8.614686635155521799e-07
6.829665277763297127e-09
1.854377160270814784e-06
9.477603590823946433e-09
0.000000000000000000e+00
0.000000000000000000e+00
0.000000000000000000e+00
2.258539311128515692e-08
5.236995548330014572e-07
5.444895201378585625e-09
0.000000000000000000e+00
0.000000000000000000e+00
0.000000000000000000e+00
2.684520827855862990e-09
7.446740823979780544e-08
0.000000000000000000e+00
6.538029850844395696e-08
3.859592112576137879e-08
9.454087290805546218e-08
5.626995047691707441e-08
6.583543932237034824e-09
3.237125234534232732e-09
0.000000000000000000e+00
0.000000000000000000e+00
2.698761036867836083e-08
0.000000000000000000e+00
3.834035311456318595e-08
2.193240478121083470e-09
2.634943152557411850e-09
0.000000000000000000e+00
3.710693363245809451e-06
1.335807269242650364e-07
0.000000000000000000e+00
3.103266532633597308e-09
0.000000000000000000e+00
0.000000000000000000e+00
0.000000000000000000e+00
0.000000000000000000e+00
0.000000000000000000e+00
0.000000000000000000e+00
0.000000000000000000e+00
0.000000000000000000e+00
0.000000000000000000e+00
0.000000000000000000e+00
0.000000000000000000e+00
0.000000000000000000e+00
0.000000000000000000e+00
0.000000000000000000e+00
0.000000000000000000e+00
0.000000000000000000e+00
0.000000000000000000e+00
2.171009327867068350e-08
0.000000000000000000e+00
1.004936578397064295e-08
0.000000000000000000e+00
0.000000000000000000e+00
0.000000000000000000e+00
0.000000000000000000e+00
0.000000000000000000e+00
3.519183167099981802e-08
8.931593811212223954e-07
4.480062045786326053e-07
3.654334612690490758e-09
1.022984363885370840e-09
8.553294961188839807e-09
2.960317857514382922e-08
4.298542632952262466e-10
9.529291560284036677e-07
1.002737022304245329e-07
2.524572738360486568e-11
4.783131668517626167e-09
5.722275542296983986e-09
8.069730661475205125e-09
0.000000000000000000e+00
1.725773635108396320e-09
0.000000000000000000e+00
1.419343115260929267e-10
6.332715202006511390e-06
5.169832206775026862e-08
9.968450509489912292e-10
3.413947524677496403e-08
2.153788436487502622e-08
2.003200982869657309e-08
0.000000000000000000e+00
0.000000000000000000e+00
0.000000000000000000e+00
2.957754219323760481e-08
0.000000000000000000e+00
4.221260496706236154e-07
0.000000000000000000e+00
0.000000000000000000e+00
0.000000000000000000e+00
7.140162239238634356e-09
0.000000000000000000e+00
0.000000000000000000e+00
0.000000000000000000e+00
0.000000000000000000e+00
1.493371470928650524e-08
0.000000000000000000e+00
8.725744038429184002e-08
0.000000000000000000e+00
7.437225235662481282e-08
0.000000000000000000e+00
2.508540486445554052e-09
2.332353865597269760e-08
1.029721829581831116e-06
0.000000000000000000e+00
2.770421891895580302e-09
1.695961415748570289e-08
0.000000000000000000e+00
0.000000000000000000e+00
3.573597195938305049e-09
0.000000000000000000e+00
1.750343536777165809e-09
7.086040199055787525e-09
5.626829297639135419e-12
4.421373887453228235e-06
4.403598197200153663e-08
5.494669608197000343e-09
5.997784455757937394e-07
8.959957220611158846e-09
1.272621452663713626e-09
1.048971398631692864e-06
9.572354020548345943e-10
1.984757069806164509e-08
8.027059017479132308e-09
2.556117806307156570e-07
9.746568885304895957e-09
1.684326633721866529e-07
9.458084804236932541e-08
0.000000000000000000e+00
4.596515736920991912e-07
3.904741113780474393e-11
1.362908363944370649e-07
1.539214906642882852e-07
1.789214643110881298e-08
2.863116890239325585e-07
1.059327203734028444e-08
6.594852219876656818e-09
0.000000000000000000e+00
8.349190494527647388e-08
1.565738216413592454e-06
2.100814811001328053e-08
6.432755128571443493e-08
1.807800664721526118e-08
2.619903405332024704e-09
7.239652433099763584e-08
6.487337333993536959e-09
3.947958191474754130e-07
5.844517647624059009e-10
1.451005626762480460e-08
0.000000000000000000e+00
4.984476120739600447e-08
3.724049690845276928e-08
1.799534032898009173e-08
2.994400816191955528e-08
1.241039160326806723e-09
3.662698020434618229e-07
1.647949829930439591e-07
3.162673237966373563e-06
8.107048188321641646e-08
1.324095411092685026e-08
2.903219353811437031e-07
4.843060423809220083e-07
3.574029128206035466e-10
8.101080695155360445e-09
1.973536711830092827e-07
7.557045478279178496e-08
0.000000000000000000e+00
1.764399030435015447e-06
4.469228315429063514e-06
8.778053839364474698e-09
9.029815783989647571e-10
2.920619863289175555e-06
4.298769673560798310e-10
1.639253954799357871e-09
1.767582955003454970e-11
1.809775937999802409e-07
2.725101012401864864e-06
3.351812827290245878e-09
1.495532409023780929e-08
0.000000000000000000e+00
1.064154503183090128e-06
1.007526417851067890e-08
2.020266492763767019e-06
1.371304403363637903e-09
4.240222750695465948e-08
3.787080926631603006e-10
2.182835683040007524e-11
0.000000000000000000e+00
1.517413124929589685e-06
3.147024685290489288e-08
1.577034680622091400e-08
1.209611744101835029e-09
8.937248026086308528e-07
0.000000000000000000e+00
0.000000000000000000e+00
1.204651578490256725e-08
0.000000000000000000e+00
1.342375277602059214e-08
1.999404197761123214e-09
0.000000000000000000e+00
0.000000000000000000e+00
3.819141625172051135e-08
1.733217458443903070e-09
0.000000000000000000e+00
0.000000000000000000e+00
0.000000000000000000e+00
1.511676783749749120e-09
9.007768397850668407e-08
0.000000000000000000e+00
0.000000000000000000e+00
4.317930013542081724e-09
0.000000000000000000e+00
0.000000000000000000e+00
8.738569334809653810e-08
0.000000000000000000e+00
1.871904515837741201e-07
4.401502773365706389e-10
0.000000000000000000e+00
1.170064134470294448e-08
0.000000000000000000e+00
0.000000000000000000e+00
0.000000000000000000e+00
0.000000000000000000e+00
0.000000000000000000e+00
0.000000000000000000e+00
7.718784900134778582e-07
0.000000000000000000e+00
0.000000000000000000e+00
0.000000000000000000e+00
0.000000000000000000e+00
0.000000000000000000e+00
1.754567620082525536e-06
0.000000000000000000e+00
0.000000000000000000e+00
6.273221497821168668e-09
0.000000000000000000e+00
0.000000000000000000e+00
1.119960457707236401e-09
0.000000000000000000e+00
0.000000000000000000e+00
0.000000000000000000e+00
0.000000000000000000e+00
4.513348699219932314e-07
0.000000000000000000e+00
0.000000000000000000e+00
6.089942994336183801e-10
0.000000000000000000e+00
0.000000000000000000e+00
7.755220354788150416e-10
0.000000000000000000e+00
0.000000000000000000e+00
0.000000000000000000e+00
9.111915111326140959e-10
1.035416086203611030e-09
1.477735338539787335e-07
5.713554074304738606e-09
0.000000000000000000e+00
7.947084657011771469e-10
0.000000000000000000e+00
0.000000000000000000e+00
0.000000000000000000e+00
5.149394688430675160e-09
3.691060328492312692e-06
1.525553988690475649e-10
4.356287330864461183e-09
4.090466987349827832e-08
0.000000000000000000e+00
5.893928545219750958e-08
0.000000000000000000e+00
1.710774988339380798e-08
0.000000000000000000e+00
0.000000000000000000e+00
1.793437149899546057e-07
0.000000000000000000e+00
0.000000000000000000e+00
0.000000000000000000e+00
0.000000000000000000e+00
0.000000000000000000e+00
4.477599624408412637e-09
0.000000000000000000e+00
3.883654287051285792e-09
5.431297012137292768e-08
1.071408703978704580e-07
0.000000000000000000e+00
1.534744692444078851e-10
2.575273505556197051e-08
0.000000000000000000e+00
0.000000000000000000e+00
9.855654070634045638e-07
1.010350274555094074e-06
0.000000000000000000e+00
0.000000000000000000e+00
4.187655111564936306e-09
0.000000000000000000e+00
0.000000000000000000e+00
0.000000000000000000e+00
0.000000000000000000e+00
0.000000000000000000e+00
0.000000000000000000e+00
1.424453301979156095e-07
9.996918493015982676e-08
0.000000000000000000e+00
7.324551631882059155e-09
7.845440963549776825e-10
0.000000000000000000e+00
1.188624992209952325e-06
0.000000000000000000e+00
1.264062077233063519e-09
1.942370317919994704e-06
0.000000000000000000e+00
0.000000000000000000e+00
0.000000000000000000e+00
1.951833583646589432e-09
3.451468728599138558e-07
0.000000000000000000e+00
1.784846290320274420e-06
0.000000000000000000e+00
2.973818347129508766e-08
1.631511481470226954e-09
1.014944928101613186e-07
3.635947765090463690e-09
6.404086594358204820e-09
5.276362013972857312e-09
5.352365772814948741e-10
5.578316031318308887e-09
8.689934993810766173e-09
3.543367711245082319e-06
3.900890988006722182e-07
7.019824010967568029e-08
1.301357688276993940e-08
1.780599916401115479e-07
7.971373605641929316e-08
1.325972398547037301e-08
2.297303236531433868e-09
4.097190853258325660e-08
3.326298569916730230e-09
9.594634420295733435e-09
9.105717957424985798e-09
5.588072671258714763e-09
1.465518835175316781e-07
1.177099761662248056e-06
6.854306899839457401e-09
2.411704826954519376e-07
1.076746070083345330e-08
3.074246990308893146e-07
2.714935387615469153e-09
0.000000000000000000e+00
1.187084319731468440e-09
1.062554019881645218e-06
5.973865881969686598e-07
8.712696342172421282e-09
1.446110697855829130e-08
7.618937303277562023e-08
1.094459136652403686e-07
3.867963727088863379e-09
5.026575422562018503e-08
1.245960277174162911e-07
3.460712383329678232e-09
6.944770802874700166e-08
2.923483464201126480e-07
2.317750471547697089e-07
9.407647780790284742e-07
4.192158620242025791e-09
5.541378200746294169e-08
2.346127701002842514e-07
6.673015029434736789e-09
1.092986252615446574e-07
9.799306255331430293e-09
1.139671098826511297e-06
1.723408047382690711e-07
3.058184120163787156e-06
4.178397627896401900e-09
6.593788182129856068e-09
1.189225962150430860e-08
3.735607734256518597e-08
4.319527491247754369e-08
1.059417886750679827e-08
3.631099687595451542e-08
8.261271666754055332e-09
1.243306769538321532e-06
3.274444182466140774e-08
6.121013473858738507e-09
9.904767921398160979e-07
3.276817324149305932e-06
5.138459435727327218e-09
5.684898951585637406e-06
3.150287739117629826e-06
1.685200423651167512e-08
1.259344850623733691e-09
2.090784612107654539e-08
1.766504809097568796e-08
8.380635563298710622e-08
7.295476667223965705e-09
0.000000000000000000e+00
3.985577450293931179e-07
2.719711176268901909e-07
5.109502581035485491e-07
5.161052740731975064e-08
1.677336669558826543e-08
0.000000000000000000e+00
6.456672974053390135e-10
5.272411840451241005e-09
2.502180791452701669e-07
1.409947825159463264e-09
9.805880551994050620e-10
6.589282293134601787e-07
1.412048078464067657e-08
0.000000000000000000e+00
1.708820640544672642e-08
1.103101054944488624e-09
7.162295201368351627e-09
0.000000000000000000e+00
8.907218074227785110e-09
0.000000000000000000e+00
1.002590099830058534e-08
0.000000000000000000e+00
2.022036760251921805e-09
5.923439516664075200e-10
4.616947819613415049e-07
2.562293155428108093e-10
7.742113439235254191e-07
4.706265031018119771e-07
0.000000000000000000e+00
4.509822237874772100e-10
2.012987351918127388e-06
7.285021297320781741e-08
1.082583480638277251e-06
0.000000000000000000e+00
7.081487840565614533e-09
0.000000000000000000e+00
7.608870866704364744e-09
2.314800440217368305e-07
2.823895428605283087e-08
0.000000000000000000e+00
1.097413360184873454e-07
9.502969788854898070e-08
3.072193832664993352e-09
1.222646606180433082e-08
0.000000000000000000e+00
0.000000000000000000e+00
0.000000000000000000e+00
5.612766695861637345e-09
0.000000000000000000e+00
0.000000000000000000e+00
0.000000000000000000e+00
0.000000000000000000e+00
0.000000000000000000e+00
1.274080951851885857e-09
0.000000000000000000e+00
0.000000000000000000e+00
0.000000000000000000e+00
4.402558873017881069e-11
2.791916564603980078e-08
4.429194575550354784e-07
0.000000000000000000e+00
3.333688027851167135e-07
3.477189425282745106e-09
7.089554969752498437e-07
6.934496532551293058e-09
8.836043008386695874e-09
1.056667461862836888e-10
3.501434164832062379e-08
0.000000000000000000e+00
2.057323555959555961e-08
0.000000000000000000e+00
0.000000000000000000e+00
1.353221446009911233e-08
0.000000000000000000e+00
0.000000000000000000e+00
3.022270433916673937e-09
0.000000000000000000e+00
0.000000000000000000e+00
0.000000000000000000e+00
5.336024742064182647e-07
0.000000000000000000e+00
0.000000000000000000e+00
0.000000000000000000e+00
2.990207974562508753e-07
1.619008429543100647e-07
0.000000000000000000e+00
0.000000000000000000e+00
0.000000000000000000e+00
5.822739126415399369e-07
2.707052892958472512e-08
8.725608013904206928e-10
0.000000000000000000e+00
4.246571982946534263e-09
0.000000000000000000e+00
4.329766767341425293e-09
4.820788657156072077e-09
1.170088879121067293e-07
1.697562507230188089e-10
5.457195584313012660e-09
0.000000000000000000e+00
1.295324096872718656e-07
4.975069032298051752e-07
0.000000000000000000e+00
1.447045328006879572e-08
2.394526354976278526e-08
0.000000000000000000e+00
5.597268204482475085e-10
0.000000000000000000e+00
2.312276370375343504e-09
0.000000000000000000e+00
6.580075595508105835e-09
0.000000000000000000e+00
0.000000000000000000e+00
0.000000000000000000e+00
9.250492816192945611e-09
0.000000000000000000e+00
0.000000000000000000e+00
0.000000000000000000e+00
1.670125548969281226e-08
0.000000000000000000e+00
0.000000000000000000e+00
5.638279958475322928e-07
0.000000000000000000e+00
0.000000000000000000e+00
0.000000000000000000e+00
8.284787966772455547e-09
0.000000000000000000e+00
7.144000164771568961e-07
3.750447419292868290e-08
0.000000000000000000e+00
1.387742032399330583e-09
8.964566688973718556e-08
0.000000000000000000e+00
1.279573336177008969e-09
0.000000000000000000e+00
0.000000000000000000e+00
0.000000000000000000e+00
0.000000000000000000e+00
0.000000000000000000e+00
0.000000000000000000e+00
1.481022948723875743e-08
3.112428714757697890e-08
0.000000000000000000e+00
4.726228155504941242e-07
3.930091807546887139e-08
0.000000000000000000e+00
4.489511127303558169e-07
7.017157965805154163e-09
0.000000000000000000e+00
2.340113436360979904e-09
1.023582626658026129e-06
7.667118051557508807e-10
0.000000000000000000e+00
6.477440805952028313e-09
1.542492782391491346e-07
0.000000000000000000e+00
0.000000000000000000e+00
0.000000000000000000e+00
0.000000000000000000e+00
0.000000000000000000e+00
5.882172526838758131e-09
4.721659951911760800e-09
7.161994886040190522e-10
4.977717349419208404e-09
0.000000000000000000e+00
7.537257928902363346e-09
7.061773388272740704e-10
0.000000000000000000e+00
0.000000000000000000e+00
0.000000000000000000e+00
1.359493069230666151e-07
0.000000000000000000e+00
0.000000000000000000e+00
3.898964262560866700e-09
8.291700659412981622e-09
0.000000000000000000e+00
8.731309897314076807e-09
1.475627158242787118e-07
3.139356552495087271e-09
1.967318212336977012e-06
1.911432967460768850e-08
9.208207529809442349e-10
9.106330800534578884e-09
1.198983454742119648e-07
2.447861788823502138e-07
1.003031702140333437e-08
9.775362741493154317e-09
1.020155249165100031e-08
3.321664054922734977e-09
3.001739967700700618e-09
1.693788590273470618e-06
8.506219728587893769e-08
6.950526199034356978e-07
5.863739493960906657e-10
8.028634823631364270e-08
3.690577443649090128e-08
2.590281837910879403e-07
2.281591378050507046e-06
1.498153210377495270e-06
4.830000648325949442e-07
9.666374580774572678e-07
1.493265422425338329e-08
5.364564259480175679e-08
3.857434194287634455e-07
5.653554353557410650e-07
2.350131040884662070e-07
7.460972710759961046e-07
4.860741142920232960e-09
1.959155504493992339e-08
2.165163095924071968e-06
1.260796606006309162e-10
5.207940034779312555e-07
0.000000000000000000e+00
7.057711570723768091e-08
3.023847909844334936e-07
1.726448886074649636e-07
5.501573809851834085e-07
2.698785692700766958e-07
8.483193596475757658e-07
0.000000000000000000e+00
7.590433028781262692e-07
1.739736603667552117e-06
3.709116569439174782e-08
4.160992261859064456e-07
0.000000000000000000e+00
2.689734479588423710e-08
2.531816711837109324e-08
2.325603674080412020e-07
3.936479942012738320e-08
1.456333365013051662e-07
0.000000000000000000e+00
1.089492442929440585e-07
2.949214206182659836e-07
8.102561821488052374e-08
0.000000000000000000e+00
3.433820339182602766e-08
2.036668433902377728e-08
1.354374148831993807e-06
1.334362423222046345e-06
4.274215115174229140e-08
6.955918951945250228e-09
1.075872013700518437e-08
1.441892862885651994e-07
8.174753247658372857e-07
1.431583829258897822e-08
1.269667563974508084e-06
1.182606865768320858e-07
0.000000000000000000e+00
1.165700158622939853e-08
1.555724082891174476e-08
6.286784355324925855e-07
2.755765819983935216e-07
8.386887770939210895e-07
0.000000000000000000e+00
6.499607252408168279e-07
8.043011234803998377e-08
1.233975033265721777e-09
0.000000000000000000e+00
2.721363578928048810e-09
0.000000000000000000e+00
0.000000000000000000e+00
1.327098431147533120e-08
1.125786070588219445e-06
0.000000000000000000e+00
1.822437489806816302e-08
6.534131014035438056e-09
0.000000000000000000e+00
0.000000000000000000e+00
0.000000000000000000e+00
2.241196312979809591e-07
0.000000000000000000e+00
0.000000000000000000e+00
0.000000000000000000e+00
8.425021964797441143e-12
0.000000000000000000e+00
1.666848348236271704e-08
1.487312033532361966e-06
1.149380977949476801e-06
6.340478808652960652e-09
0.000000000000000000e+00
4.833100675227797183e-08
1.409483862957472411e-09
2.716568969773902609e-09
0.000000000000000000e+00
1.194529204440186732e-06
0.000000000000000000e+00
0.000000000000000000e+00
2.367823714877204111e-10
0.000000000000000000e+00
0.000000000000000000e+00
0.000000000000000000e+00
7.193953210915537966e-10
2.254441398008566466e-07
0.000000000000000000e+00
0.000000000000000000e+00
0.000000000000000000e+00
0.000000000000000000e+00
1.985356989919750959e-09
0.000000000000000000e+00
0.000000000000000000e+00
0.000000000000000000e+00
0.000000000000000000e+00
4.195618075186757778e-08
0.000000000000000000e+00
0.000000000000000000e+00
1.077349986999820430e-09
0.000000000000000000e+00
0.000000000000000000e+00
0.000000000000000000e+00
0.000000000000000000e+00
5.383429257932448309e-09
0.000000000000000000e+00
0.000000000000000000e+00
0.000000000000000000e+00
8.815630447855937746e-10
0.000000000000000000e+00
0.000000000000000000e+00
0.000000000000000000e+00
0.000000000000000000e+00
6.372191364789614454e-06
4.356266014582388379e-09
4.000870319487148663e-07
6.390899809360917061e-09
6.856819556588789055e-09
6.924212869741097620e-10
3.135936843534636864e-09
4.317950511034673866e-11
0.000000000000000000e+00
2.236746965422753419e-08
0.000000000000000000e+00
7.079262953624265720e-09
0.000000000000000000e+00
2.110395636023554289e-09
2.670108856239750139e-10
6.628466664437837608e-09
0.000000000000000000e+00
9.113794163795319037e-09
1.466987775700090424e-08
0.000000000000000000e+00
1.657162762569441838e-08
1.833295404374268855e-09
8.109022360258677509e-07
2.713023228295696754e-08
4.081903171027079225e-08
0.000000000000000000e+00
0.000000000000000000e+00
1.651364254939835519e-05
0.000000000000000000e+00
1.140577299274525558e-09
2.237120350079280229e-10
7.441041116607038930e-09
1.129979754210808096e-08
0.000000000000000000e+00
0.000000000000000000e+00
1.866971244268711416e-09
5.090611043812032221e-09
2.321444014796725241e-08
2.886311412098052642e-09
3.013914451344135159e-09
0.000000000000000000e+00
5.461930072669929359e-07
2.469638502589077689e-07
1.363285093702870654e-07
2.254190434314295999e-07
7.152166290325112641e-07
4.784685643244301900e-06
1.386179860674019437e-06
1.435810190741904080e-06
2.049975364570855163e-06
4.299045031075365841e-07
2.930208893303642981e-06
5.950448667135788128e-07
1.011271137940639164e-06
9.561911156197311357e-07
1.727021185615740251e-06
1.796748506421863567e-06
8.493864811498497147e-07
1.216064333675603848e-06
2.338591230000020005e-06
5.247292733656649943e-07
7.777554856147617102e-06
2.577789246061001904e-06
2.487964252395613585e-07
2.303497467437409796e-06
4.163912024068849860e-07
1.954987283170339651e-06
7.728265813966572750e-07
9.035018138092709705e-07
6.190566637087613344e-08
1.513740585323830601e-06
1.688151314738206565e-06
1.857775799862793065e-07
3.469461375971150119e-07
1.086720313736577737e-08
1.082771973415219691e-06
6.494556714642385487e-08
5.807417551295657177e-07
1.366446582551361644e-07
1.391842516795804841e-07
8.397325359510432463e-07
1.259436430700588971e-06
1.081072468878119253e-06
3.433881659020698862e-07
1.250207674274861347e-06
1.107303774006140884e-06
2.934607437055092305e-06
1.103140903069288470e-06
1.738561422826023772e-06
1.278442482544051018e-06
2.019395196839468554e-06
1.736325202728039585e-06
1.168317112387740053e-06
2.190357236031559296e-06
7.571611604362260550e-07
3.390200163266854361e-06
1.666760113039345015e-06
4.736032224172959104e-06
7.945416200527688488e-07
1.556287429593794513e-06
1.585665927450463641e-06
1.624791821086546406e-06
2.413836909909150563e-06
1.392338958794425707e-06
5.038176809080141538e-08
1.873639092764278757e-07
7.887791042548997211e-08
5.771107112195750233e-07
2.322011170008408953e-07
2.756418552962713875e-06
1.588390858842103626e-07
1.831298322940710932e-05
2.650421393468604947e-08
4.460752620616403874e-07
4.392553023535583634e-07
9.039379165187710896e-07
2.495557360759903531e-08
1.140941705557452224e-07
7.789906817379232962e-07
1.206863231573152007e-07
1.294324556511128321e-05
9.062058126119154622e-08
9.654128916736226529e-06
1.483273734947943012e-07
5.564448656514286995e-06
6.514385972877789754e-07
1.358552270680490892e-09
2.607085320960322861e-07
2.342932070575898251e-08
1.502944542153272778e-06
4.479217707853422326e-08
2.424661431632557651e-07
2.046966329771748860e-07
6.793850957365066279e-07
2.585394440757227130e-06
4.230357717460719869e-06
1.435901481272594538e-06
1.734149009280372411e-06
1.118384375331515912e-06
1.236554339811846148e-06
3.067758598263026215e-06
3.219221980543807149e-06
2.474482698744395748e-06
7.218029622890753672e-06
1.336022364739619661e-06
5.175933438295032829e-06
2.021316959144314751e-06
3.973721504735294729e-06
3.629085313150426373e-06
1.883454729068034794e-06
2.442760433041257784e-06
4.419688650614261860e-07
6.083264452172443271e-07
1.797516233636997640e-06
1.117037413678190205e-06
3.036090276964387158e-07
9.036494930114713497e-08
1.234546289197169244e-06
5.339843482943251729e-06
4.164468521139497170e-07
0.000000000000000000e+00
8.324543614435242489e-07
1.662375666455773171e-06
4.550156518234871328e-06
7.786707669765746687e-07
2.984185812238138169e-06
4.762378011946566403e-06
1.094911340260296129e-06
0.000000000000000000e+00
2.683338777842436684e-07
0.000000000000000000e+00
5.446590876090340316e-07
5.721913112211041152e-07
7.543926727748839767e-08
1.119716230846279359e-07
3.165399391491519054e-07
2.645408358148415573e-06
7.691122760888902121e-08
4.034915548345452407e-07
2.428174816770933830e-08
2.702764504647348076e-06
1.150606749433791265e-06
4.628734586731297895e-06
0.000000000000000000e+00
0.000000000000000000e+00
2.730594133026897907e-06
0.000000000000000000e+00
0.000000000000000000e+00
2.062328690044523682e-07
8.904114565666532144e-07
3.653787416624254547e-06
1.161298541774158366e-06
5.941155905020423234e-06
5.400212103268131614e-06
0.000000000000000000e+00
3.010536602232605219e-07
1.236268531101814006e-06
0.000000000000000000e+00
0.000000000000000000e+00
0.000000000000000000e+00
0.000000000000000000e+00
0.000000000000000000e+00
0.000000000000000000e+00
0.000000000000000000e+00
0.000000000000000000e+00
0.000000000000000000e+00
6.507091825369570870e-07
5.656747958937557996e-09
9.059119292942341417e-06
5.501804167806767509e-08
3.448083818469172002e-09
2.653643305094988136e-09
0.000000000000000000e+00
1.563097612233832479e-05
5.686302301910473034e-06
0.000000000000000000e+00
0.000000000000000000e+00
0.000000000000000000e+00
