5.027673566360135737e-08
5.960681050964922179e-07
7.811941941326949745e-06
2.458001446825619496e-08
1.528256348137801979e-07
1.717208988338825293e-07
5.860333203600021079e-06
2.407587551545020688e-08
1.749798138916958123e-05
3.828544379302911693e-07
2.070025630018790253e-06
2.038007096416549757e-06
1.865915209009472164e-07
1.648916558849577996e-08
1.557615064484707545e-06
3.078368422393396031e-07
2.672313939910964109e-06
3.507763324250845471e-08
5.430126179817307275e-07
0.000000000000000000e+00
3.079193220401066355e-07
9.039034409852320096e-09
7.713783389817763236e-09
1.045401809562918061e-08
1.590563947218015528e-08
1.758517328198649921e-06
4.432961109301913893e-09
5.464538048727263231e-07
1.543012828619794163e-08
1.101383375612385862e-07
2.144822630611997738e-08
1.194679725813330151e-06
2.583659330923637754e-08
7.374513188551645726e-06
9.466518946510404930e-08
3.343328458527139446e-08
4.823401766884671815e-08
4.906531714254924736e-08
1.782981229325741879e-08
9.704178793867868080e-09
2.354115657965394348e-08
1.307035859099414665e-06
1.622701546466487343e-07
9.284772204409819096e-06
4.896296559309121221e-06
4.056414297792798607e-07
4.637075107893906534e-06
5.995058018015697598e-06
2.662020278876298107e-06
2.498532239769701846e-06
2.657148797879926860e-06
3.831009962595999241e-06
4.728137810161570087e-06
2.108599073835648596e-05
1.088385852199280635e-05
3.396781721676234156e-06
6.719597877236083150e-06
1.356785105599556118e-06
1.158306713477941230e-05
5.056126610725186765e-06
5.434314061858458444e-06
3.265048007961013354e-06
1.912996339115125011e-07
1.214238272950751707e-05
1.062350861502636690e-06
9.128383453571586870e-07
1.037614367760397727e-07
6.783081971661886200e-06
1.951487683982122689e-05
7.252637260535266250e-06
7.936340807646047324e-06
2.591009888419648632e-06
6.512211712106363848e-06
2.357150378884398378e-06
4.316197248499520356e-07
6.869238404760835692e-06
3.254717455547506688e-07
6.866185685794334859e-06
5.220445586928690318e-07
5.246408363746013492e-06
2.398777951384545304e-06
4.140697910770541057e-06
6.464462103394907899e-07
4.179925781500060111e-06
1.948325461853528395e-06
1.128142343986837659e-06
6.541881248267600313e-06
2.179635657739709131e-06
1.546755612480410491e-07
8.153259614118724130e-07
4.280811481294222176e-06
1.397219966747798026e-05
5.532315299205947667e-06
7.811869181750807911e-06
1.818155760702211410e-05
8.440438250545412302e-06
1.517778855486540124e-05
7.682041541556827724e-06
6.216701876837760210e-06
2.213590778410434723e-05
1.153662651631748304e-06
1.351082943301662453e-07
2.963843371617258526e-06
3.773918706428958103e-06
7.172119694587308913e-06
3.020034228029544465e-06
2.616979600134072825e-06
1.455620463275408838e-06
5.307062110659899190e-06
1.345183250123227481e-06
1.249575998230056939e-08
1.397386768076103181e-06
1.990111559280194342e-05
7.532869972237676848e-07
2.767186231267260155e-07
5.082294137537246570e-06
1.890896470513325767e-07
1.848193598164016294e-08
1.471192626922857016e-05
3.063250915147364140e-05
1.936676198965869844e-06
7.346295660681789741e-06
3.489222945063374937e-05
4.057815203850623220e-06
1.422546210960717872e-05
1.774574684532126412e-06
1.727992184896720573e-06
2.349908754695206881e-06
2.704377038753591478e-06
9.031175068230368197e-06
1.518677800049772486e-05
8.696933946339413524e-07
1.865988087956793606e-05
1.465366494812769815e-06
2.286839844600763172e-05
5.136057552590500563e-06
1.135962793341604993e-05
4.026549504487775266e-06
5.586709903582232073e-06
1.863349280029069632e-05
9.583212658981210552e-07
1.107852881432336289e-06
4.165390237176325172e-06
2.154797402909025550e-05
6.834484793216688558e-06
1.632171461096731946e-06
4.049212236623134231e-07
6.349644081637961790e-06
1.229355348186800256e-05
4.966984192833479028e-07
1.732185410219244659e-05
3.406704990993603133e-06
3.254132707297685556e-06
8.204468144867860246e-07
4.996066763851558790e-06
4.007999905297765508e-06
7.730112656645360403e-07
2.810881369441631250e-06
3.260168568886001594e-06
3.900482624885626137e-06
2.373183889403662761e-07
1.342940095128142275e-06
7.589111561401296058e-08
6.644797849730821326e-06
1.086419729290355463e-06
6.914725076967442874e-07
1.839204202269684174e-07
1.196779749079723842e-06
3.280346390965860337e-06
4.691330843797913985e-07
1.216966211359249428e-06
9.249403660760435741e-07
1.041197265294613317e-05
1.783790139597840607e-06
3.200610194653563667e-07
3.115024810540489852e-06
1.230447537636791822e-06
0.000000000000000000e+00
1.745851136547571514e-06
1.032698833114409354e-06
2.737459453783230856e-06
1.694845195743255317e-06
1.761778321451856755e-06
7.891260906944808085e-07
3.583102852644515224e-06
1.241857944478397258e-06
6.698176093777874485e-06
5.475171747093554586e-06
4.239488134771818295e-06
3.718562993526575156e-06
9.853099527390440926e-07
1.947159262272180058e-06
1.945819803950143978e-06
8.570428349230496679e-07
9.664883293680759380e-08
4.230450940667651594e-06
6.168350410007406026e-06
7.146748885134002194e-06
4.554068254947196692e-06
1.107526168198091909e-05
2.645012500579468906e-06
6.489690804301062599e-06
4.043088495109259384e-07
1.011904942060937174e-06
3.478972075754427351e-06
7.397414719889638945e-06
3.545727395248832181e-06
2.211671471741283312e-06
5.966023763903649524e-06
5.106924618303310126e-06
7.843215826142113656e-06
1.003573834168491885e-05
5.272647740639513358e-08
7.734551843441295205e-08
1.457876948052216903e-07
2.892533359499793733e-07
7.047956387395970523e-07
1.278371115631671273e-07
2.785085939649434295e-07
1.507290107838343829e-06
8.519100447301752865e-07
1.735439791872295245e-09
6.715452400385402143e-06
1.347490342595847324e-05
1.433203237866109703e-06
2.816855840137577616e-06
3.435305302446067799e-07
3.467474698481964879e-06
9.600430530554149300e-07
3.826778083748649806e-06
3.549654650214506546e-07
8.335956636074115522e-08
1.202292651214520447e-06
3.629404773164424114e-06
4.468910447030793875e-06
1.205660737468861043e-06
6.130454494268633425e-06
2.514603011150029488e-06
8.095614134617790114e-07
3.016656137333484367e-06
6.731015105287951883e-07
4.658530997403431684e-06
4.969958808942465112e-07
1.392296326230280101e-06
5.891496925869432744e-07
2.413983793303486891e-06
1.391411660733865574e-05
1.763723616932111327e-06
1.151659125753212720e-05
6.009212683011355693e-08
5.483341283252229914e-06
2.663689201654051431e-06
4.461055880256026285e-07
2.471000243531307206e-06
1.963793216930298513e-08
4.028021294288919307e-07
5.144629540154710412e-07
9.934051377058494836e-06
1.842614551605947781e-06
3.393450015209964477e-06
4.542643637250876054e-06
1.102873852687480394e-06
7.641396223334595561e-06
1.114427732318290509e-06
6.272489827097160742e-06
3.059050470710644731e-07
4.801005388799239881e-07
6.966791943341377191e-07
9.457142482460767496e-07
2.341195340704871342e-06
2.697221930247906130e-07
2.006803754284192109e-07
1.521196281828451902e-06
1.365701336908387020e-06
1.214507534541553468e-07
3.927603302145143971e-06
2.759614062597393058e-06
1.093194327950186562e-06
1.095875319379047141e-07
2.644082428560068365e-07
2.161715002557684784e-07
1.765965976119332481e-06
8.988641639007255435e-06
5.548608896788209677e-06
4.765843542031689140e-08
8.987737601273693144e-06
2.257135207628380158e-07
1.299732957704691216e-05
7.750020358798792586e-07
3.382728266387857730e-07
3.089253368671052158e-06
0.000000000000000000e+00
2.844685695890802890e-07
1.841506673372350633e-06
9.094476922655303497e-07
1.864573391685553361e-06
1.673695351200876758e-07
4.735496531793614849e-06
1.491780835749523249e-06
8.958047033047478180e-07
9.042331612363341264e-07
4.982144218956818804e-06
2.341442950637429021e-06
8.301907428176491521e-07
3.653029352790326811e-06
1.370245263387914747e-05
2.397388470853911713e-06
2.175161398554337211e-06
9.980896038541686721e-07
4.588877118294476531e-07
2.167912271033856086e-06
3.213063564544427209e-06
1.265246964976540767e-06
1.457290863982052542e-06
1.294762796533177607e-06
5.739772745982918423e-07
8.222443170780024957e-07
2.565987870184471831e-06
1.302422560911509208e-06
7.759569484733219724e-07
2.323114074442855781e-07
2.604662707739180405e-09
0.000000000000000000e+00
3.230320317015866749e-06
4.945651665977379707e-10
2.726590309976018034e-06
1.773792610038071871e-05
1.623148637008853257e-05
2.464420276737655513e-07
4.474027548440062674e-07
1.075754425983177498e-06
7.170728508754109498e-07
6.262503120524343103e-07
3.112656088433141122e-08
1.085098347175517119e-06
1.316460611633374356e-07
1.368957947001092634e-09
6.156692052172729746e-06
6.660421547621808713e-08
2.567679189269256312e-07
2.377472128500812687e-06
2.616901326746301493e-07
0.000000000000000000e+00
1.944737277881358750e-06
1.127850879356628866e-08
5.013930604036431760e-09
2.873787536827876465e-07
2.339405682505457662e-06
0.000000000000000000e+00
0.000000000000000000e+00
3.326418038795964094e-07
3.366031933182966895e-06
1.646793521103973035e-06
1.059842088579898700e-05
2.916716994150192477e-06
2.490252882125787437e-06
2.713271442189579830e-06
4.142782472627004609e-06
8.822032214084174484e-06
3.484944500087294728e-06
2.126220351783558726e-06
4.429742602951591834e-06
2.242815980935120024e-06
2.153605692001292482e-06
7.029624157439684495e-06
6.308857336989603937e-06
5.775507716521133261e-08
1.002813064587826375e-06
5.480149525283195544e-07
4.759368493978399783e-06
1.267002005533868214e-07
9.872507433783539454e-08
1.272805238983210074e-08
6.310218395810807124e-06
2.740972831816179678e-06
1.709193043097911868e-06
1.427408449217182351e-07
5.368478355194383767e-07
8.238806969984580064e-08
0.000000000000000000e+00
5.349711500457488000e-07
7.632420420122798532e-06
2.973687060148222372e-06
4.443878879101248458e-06
3.173655386490281671e-06
1.075846327580620709e-07
5.810857715005113278e-07
6.155871545843183412e-08
5.568757046603423078e-07
3.509679345370386727e-06
5.504722139448858798e-06
3.517043978717993014e-06
1.920846443681512028e-06
2.121502348018111661e-06
2.990874236274976283e-06
2.968972239614231512e-06
1.678475996413908433e-06
7.841636602279322688e-07
4.997324140276759863e-06
5.555295956582995132e-07
2.422696354642539518e-07
4.434104425854457077e-07
1.288565130153074278e-07
6.056631036699400283e-07
7.545481821580324322e-07
1.369593974231975153e-06
1.163772580525801459e-07
6.993948886702128220e-08
0.000000000000000000e+00
4.994792561774374917e-07
8.698206329427193850e-06
5.974917257844936103e-06
2.961832706205314025e-06
1.256467925259130425e-07
0.000000000000000000e+00
1.202554130941280164e-06
1.659331587688939180e-06
1.241714244315517135e-06
8.390986749873263761e-07
1.009773420435067237e-08
1.243563740871422851e-08
2.989931317642913200e-06
1.251204295726893179e-08
3.638798489191685803e-06
7.123654199858719949e-07
4.383537373087165179e-07
7.964348696987144649e-06
3.292267592769348994e-06
0.000000000000000000e+00
0.000000000000000000e+00
1.477479599998332560e-06
0.000000000000000000e+00
1.775817509042099118e-06
5.272677299217320979e-07
1.020186687128443737e-06
6.305790066107874736e-06
5.790695922769373283e-06
1.811093056858226191e-06
8.551229484510258771e-07
6.936821819181204773e-07
3.405275947443442419e-06
1.160063334282313008e-06
2.692699808903853409e-06
2.490111683073337190e-06
4.580525455821771175e-06
2.281817842231248505e-06
2.522215481803868897e-06
1.657843313296325505e-06
1.550890601720311679e-06
8.067119665611244272e-07
1.843922177613421809e-06
1.889835516521998215e-06
8.760559211395957391e-08
3.524129255083607859e-08
8.361358538877539104e-08
2.971051742406416452e-07
1.146840062915543967e-07
1.020883573232822528e-07
7.943087325656961184e-07
8.854630095811444335e-08
1.765464048730791546e-06
6.251356694519927260e-07
2.103552333210245706e-06
2.221340622554635047e-07
6.615699703615973704e-07
9.223202646069239563e-09
3.105377288648014655e-07
5.572779855356202461e-07
1.345804245822534995e-09
8.519386085481528426e-09
3.403404491564288037e-07
1.690409021648520138e-07
4.786315912497229874e-06
1.150914272329828236e-06
2.884975742745155003e-07
7.132477435334294569e-07
0.000000000000000000e+00
1.517157329544716049e-06
3.419932284032256575e-07
0.000000000000000000e+00
0.000000000000000000e+00
0.000000000000000000e+00
1.010779897114844061e-06
6.128078098299738485e-07
9.226015208696480840e-06
2.256500010844320059e-06
3.159907009830931202e-06
3.495106511763879098e-06
2.499881702533457428e-06
2.470351319061592221e-06
1.890989437924872618e-06
5.901091299165273085e-06
1.893479384307283908e-05
2.387645963608520105e-06
1.119153125728189480e-06
1.506256808170292061e-06
3.493598569548339583e-06
2.851564431693986990e-06
5.605289743471075781e-07
9.184880411794438260e-08
4.380319296615198255e-06
0.000000000000000000e+00
6.425118215247493936e-08
3.167444219798198901e-06
3.305184236523928121e-06
9.819833621804718859e-07
1.709804791971691884e-06
4.049157098506839247e-07
0.000000000000000000e+00
1.294349161184982222e-08
1.516922111477470025e-06
6.721673884158008150e-09
0.000000000000000000e+00
3.512466051347473694e-08
6.152895082323084353e-09
4.891231810688623227e-07
7.310779892577556893e-07
1.170779569292790256e-06
4.265391950752928096e-08
1.199111011374043301e-06
8.128720310196513310e-07
1.030642593491393200e-07
1.241062648205115693e-07
3.244882584851893625e-09
3.055191655221278779e-06
2.275197061862854753e-07
8.093070960057957564e-07
3.315622620903013740e-07
1.565500610922754277e-06
0.000000000000000000e+00
0.000000000000000000e+00
2.724018941080430523e-06
4.686623924499144778e-06
1.738451942401297856e-06
2.005059513976448216e-07
1.078391051123617217e-05
1.519488591839035507e-06
1.505778186583484057e-06
1.120744030913556344e-08
3.048107373615493998e-06
2.641633500388707034e-06
3.546713287505554035e-06
6.617166945943608880e-06
4.288530362828169018e-06
1.150964544649468735e-05
4.025273028673836961e-06
4.372329385660123080e-06
6.930162726348498836e-06
3.186215735695441253e-07
1.259509917872492224e-05
3.554123964022437576e-07
0.000000000000000000e+00
3.258358674429473467e-06
1.293011706593460985e-07
6.404439773177728057e-06
7.890825145295821130e-06
3.041429295080888551e-07
3.237447856463404605e-07
7.153355596756227897e-08
1.040719439515669364e-07
0.000000000000000000e+00
2.663254292656347388e-07
