2.447394287230508780e-08
2.790893404380767606e-06
3.068506657655234449e-07
2.674972620297921821e-06
2.633301505738927517e-07
7.125665320018015336e-07
1.800512876570792287e-07
1.720064979338076228e-08
2.728369281612685882e-07
1.178696948045399040e-06
1.738575974741252139e-06
1.557455289002973586e-05
7.618891117999737617e-08
3.635758503151009791e-06
7.102815288817510009e-06
5.929523922532098368e-06
4.209727649140404537e-06
5.421473360911477357e-06
1.123243805523088668e-06
1.226762378792045638e-06
3.254586545153870247e-06
7.462363527110937866e-08
3.524220119288656861e-06
6.339550509437685832e-06
4.671747319662244990e-06
1.630566771382291336e-06
2.588816187198972329e-06
6.898693754919804633e-06
3.825974090432282537e-06
6.543434210470877588e-06
8.635493031761143357e-06
6.757911137356131803e-07
2.892861402870039456e-06
4.137927589908940718e-06
2.639480271682259627e-06
2.584641151770483702e-06
1.691297711658990011e-06
1.337202684226213023e-05
7.588647804368520156e-06
1.437479681953846011e-06
8.936010090110357851e-06
8.942894851315941196e-07
1.957093809323851019e-05
1.182303913083160296e-05
7.029715106909861788e-06
4.354208613221999258e-06
1.700631969470123295e-06
2.270184182862067246e-07
1.207320565299596637e-05
4.783645181305473670e-06
3.544854735082481056e-06
2.819917426677420735e-06
1.420644252903002780e-06
4.907843504042830318e-06
3.814871433860389516e-06
4.440973100372502813e-07
1.831892177506233566e-06
7.806917892594356090e-06
4.531608283286914229e-06
3.950556219933787361e-06
5.751833668909966946e-06
1.127346394014239195e-08
3.256305717513896525e-05
2.824206148943630978e-06
5.656657435793022159e-07
4.255510248185601085e-06
3.277057430750573985e-06
1.278572199225891382e-06
5.817474630021024495e-06
2.881828004319686443e-05
8.157748538906162139e-07
1.272943609365029261e-05
1.056588371284306049e-05
1.461141323488845956e-06
9.933054343491676264e-07
3.715173306773067452e-06
1.511339905846398324e-05
2.866461954909027554e-06
2.504612712073139846e-05
2.911473529820796102e-06
2.047964699158910662e-06
6.817766916356049478e-06
3.232313702028477564e-06
3.815198112988582579e-07
2.017449151026085019e-05
3.150366723048136919e-08
4.099122634215746075e-06
3.916517471225233749e-06
3.504347887428593822e-06
1.175392480945447460e-05
3.650133351129625225e-08
1.658569203755178023e-06
3.143277353956364095e-06
6.275978648773161694e-06
5.693991624866612256e-06
6.040508196747396141e-06
1.252885112990043126e-06
1.069412337528774515e-05
6.883726200612727553e-06
3.878541519952705130e-06
9.801941587284090929e-07
4.990886282030260190e-06
3.529198238538810983e-06
2.183017784318508347e-07
7.427472155541181564e-06
9.232002753378765192e-07
1.046874058374669403e-05
1.189572503790259361e-05
1.791460272215772420e-05
4.094383257324807346e-06
1.055368920788168907e-05
1.716791302897036076e-06
6.189660325617296621e-06
2.681933437997940928e-06
1.047160253619949799e-06
1.259306372958235443e-06
8.578037125062110135e-08
1.428737959940917790e-05
1.216081273014424369e-05
7.085875040502287447e-06
8.022691986298013944e-07
1.468660684622591361e-06
2.957518972834805027e-06
6.000708481224137358e-07
5.854769824509276077e-08
1.617432826606091112e-05
2.988864764574827859e-07
6.771415996809082571e-07
1.342433364470707602e-07
1.055616849043872207e-06
6.996915089985122904e-06
6.227397193470096681e-07
8.945328318077372387e-07
9.873990620690165088e-07
1.564749680937893572e-07
6.686229426122736186e-06
3.876021219184622169e-05
4.660091406094579725e-07
1.438604158465750515e-06
6.637833962486183736e-07
5.882368441234575585e-06
1.988689746212912723e-06
6.990864676481578499e-06
2.568179127138137119e-07
7.301578648366557900e-07
5.568406322709051892e-06
8.005017093637434300e-07
1.808131457892159233e-07
4.211986208702001022e-07
3.238525323467911221e-06
2.125407945641200058e-06
5.720845820178510621e-06
5.210198850136293913e-08
2.404465476502082311e-06
2.278426563862012699e-06
4.239691861585015431e-06
3.964648840337758884e-06
1.224646553055208642e-07
1.108668470806151163e-06
1.004632395051885396e-05
1.805200099624926224e-06
6.665936780336778611e-07
5.341280484572052956e-06
3.580911425160593353e-06
7.221148621283646207e-07
2.563771488439670065e-07
2.406302712643082486e-07
2.889228653657482937e-06
2.230391828561550938e-06
6.015361577738076448e-06
4.288760919735068455e-07
1.025629899231716990e-06
2.480102011759299785e-06
8.028055162867531180e-07
7.258630375872598961e-06
2.108175067405682057e-06
1.043120755639392883e-05
1.618319743101892527e-06
3.956288310291711241e-06
6.337266427181020845e-07
8.862652407515270170e-07
6.203476345945091452e-07
8.940002089730114676e-07
3.732760589514327876e-08
1.784698611118074041e-06
5.846680323884356767e-06
2.955138597826589830e-06
1.666909668074367801e-07
1.042709300236310810e-06
4.653128549136908987e-09
1.151339371063819783e-10
3.764978995235424009e-09
1.324746818909261492e-07
2.671748688953812234e-06
6.859849236207082868e-06
6.144423991827352438e-07
5.151736672814877238e-07
1.385618730864734971e-07
8.433075038283277536e-08
3.840250712983106496e-07
4.618338209638750413e-07
4.485619431449094918e-09
2.866309216642548563e-07
1.630415269460172567e-08
3.111994217874780588e-09
5.933848683525866363e-07
9.634292155169532634e-07
9.310356290370691568e-07
6.979410954954801127e-06
1.425559901235828875e-07
5.047704121352580842e-07
1.347374620763730491e-07
8.897559951037692372e-07
6.174881264087161981e-07
5.324691755959065631e-06
2.293548732268391177e-06
1.238462118635652587e-06
5.928878294980677310e-07
1.980409706447971985e-06
1.979630951609578915e-06
2.874889787563006394e-06
2.211943638030788861e-06
4.058859417455096263e-07
1.994270206751025398e-07
1.603870032340637408e-07
1.553834522383112926e-06
8.791722621026565321e-07
1.250530885954503901e-06
9.112116572396189440e-07
6.376491796800110023e-07
2.322687322475758265e-07
2.531731297494843602e-06
1.211721723848313559e-06
1.626782903940693359e-07
5.268785798762110062e-07
2.055973027381696738e-06
3.061605866605532356e-06
1.606507282758684596e-08
2.406202952442981768e-07
3.920278231817064807e-06
4.120972221244301181e-07
8.028469267173932167e-08
3.665903847149820649e-08
5.595889973619705415e-08
2.762739086392684840e-07
8.296438203103662090e-09
7.359253118011110928e-08
1.155575773736927658e-05
3.190854158674483187e-07
7.971914897098031361e-07
7.333984513024915941e-07
5.494263859873171896e-06
1.098873440241732169e-06
3.289531377959065139e-06
1.056989503922522999e-06
6.562818725797114894e-06
3.993227437604218721e-06
5.261836122372187674e-07
1.607736976438900456e-06
2.413678430457366630e-06
1.421470415152725764e-06
4.065706889377906919e-06
2.116334059110158705e-07
7.444715066640128498e-08
2.114136805175803602e-06
1.236136085935868323e-06
1.165686057902348693e-06
1.109998356696451083e-05
2.411714561389999290e-08
2.142492050438704609e-08
6.882498382765334100e-06
3.791119070228887722e-06
2.069263018711353652e-07
2.820276279180689016e-07
2.321019564988091588e-06
6.002449595143843908e-07
7.858782737457659096e-06
1.814201255001535174e-06
1.878316702175197861e-08
1.942372591656749137e-06
1.353308562102029100e-06
1.193227376461436506e-06
2.347763095045252157e-10
7.734859650554426480e-07
2.741488174251571763e-07
6.425030960599542595e-07
3.836813107227499131e-07
5.394477753384308016e-09
7.898311449316963717e-10
1.152019990513508674e-08
1.331439307250548154e-06
4.429324407251300499e-10
4.225654137712808733e-08
2.821448390477598878e-07
1.055307521369286405e-07
1.077780143532436341e-05
1.161808768301852979e-06
2.732741450017783791e-06
1.133638852479634807e-05
7.115831067494582385e-06
8.723277034050624934e-08
5.843287453899392858e-07
1.069715608537080698e-06
2.253191951240296476e-06
5.396567757998127490e-06
5.516063765753642656e-07
1.236556954609113745e-06
2.716721610340755433e-06
2.599079152787453495e-06
4.247020569891901687e-06
1.603350369805411901e-06
5.361285275284899399e-06
1.748400563883478753e-06
1.171431804891653883e-07
4.605942194757517427e-06
1.324203708463755902e-06
9.950350658982642926e-07
1.736529270601749886e-06
1.839242941059637815e-06
4.716430339612998068e-07
6.716371672155219130e-07
2.523814600863261148e-06
6.897030289110261947e-07
1.459184431951143779e-06
3.734268450017452778e-09
8.657417005508705188e-09
5.127660074322193395e-07
3.390378651602077298e-06
4.527613782556727529e-06
1.852453124229214154e-06
8.813348699732159730e-07
7.595214457367660543e-10
4.616270032897773490e-09
3.499737601941887988e-07
5.536252842830435839e-07
6.812362016717088409e-07
2.574398294541424548e-08
1.405011630595254246e-06
7.527771828108598129e-08
3.756011945910131544e-09
3.169224660481972933e-09
3.266198064011405222e-06
1.139738515121280216e-06
1.638347555399377597e-07
4.097284289628078113e-09
8.813623608716625313e-09
3.257731293615506729e-07
9.996605321305196412e-09
1.399969050908111967e-06
1.431761642578521787e-08
0.000000000000000000e+00
1.534844429329496052e-08
2.441659034957410768e-07
1.217509115747361648e-08
1.309601316279440653e-06
3.890558673447230831e-06
1.755948119352979120e-06
4.686993122504645726e-07
9.419949265065952204e-09
3.631712104379403172e-07
1.174377004531379498e-07
0.000000000000000000e+00
2.146100683830809430e-07
6.223370405677997041e-07
2.511309958208585158e-06
3.532280970830470324e-06
3.018017480371781858e-07
1.642025608816766180e-06
5.723172193938808050e-07
1.295129209211154375e-06
6.166091679915552959e-06
1.594905256752099376e-06
6.841780759714310989e-07
1.569649725752242375e-06
1.585965208050765796e-07
8.799921147328859661e-07
7.858531034798943438e-07
5.054322173236869276e-06
4.421597452619607793e-07
1.177298969423645758e-07
1.781544597179163247e-06
5.427848392969281122e-08
0.000000000000000000e+00
3.058238817743585969e-08
1.682848527195801580e-08
0.000000000000000000e+00
8.099779513770499761e-09
6.048379418643889949e-06
1.914056042551237624e-07
1.081379195966292173e-05
3.963145367436027300e-09
2.071471953968284652e-06
4.759366731832415098e-07
5.700453584722708911e-07
6.985720890639868230e-09
6.692224587823147886e-07
4.391600327835476492e-08
9.374930982630758081e-07
1.640179725370671804e-08
1.837181287100975169e-07
2.971395645090524340e-07
3.207878762623295188e-06
1.668948812039161567e-06
1.239857510881847702e-06
1.792218373708465151e-09
6.089128645747621249e-10
4.732723084543977166e-07
1.725697757137822919e-06
2.089207100652856752e-07
7.564387449754406134e-10
1.105377123167272657e-06
1.296844089893056662e-07
9.132945955059312837e-09
4.432539526533219032e-07
3.004461390787582786e-08
7.855967396608320996e-07
3.894999736075988039e-06
9.385431667396915145e-07
2.992100007759290747e-06
2.194636294916563202e-07
6.558321729244198650e-06
1.649031560191360768e-07
0.000000000000000000e+00
6.232339533340791604e-09
1.993699470403953455e-06
1.258936531411958271e-11
5.103657372274028603e-07
2.386252901942498283e-07
1.166312983968964545e-07
5.709292167921375949e-07
9.532614058116450906e-07
1.284837367165891919e-06
2.713402125209540827e-07
1.790182636796089355e-06
4.014559067400114145e-07
2.010502157645532861e-06
3.956717137043597177e-06
4.149542746745282784e-06
1.103925001189054456e-06
2.866319846361875534e-06
7.928287004688172601e-07
4.161159267823677510e-06
1.699960012047085911e-05
2.126964062654224108e-07
2.289725529180941521e-07
3.212923900264286203e-07
1.517285909358179197e-06
2.072333273872573045e-07
4.503534000832587481e-06
1.097017054974003258e-08
1.297532321586913895e-06
2.746034510892059188e-07
1.030510702548781410e-06
3.450836771889953525e-08
1.157732221201968059e-08
1.535707667699170997e-07
1.685760975256300753e-09
2.964604277622129302e-07
2.510232093300146516e-07
2.095435775117948651e-06
1.907505520648555830e-06
3.516748137144531938e-08
1.773344138200627640e-07
1.731629950540991558e-08
8.077786439741885260e-09
1.660888415244698990e-06
4.739003078846337758e-10
1.484831500420114025e-06
8.945507374846783932e-07
8.721025892555189785e-07
1.065167907654540613e-06
3.794271606238908134e-06
4.630012711004383164e-07
3.613047638850730436e-08
1.450761715204862412e-07
2.986623428569146199e-07
1.064018739782568446e-08
0.000000000000000000e+00
2.088128212562878616e-06
0.000000000000000000e+00
2.995572540021029795e-11
2.041735115199116990e-06
2.613899425796262221e-07
4.290744666578076572e-14
2.148903149645775557e-06
4.629849854609346949e-07
3.286615310571505688e-06
4.672117768222960876e-07
6.971127675114985323e-08
9.328886996229357464e-09
1.657568304835876916e-08
0.000000000000000000e+00
1.023950257916794726e-09
2.537967020543874241e-06
2.420279798798219417e-08
1.086450573950514809e-08
7.074343333357546726e-10
1.334452992551860007e-08
1.082842686628282536e-07
1.069040990842040628e-06
5.060255716671235859e-06
1.164921286544995382e-06
7.704436029598582536e-06
6.250955379982769955e-07
2.984680122608551756e-06
1.962822807399788871e-06
2.022665512413368560e-06
9.352039000987133477e-07
1.186268264063983224e-06
4.113415343454107642e-06
4.185969260106503498e-07
3.304175379525986500e-06
1.054505219144630246e-06
2.637469606270315126e-06
1.399399707224802114e-06
2.129421545760123990e-06
2.570193146311794408e-06
1.462164505028340500e-06
1.394892024109140038e-06
3.536143140081549063e-06
3.981974714406533167e-06
1.997418621613178402e-07
2.725141939663444646e-06
2.215081167378230020e-07
6.036831905475992244e-07
1.735261321300640702e-06
7.450355951732490212e-06
1.169158394986880012e-06
6.161313308439275716e-07
2.054265905826468952e-06
3.701749164974899031e-07
4.648287301733944332e-07
3.025439582415856421e-06
2.794692363750073127e-06
8.696454187884228304e-07
4.494757206430222141e-07
2.362885652473778464e-06
2.376439880436009844e-07
3.088428911723894998e-06
1.663557291919914860e-09
4.586748048041044967e-08
1.195351615024264902e-06
3.081609349919745000e-07
8.367427426492213272e-07
0.000000000000000000e+00
5.193047769580516615e-09
0.000000000000000000e+00
3.844806428787705954e-08
1.977872670977376401e-06
2.927557716247974895e-07
5.020360571705850816e-09
5.267964553468118538e-08
1.261931174667552114e-06
1.474912636467706761e-09
9.687520474699340411e-08
1.955923636387524311e-07
5.564567686633381527e-07
1.730877272621000884e-07
2.585719869330205256e-07
1.278184299735585228e-06
3.247531026318029035e-07
4.570874878595532209e-08
1.414984240888372824e-09
5.606913155986603670e-09
1.511987989033514168e-06
3.048596930455005349e-09
1.045395298104878634e-10
1.975376306972975726e-08
0.000000000000000000e+00
2.099625078244571341e-07
3.010411830928205745e-08
1.047486986038848045e-09
5.873381724086357281e-06
1.675611201790161431e-06
1.009716015687445179e-06
4.040666397031600354e-07
1.867326062665597419e-07
7.303751772269606590e-07
2.213765355918440036e-06
4.574276601942983689e-07
4.371837576400139369e-07
1.179973082798824180e-06
3.840161298285238445e-06
1.545646227896213531e-06
3.217469839000841603e-06
4.689244974542816635e-07
1.234679984918329865e-06
4.505144204358657589e-07
7.814375067027867772e-07
1.036410868238135663e-08
2.062352450593607500e-06
1.856243443398852833e-07
1.682897021737517207e-08
5.354008436597723630e-08
9.651128785037599300e-09
6.489719872604382545e-09
3.140183890693037938e-09
4.748235582496818097e-09
8.892286906814206304e-09
2.959250878120656125e-06
7.389151335246424424e-08
4.241639217639203707e-08
3.782722046707931440e-07
5.628246071864850819e-06
7.896093734416353982e-07
3.555311138825345552e-07
5.371122213659873523e-08
4.301041371945757419e-06
3.228406058042310178e-07
7.282143883458047640e-07
1.179360751280000841e-07
5.328704901330638677e-06
3.367314775459817611e-06
4.458290447928447975e-07
9.548521120450459421e-07
5.197367869413938024e-08
4.333636525188921951e-07
1.590072784551921359e-08
1.495665591377814962e-09
1.034748535744256515e-07
2.617683492189826211e-08
5.871296338000320247e-08
6.129267760002221621e-09
1.476078921314183390e-07
1.170290488516911864e-06
6.880306990808549017e-09
1.533485556137748063e-05
2.520343684864201350e-07
1.758002188267937527e-09
5.149256026015791576e-07
6.828862524344003759e-07
1.025499614115688019e-06
2.844160684745133949e-09
1.154259123836709477e-07
8.965705511343458056e-09
0.000000000000000000e+00
7.582952044060675689e-10
0.000000000000000000e+00
8.502803794385727088e-09
1.354398548869539809e-08
1.921719245956410305e-07
1.516626184638880659e-07
1.509318508396972902e-06
1.279690764022234362e-06
9.299714292865246534e-06
2.014342271650093608e-06
2.851668114089989103e-06
4.566489621993241599e-07
1.330627014795027208e-06
2.016845428443048149e-06
4.771481599163962528e-06
1.548146792629268020e-05
1.428727500751847401e-06
1.013723931464483030e-07
3.944210220652166754e-06
7.527553407271625474e-07
1.982801677513634786e-06
3.328786533529637381e-06
3.639647047748439945e-06
2.316430254722945392e-06
2.306196392964920960e-06
3.181023885190370493e-06
1.057009285432286561e-05
1.454826474400761072e-06
3.385415539014502428e-06
1.017972863337490708e-06
3.378873145720717730e-07
1.161261025117710233e-07
3.074012283832416870e-06
2.055335244222078472e-06
1.142624768135647173e-07
2.923847830516024260e-07
1.935127556862425990e-06
2.582685965535347350e-06
6.163497090483360807e-08
6.641272420893074013e-07
6.054733603377826512e-08
3.559228503036138136e-07
1.304302443827509705e-08
9.176364557106353459e-09
4.153233703618752770e-07
5.092380739313284721e-09
1.690660269559884910e-06
9.506313176643743645e-07
6.798188110224145930e-07
6.195080559656673813e-10
3.258906815517548239e-07
2.159622036757014030e-09
3.308371105958940461e-06
5.758418865298153833e-06
0.000000000000000000e+00
0.000000000000000000e+00
5.809608296658552717e-07
1.308977926051113627e-10
1.986688175747985952e-06
0.000000000000000000e+00
6.921554995820144995e-10
0.000000000000000000e+00
0.000000000000000000e+00
0.000000000000000000e+00
1.265775892989040585e-07
8.003058837857679464e-07
9.828299880609847605e-07
1.385972586698258624e-10
9.306457400271028746e-07
2.047646603386965580e-07
2.031370200938908965e-07
1.842033192644976225e-08
1.247605752041636151e-07
6.635583105207842891e-08
1.661312865053332644e-07
1.915595460033614472e-09
1.479131583437265363e-06
3.563745565315912245e-07
1.597179903001233470e-06
9.459640182285511401e-07
1.727204335111309774e-08
1.240025449078530073e-05
6.327069979050747861e-09
6.404205521448602667e-08
3.537073300918791574e-09
4.688670025149166420e-12
1.471706809752504341e-06
1.322535695180704352e-06
1.291915197043635999e-07
9.401570082445687149e-07
5.750580012175987576e-10
7.289932657528197524e-09
4.366814607692504069e-07
3.176979248564748559e-07
3.167367310652480228e-07
7.218913538054039236e-07
4.690009802743588807e-07
1.311826963501516730e-06
8.667824857866435195e-08
5.906872502237092704e-07
1.643980567678227089e-06
3.249201085964159574e-07
2.961952304758597165e-06
6.754190735591691919e-07
5.185918325878446922e-06
2.157812986069984618e-07
2.763702696029213257e-06
1.898462755889340769e-06
1.006439788397983648e-06
5.559218720918579493e-07
7.380743340945628006e-07
6.674543442386493552e-07
3.341833917147596367e-06
1.979944272534339689e-06
8.219159894906624686e-07
2.233635314041748643e-06
5.250568051451409701e-07
1.006293587124673650e-06
1.689567170615191571e-07
1.599148760078605847e-07
8.580971098126610741e-07
7.897760667674447177e-08
2.746556901911390014e-06
2.653070851010852493e-06
8.538506079958096961e-08
3.992794518126174808e-06
1.656094106294858648e-08
5.300523753248853609e-08
1.134548366366061600e-08
0.000000000000000000e+00
1.407035142619861290e-05
1.870208343746071478e-08
1.153935386355442461e-06
2.260105844698045985e-07
1.310263808562694976e-08
2.019828571064863354e-07
2.369993268303005607e-07
7.873798040236579254e-07
1.793632691260427237e-07
1.784476744148832950e-08
8.804642561699438374e-07
6.785473516401907546e-08
2.941724915217491798e-06
1.425273410404770402e-07
1.557000643970241072e-07
4.320937023294391111e-06
2.864018355808184424e-08
3.252647502449690364e-07
3.431899529005022487e-07
5.151119353286048863e-08
1.178201429752334661e-07
2.308231842107488774e-06
3.506663404095888836e-08
0.000000000000000000e+00
0.000000000000000000e+00
3.400895787208924048e-09
4.179134371895543154e-09
1.196462307007095660e-07
6.579243745363783091e-07
7.528995205063893081e-09
4.036422751596546732e-09
8.570514964389985835e-09
1.189792726563609904e-07
1.657409427480160957e-07
0.000000000000000000e+00
4.174550838342838688e-07
1.119219703582530201e-07
1.913564862121575061e-09
8.701481135631183861e-08
7.358683884461925118e-09
2.911696356022730470e-06
2.271103767270687968e-06
1.303471549363166559e-06
4.280055865280019134e-09
1.702368385148034235e-10
1.356078893621770476e-08
7.359955311869725847e-09
7.430951427522813901e-07
1.757954635195346782e-07
2.269039889313262393e-08
0.000000000000000000e+00
0.000000000000000000e+00
0.000000000000000000e+00
2.634031943671288900e-06
6.245698180862291338e-09
1.882602962410828695e-10
2.473024895977005144e-09
1.447293118683745661e-10
7.438344939991736737e-10
1.634245336390449665e-06
8.207668997783912346e-07
1.078256373077124408e-09
6.150838771645794623e-08
1.787118208085303195e-06
3.009743636539496947e-07
9.242638157047622371e-07
2.362247357723390451e-07
1.568858351674862206e-06
8.046276889217551798e-07
9.469138149142963812e-07
1.168554717878578231e-06
1.821267119339609053e-06
1.206743945658672601e-06
2.639585090946638957e-06
1.695668515822035260e-06
1.774969064172182698e-06
2.039451828750316054e-06
3.816826847469201311e-06
9.012414921016898006e-06
2.265651346533559263e-06
4.880264441453618929e-06
3.886288766352663515e-07
4.770786745211808011e-06
1.174740077658498194e-06
2.408709178780554794e-06
2.697079253266565502e-06
3.198566744799791195e-08
2.239386560631828615e-07
1.707044702925486490e-06
4.280925907096388983e-07
2.562151621532393619e-06
3.215879473827953916e-07
2.985899527629953809e-07
3.031485903193242848e-06
3.781293003157770727e-07
6.620816179747635033e-07
7.257093329826602712e-06
1.452657784284383524e-06
0.000000000000000000e+00
2.690505880309501663e-06
9.927550763677572832e-07
8.662744477305750479e-08
6.977186051138062339e-10
1.177594555201721960e-07
0.000000000000000000e+00
0.000000000000000000e+00
6.626686754884758557e-09
1.082413660924430587e-07
0.000000000000000000e+00
2.198608370918009314e-07
6.970167021336237667e-08
9.059942840394796804e-08
5.301655989220499521e-11
4.754065585643729719e-08
1.180224217023351230e-06
1.056824089573638048e-06
1.247974612539337613e-09
7.549802560902207915e-09
4.772533035435344573e-09
1.547815742242164561e-07
2.231727247448134221e-09
1.791608283951973135e-08
3.980814256010489771e-08
3.466669227236707229e-07
1.177527764184560510e-08
1.957775310756915133e-07
0.000000000000000000e+00
0.000000000000000000e+00
8.093626036043133354e-08
1.412871597494813614e-06
9.849205895307022729e-09
4.629530110378254903e-07
1.737226170916983392e-06
1.487028729318939924e-11
1.344778866041451693e-07
1.707872456790937576e-06
1.003152078737912234e-06
1.856558071722247405e-07
5.760472845395270269e-07
3.934290191409672843e-07
5.546265242628578562e-07
7.173146059358259663e-06
7.327786875066522043e-07
1.513214215265179519e-06
3.708963049575686455e-06
1.517276814411161467e-06
1.492296405558590777e-06
4.751697986193903489e-07
1.010194637274253182e-06
6.403161592061223928e-07
5.984107076528744074e-08
6.295549610513262451e-07
1.243012661689135712e-07
4.089136780294211349e-07
1.412293840985512361e-06
1.769454456734820269e-06
1.616038218799076276e-07
2.195644555058606784e-09
1.673395672696642578e-06
3.475865355540008750e-07
1.465995040916823200e-07
5.821074751111154910e-07
0.000000000000000000e+00
5.661187074679219222e-09
4.367217254497290924e-09
5.033736556470103096e-07
2.153985860786633566e-06
5.161979856893594842e-07
5.049717444194357086e-08
9.452755307393090334e-07
2.340303126402432099e-06
2.093024420446454315e-07
2.581054658890025166e-08
0.000000000000000000e+00
0.000000000000000000e+00
0.000000000000000000e+00
1.677300247138191480e-06
0.000000000000000000e+00
6.873516866789941560e-09
1.571951423195994124e-11
4.271744273864896968e-06
0.000000000000000000e+00
1.450920171919278800e-05
7.778961474969037226e-09
4.657382035588852887e-09
6.492551721942740883e-12
7.446430583257779290e-09
6.810260799738898640e-09
1.318403803907131078e-07
1.686201187567348825e-07
6.516317512250680011e-07
1.255632469110423699e-07
1.040565233978441029e-08
1.614815303696559567e-08
2.250787822788424819e-08
9.234708997496454685e-09
6.974147037652755898e-09
3.759602407171769300e-09
0.000000000000000000e+00
0.000000000000000000e+00
8.624959264125209302e-06
1.445823585299876868e-07
1.324718557071946634e-09
0.000000000000000000e+00
6.574581767893050710e-09
0.000000000000000000e+00
0.000000000000000000e+00
1.771411128892452780e-09
1.653437834647775162e-06
1.925227024912601337e-06
0.000000000000000000e+00
2.139456910299486481e-06
9.189268439513398334e-07
1.933315388669143431e-06
4.051476480526616797e-06
1.920544946187874302e-06
1.056037831403955352e-06
3.616575440901215188e-06
6.500482413684949279e-06
1.862851718215097208e-06
4.162462573731318116e-06
9.682233894636738114e-07
5.205384240980492905e-06
2.609716602819389664e-06
4.176664276656083530e-07
3.874206413456704468e-07
5.169072778699046466e-07
1.905017654735274846e-07
6.376103556249290705e-08
1.034935817600945995e-10
3.774738615902606398e-06
1.453011293506278889e-07
0.000000000000000000e+00
1.527211579421816623e-09
0.000000000000000000e+00
0.000000000000000000e+00
1.515325465106798219e-07
2.365227800282809767e-07
0.000000000000000000e+00
0.000000000000000000e+00
1.498417958600839484e-07
5.122564289194997400e-06
5.501605393476438621e-09
0.000000000000000000e+00
1.098574784919037484e-06
1.962871039040692267e-07
1.093256287276744843e-06
7.333281537569291686e-09
6.646367722851209692e-08
5.981874551252985839e-07
5.063515828851450351e-08
2.043828544628922828e-06
1.052186888728101621e-07
3.919687117104331264e-07
5.048860316492209677e-07
3.787564750723504403e-08
5.751238632001332007e-07
3.060941935473238118e-06
1.214706117025343701e-06
3.557665877451654524e-07
0.000000000000000000e+00
3.494885492116850401e-10
3.521158475905394880e-08
0.000000000000000000e+00
3.471626826012652600e-07
0.000000000000000000e+00
2.952764255326201237e-09
0.000000000000000000e+00
1.292008391828858294e-06
3.552129701489548097e-09
0.000000000000000000e+00
7.842618998665784602e-09
0.000000000000000000e+00
0.000000000000000000e+00
0.000000000000000000e+00
1.217614342685635620e-09
1.799654114620352630e-07
4.202719537715893239e-06
2.673041535672382452e-06
1.613747599549242295e-06
1.211309836435248144e-06
3.411245415918529034e-06
2.049429213002440520e-06
1.055651409842539579e-06
7.461266022801282816e-07
4.864964012085692957e-06
9.895577477436745539e-07
2.350766590097919106e-05
2.433803047097171657e-06
3.985581770393764600e-06
6.967695753701264039e-07
1.320702835982956458e-06
4.267361930487822974e-07
1.912312654894776642e-06
1.151921669162447870e-08
2.039241024931470747e-07
1.266384543896492687e-07
9.167177239532975364e-09
8.146003316333860766e-10
5.533956482395296916e-06
1.277684305023285560e-06
1.013230985336122103e-06
0.000000000000000000e+00
3.808117199355365301e-08
0.000000000000000000e+00
1.647511282953928458e-07
5.528524860132222329e-10
2.743960081375007576e-08
0.000000000000000000e+00
7.314108430023225083e-09
2.410062620583630633e-07
2.065344801849278156e-07
0.000000000000000000e+00
0.000000000000000000e+00
0.000000000000000000e+00
1.512615170895514893e-07
4.127373109952259256e-09
3.257651997046195902e-07
0.000000000000000000e+00
3.212670947050355608e-07
0.000000000000000000e+00
0.000000000000000000e+00
1.680303739703958854e-06
0.000000000000000000e+00
9.250201173927052878e-07
0.000000000000000000e+00
0.000000000000000000e+00
2.504008334014429238e-09
0.000000000000000000e+00
1.439363517263814174e-09
4.213383135720505379e-07
4.969115341424412691e-09
2.921472841421746125e-09
1.373504976420747425e-09
1.889162781765207910e-08
1.093618084979652849e-08
1.217073464232498736e-08
1.808862407415290363e-06
4.433102444704496714e-14
8.207066137799756689e-09
2.404702854619245045e-07
3.132280198769876733e-06
5.558220905754751584e-08
1.325153243669774383e-05
5.687481596794441430e-09
0.000000000000000000e+00
1.092513775802217424e-05
4.736341319144798945e-10
0.000000000000000000e+00
1.603939381311647594e-06
0.000000000000000000e+00
0.000000000000000000e+00
0.000000000000000000e+00
3.363003315826063044e-07
2.288326413690811023e-06
8.808175948615826201e-07
4.630292238516631187e-08
2.559789436418213882e-06
6.772806045773904771e-06
1.277748878925066833e-10
3.717694653460057452e-06
0.000000000000000000e+00
0.000000000000000000e+00
2.306693946962923292e-09
9.295441714129992761e-07
0.000000000000000000e+00
1.350589862170181732e-09
1.341744160221480797e-09
0.000000000000000000e+00
0.000000000000000000e+00
0.000000000000000000e+00
0.000000000000000000e+00
9.877806128599786462e-09
0.000000000000000000e+00
4.941035967931384221e-06
2.225509661002433859e-06
4.374978743726387620e-07
1.428008545190095901e-06
0.000000000000000000e+00
3.076863208661961835e-09
0.000000000000000000e+00
0.000000000000000000e+00
0.000000000000000000e+00
7.047168537610559724e-07
6.399381618393817917e-06
0.000000000000000000e+00
7.853635075605325255e-09
3.231977796502860656e-09
1.028175393003039062e-05
0.000000000000000000e+00
8.808202167642775748e-09
0.000000000000000000e+00
0.000000000000000000e+00
7.855783934473947738e-08
0.000000000000000000e+00
1.750014846577108152e-12
4.914714191173175095e-10
6.946755547687644139e-06
2.147584012845982215e-07
