2.403093731118133292e-06
2.379490979365073144e-05
9.168585535235251882e-08
7.856963968322361325e-09
4.965737389284186065e-06
2.162331647070914187e-08
2.360552464608645096e-08
7.384660438702894680e-09
1.329908128067103235e-10
1.681082295590385911e-08
1.918632008823806245e-08
5.868164976163825486e-08
1.302233698652344174e-08
0.000000000000000000e+00
5.765726314166386146e-07
8.310628800245467573e-06
4.837158371628902387e-07
9.471502380620222539e-06
8.401027429272289737e-09
2.237329226772999391e-06
3.739784006029367447e-06
1.107010120904305950e-05
1.113634607463609427e-05
8.697088560438714921e-06
1.049755383064621128e-06
3.855830527754733339e-06
7.333814664889359847e-06
4.070979684911435470e-06
1.142713608714984730e-05
3.341930550959659740e-06
4.752258178086776752e-07
6.231291536096250638e-07
4.939004611514974385e-06
7.613149932694796007e-07
2.472538881193031557e-06
1.721326043480075896e-05
8.356046237167902291e-06
5.478413640958024189e-06
8.503092772116360720e-07
2.969461320390109904e-06
2.424499143671710044e-06
2.153690729755908251e-06
3.251429006922990084e-05
4.006598828709684312e-06
9.980299182643648237e-07
5.613199391518719494e-06
4.881295811998143108e-09
3.538031705829780549e-06
2.653096089488826692e-07
5.775941076535673346e-07
5.821514150738948956e-06
3.488125457806745544e-06
7.895770295363035984e-07
7.488361916330177337e-06
8.849692676449194551e-07
1.902454459923319519e-05
2.059951782484858995e-07
2.099409584843670018e-06
6.062966349418275058e-06
1.778929072315804660e-05
1.384522147418465465e-05
1.213843233927036636e-06
8.664667348057264462e-07
1.675061866990290582e-05
5.356569658943044487e-07
4.309469204599736258e-06
1.685069378254411276e-06
9.067270184459630400e-06
3.645004198915557936e-06
3.370539161551278085e-06
1.223711137754435185e-06
2.685162144189234823e-06
1.627954020477773156e-06
6.414129074983065948e-06
3.803787330980412662e-05
3.869106876663863659e-06
1.441471522412030026e-05
2.005653414016705938e-06
1.593625938767218031e-06
3.825696737180805940e-08
1.701627115835435688e-05
2.085694404740934260e-06
5.126876658323453739e-06
3.704818254846031778e-06
6.062855391064658761e-07
6.081273568270262331e-06
1.902907165174383408e-08
7.662913958483841270e-06
1.978594127649557777e-06
4.846748652198584750e-06
2.696383853617589921e-05
3.785152671298419591e-07
2.371728669459116645e-06
1.777222314558457583e-05
2.837572083080885932e-06
2.163107637898065150e-05
1.131934550357982516e-05
9.337340856063747196e-08
8.247330697486177087e-06
2.547561052779201418e-06
9.399103078067128081e-07
4.117915977985830978e-06
3.169212277498445474e-06
2.206259523518383503e-05
1.147044531535357237e-05
3.823348833975614980e-06
3.303937774035148323e-06
3.450069925747811794e-05
1.272942972718738019e-05
3.817600827460410073e-06
1.596866422914899886e-05
1.126910501625388861e-05
4.048261871503200382e-06
3.200470928277354687e-06
6.330439646262675524e-06
3.301894594187615439e-06
1.572014411976851989e-06
8.761852399175040773e-08
5.847033435202320106e-07
8.769675901021400932e-07
3.835490076653513825e-07
1.035729951581743080e-06
1.699254070786082593e-08
3.792973529925802723e-06
4.544362468550389167e-07
5.897095078921665845e-08
2.772018206087523140e-06
5.189118912340973111e-09
4.909603376290760934e-06
5.686033091478748247e-06
1.567042204442259390e-06
2.747903181443689391e-06
8.187318485397554468e-07
7.508920703003241215e-07
5.285645784169901162e-06
6.373456926667131484e-07
7.106465460537947365e-08
2.428366130402537237e-08
3.033965256804549426e-08
1.544272663522860967e-06
3.531089589614566648e-07
1.554079176457889844e-06
3.179390262175729731e-08
4.722445368088301620e-08
2.765103999990969896e-06
9.478133478069139528e-08
3.823428471605438972e-07
5.663171975811565062e-08
2.349555501268696389e-07
4.439119038579519838e-06
5.607483217318076640e-06
3.804077497449043221e-09
4.958797035214956850e-07
3.883247501335063134e-08
1.631208874641743023e-06
1.209633548882038667e-08
5.472897868230575114e-08
1.348386859945094329e-07
7.282706437905517305e-09
2.037030981227871962e-06
2.197361709477263503e-06
8.368536086322819756e-09
4.359897616268426646e-07
3.361043127370066941e-06
5.478565512362365553e-08
1.423145386070245877e-05
1.990747477975673974e-06
6.466238655633560484e-09
1.602131874278711621e-06
0.000000000000000000e+00
1.453041509336117088e-08
1.044446207743021660e-06
1.407880176884646062e-06
7.677146385276500951e-08
6.303636723714589607e-08
5.920965577388415113e-06
1.203416559292236343e-06
1.832775531340757880e-08
4.318060575769777643e-07
6.642050909277941173e-09
3.927098987333010882e-06
1.498119445386691950e-06
4.629248451237799600e-06
8.308135193146881647e-07
3.326978912809863687e-06
3.459866093180608004e-06
7.121546907740139432e-09
2.413582000926339788e-09
4.420538601834778092e-08
5.348075760025494674e-08
1.492419414717005566e-06
5.994037621803727234e-08
7.071274410463956883e-08
8.344942870053273509e-08
3.553613625584262081e-09
2.937059484509063623e-08
3.664852599172263581e-08
1.438329721992204213e-08
1.658536064041982172e-07
8.112269966886742623e-08
1.682816218817606568e-06
2.559998080187142477e-08
4.026791677880225961e-10
4.374029458631412126e-07
7.057222319417633116e-06
1.791243334992032032e-06
6.587000029867340345e-07
1.775435407580516767e-06
0.000000000000000000e+00
1.105411406854273082e-08
3.300001338857327937e-08
1.092412560410593869e-08
3.457212116586561024e-08
5.630522714739072399e-09
3.959550667786970735e-06
7.576289249300316442e-07
2.151660964955226518e-06
2.731025006141862832e-08
2.146161470761853707e-08
5.313595119460501337e-10
1.836734213611634914e-06
5.968179728199629608e-09
1.193228854390326887e-06
1.203963392981677316e-06
5.202231477596797049e-06
9.680442225601382233e-09
1.822618514779605903e-06
2.869648199066432426e-07
1.119689159168046899e-06
6.358236959158602986e-08
2.030245195783209056e-05
5.941063250247680116e-07
1.208125013363314793e-07
1.809031573429820128e-06
1.112764849153791147e-07
8.072959190030815080e-08
4.147781851315812673e-08
6.977049338274809998e-08
1.112734651087521343e-07
2.528105369492550381e-08
5.633671094074088614e-07
2.392117437466367846e-07
1.052661787070974242e-06
1.614278630768239964e-06
1.530567715235520154e-06
1.911841536639258265e-06
4.310357326176017523e-06
8.081752866928582080e-07
1.154716414930589963e-06
3.756665591936325654e-07
1.981351749336113244e-09
1.595404000909184106e-06
2.291135992038562108e-08
3.120849001447822957e-08
1.354260703578802350e-09
2.646247387882993962e-10
2.517161201698314699e-10
1.022629092517490790e-07
5.511635592370112136e-09
1.602108170573046664e-07
1.584280511224278598e-07
6.225649826774315443e-07
1.696597422551349155e-07
2.970417654069024138e-06
0.000000000000000000e+00
4.196972724912484409e-08
0.000000000000000000e+00
1.544026986266544554e-07
3.862783010122328164e-11
3.266290207193378592e-07
5.112583494337741286e-06
0.000000000000000000e+00
1.345303513033968557e-08
2.923161730450374307e-07
6.300582972018631267e-11
7.699986781517509371e-07
7.894175091394117771e-09
5.043484634370543063e-07
2.647113035436632344e-07
4.146862124798644800e-07
1.810937710899906961e-08
2.719261438244302553e-08
4.289454480499443889e-08
4.486583904395047284e-08
2.492415433152928017e-06
2.828298875101609156e-07
5.793747277493821457e-06
4.056182500988825268e-09
2.403367318493110361e-07
4.717257979791611433e-06
2.733908388563577319e-08
2.037505737462197430e-06
4.958651516062673181e-07
1.461040710637462325e-08
8.191464928586356109e-08
2.161419615731574595e-06
4.461374828679254279e-06
1.474935373835251085e-08
7.567296478327989462e-08
5.722829321541667014e-09
2.005074435373899178e-07
1.449736419800728981e-08
8.989139210768826160e-09
2.218406280007911846e-06
6.545932933477160987e-07
1.454164966219195776e-08
3.123335091004264541e-06
1.837083459577115718e-06
1.574061627707123989e-07
3.377016071226535132e-07
1.842305152877088403e-08
3.392358621567836963e-06
1.882537253550253808e-05
1.288974317503743805e-06
2.331726818738388829e-06
7.494924680884196277e-09
3.111674118372320663e-08
4.987257852917537093e-06
3.554134536898345686e-06
6.657349782557275830e-09
4.502027195485425182e-07
8.548237673267067294e-09
2.772692908603602291e-10
5.539784603270092589e-11
0.000000000000000000e+00
0.000000000000000000e+00
0.000000000000000000e+00
5.537119136533874553e-07
1.074259188271753374e-07
0.000000000000000000e+00
0.000000000000000000e+00
4.239607331868455731e-09
3.320532186990021728e-07
3.254285911680199206e-05
6.266182595027203206e-08
1.477274191863386932e-09
0.000000000000000000e+00
0.000000000000000000e+00
1.964653620234457776e-06
0.000000000000000000e+00
0.000000000000000000e+00
3.559049730483820895e-07
1.283247712535739993e-07
3.433914059769449523e-07
9.049061304722272325e-07
3.519660651818412589e-08
9.835018133230732928e-09
9.544604689937230546e-12
5.907949240935295165e-09
7.462436002469985397e-09
5.476646691704445402e-09
9.399602207693646960e-10
8.049601518678173306e-08
1.971321239579992834e-08
1.707014973817422288e-07
7.633202869783417555e-08
7.876552743368847587e-09
3.776550556722213514e-06
2.237746932198803052e-10
5.888068130843748804e-07
2.608319391583791003e-07
1.414868111559997033e-09
2.010219759540632367e-07
8.132633411150891334e-06
3.734196809546119766e-07
2.683946718207153026e-07
1.019952264869061764e-06
1.473031829846149776e-08
7.611458840983686969e-07
5.217425950831966475e-06
4.160943660735938465e-07
3.182366015153093031e-08
1.053209608414817922e-08
1.577046049305863562e-08
2.824694547598483041e-06
2.549428927522967570e-06
6.606606461900810245e-08
1.981763034564210102e-06
5.802151576972391922e-07
1.947297960214200430e-06
7.299451043607518841e-10
3.538809778547147289e-07
2.487246888449590188e-07
1.523143282611272298e-06
5.164307594895944931e-07
1.389359454151417594e-07
3.285839156319525500e-09
5.487915455404390741e-09
5.408090864023051836e-09
4.401429578138049692e-06
4.311896972808426654e-08
1.641578961653067381e-07
3.248290247892526850e-10
2.078804151040003489e-08
1.300640817269993477e-09
2.570401314017090044e-08
1.332878355242428370e-06
7.359624305536272004e-06
1.643883393853684538e-07
5.983820106081338963e-09
1.654645984672242776e-07
9.572884707154116768e-09
2.118653164018269308e-08
4.341373482930066530e-08
7.844970184578414774e-08
1.212217028978557209e-07
8.055897282588375674e-09
7.592359518859836953e-10
2.919649887189734727e-06
2.548077873143483885e-07
0.000000000000000000e+00
0.000000000000000000e+00
0.000000000000000000e+00
4.676625309230075800e-08
2.370888818603589243e-09
9.779650866903466522e-09
0.000000000000000000e+00
0.000000000000000000e+00
2.295094418514054269e-06
2.181058675887470599e-07
1.467078618588857353e-07
0.000000000000000000e+00
0.000000000000000000e+00
1.144338170888659079e-06
4.681272702811156705e-09
2.429261902747725799e-09
0.000000000000000000e+00
2.422243142063962296e-06
0.000000000000000000e+00
3.898720635220342956e-08
5.866782171182194361e-09
1.182718506242963485e-06
3.826015699814888649e-07
6.592135282090794135e-09
2.018917300006251025e-08
4.192720552964601666e-06
1.004695064921179437e-07
7.208146257653424982e-08
6.838680747023317963e-06
4.233665862329871743e-09
2.963498104691097979e-07
1.650622039051086176e-07
9.827842717413659557e-08
1.014587240888431552e-07
2.070304283563473291e-08
1.075273061701409461e-07
2.017379472363245441e-07
2.358910506927713868e-07
8.889314839777284760e-10
3.407316739867383149e-07
2.137959143055923050e-08
0.000000000000000000e+00
1.900438405755267013e-06
4.275108977935815346e-08
2.768174800493738985e-09
3.600212608034780715e-07
7.452555905729241204e-09
9.676141665693194227e-09
9.275903494199155830e-07
3.372103947185678408e-07
2.904445395301991084e-08
2.927982656331096223e-08
1.609069727237510961e-06
4.064236236445140094e-07
5.190013308009611137e-09
1.051011736308282707e-06
2.195202796428930014e-06
7.296307103388244286e-06
1.110857101593865082e-05
1.917394314432385727e-07
5.069603616902895737e-07
7.990292033355217427e-06
1.312092194893921260e-07
0.000000000000000000e+00
4.553104702154087136e-07
2.822374511879388592e-08
8.067940093781089672e-09
1.147888895047799451e-09
4.225207406172160063e-10
2.393031994785133065e-09
4.080296776010072790e-07
6.427173389056406450e-07
7.031766724452381823e-09
3.133829977741697803e-06
1.454779585685628263e-08
1.167642982302652399e-09
8.113103433515789220e-08
1.170608712186549383e-07
0.000000000000000000e+00
1.595299465861899080e-07
3.469319267423998099e-07
1.804295493457175326e-06
2.686023670150916587e-08
2.274653887468502944e-08
8.732875755868008127e-09
1.793423933804660919e-07
3.084078059600869892e-08
0.000000000000000000e+00
2.240672536402144033e-09
2.803770371428981889e-07
2.427658500891993754e-06
0.000000000000000000e+00
1.512378048573737033e-06
0.000000000000000000e+00
0.000000000000000000e+00
0.000000000000000000e+00
1.376945668596363248e-08
4.492632683650299441e-07
1.490809950155380648e-06
8.797037480690050870e-07
6.296374976955121383e-07
1.131116533770182286e-07
1.105314728633288723e-10
9.742326945172408159e-09
7.207832481981313322e-07
8.480497193374958442e-09
7.551302587671671063e-07
4.349303992512432160e-07
5.277192904884486779e-09
7.071537311276188120e-08
1.672485814196988940e-05
2.548173672067832740e-09
1.825554534207185498e-07
4.688123169671598589e-07
4.740098091815525549e-09
6.310695299660551427e-10
1.888845503617009314e-11
0.000000000000000000e+00
1.785884080618416192e-07
0.000000000000000000e+00
9.228164010721684463e-09
0.000000000000000000e+00
0.000000000000000000e+00
7.690186265563170309e-09
2.012782260862877592e-06
8.378558504773536697e-07
1.002871918842629384e-08
2.554405020838146356e-10
0.000000000000000000e+00
0.000000000000000000e+00
1.179295523456858064e-07
4.776053774691035869e-09
1.275982985937673675e-09
2.681338457932724850e-07
4.406508651300100610e-07
2.155971969841630198e-07
6.732336288450824213e-08
1.342653632718793233e-07
7.820895575605391059e-08
1.203370061375608202e-06
9.409197865295482188e-09
1.362439320473640691e-06
4.912643181143039328e-09
3.900926003552740440e-06
1.748323441574939352e-08
1.654429524933220819e-06
1.277804528854176169e-07
8.604907293374708388e-07
3.630854735092725605e-06
1.144942189057474025e-06
6.466801210081030149e-07
1.130897771872696467e-06
7.352151101258641575e-07
5.107706257945210382e-08
2.224607982270754292e-07
1.589576328342445777e-07
3.777131496462970972e-08
2.314619678145390935e-06
4.246904694582553930e-08
3.070580678610212999e-09
8.442783610007609241e-07
2.851095359801547602e-09
1.418228180227742996e-06
2.657895947777433321e-07
1.526385418060272059e-08
4.499792680690006819e-07
9.040693527140319929e-08
2.001724396905046888e-06
2.841545310161563975e-08
1.566361049754050327e-07
8.281369190399345825e-08
2.166597212749366008e-08
2.300740709060278277e-09
2.378153709514663205e-07
2.781858299272244039e-08
0.000000000000000000e+00
4.568321415598930457e-11
0.000000000000000000e+00
0.000000000000000000e+00
0.000000000000000000e+00
3.239972734547791333e-09
7.180233296821825206e-08
3.413025950749215554e-08
6.574520057256449945e-07
3.146527660646825098e-06
1.428220912202959880e-06
2.137362642429252446e-08
1.219967487031681230e-07
9.670684392171224886e-11
2.310257514182012528e-06
0.000000000000000000e+00
4.155454647047918115e-08
5.036146788484074932e-08
8.293518760638107779e-09
0.000000000000000000e+00
2.595270309768693551e-08
0.000000000000000000e+00
5.595328200769245086e-09
7.697600779010826955e-09
8.536945372838999901e-09
1.210435982557100942e-07
1.208448008327422940e-09
5.089967558546959481e-09
1.018910822381258185e-08
9.977143555772727268e-09
0.000000000000000000e+00
0.000000000000000000e+00
4.783684289577649906e-06
0.000000000000000000e+00
4.678697223425842822e-06
4.198601288862846559e-08
6.722656962665496394e-06
7.749294184122845763e-08
0.000000000000000000e+00
9.033099601651883859e-09
3.274792106822133064e-06
1.666771165531599763e-09
1.646999265858539729e-07
5.271697745001802105e-09
7.005890978462048224e-08
1.553163819778546895e-08
1.074723314786751871e-07
1.270189727620163467e-06
6.395950435944541823e-08
5.595234711108787451e-07
4.010860266134841368e-08
8.183404531791893532e-08
1.512155222371802665e-06
8.775292599239037372e-07
4.097016059745328675e-09
1.912017069116700441e-07
3.042465124281079625e-08
1.366913352285337169e-06
8.075978996657795506e-09
7.510421085044072242e-08
5.490753807180226431e-08
2.349217083974508569e-06
8.379179803341685329e-07
3.108863211309653707e-08
9.295423097910315846e-08
2.217529072368051857e-06
7.065442009235312071e-09
8.850147992234269623e-08
1.169418169411073904e-06
2.762416897894581780e-06
1.637867399040260352e-06
7.163066584325861186e-08
4.108532721147639677e-06
1.039366370747529800e-08
2.268890852974436712e-07
7.346772523675326738e-09
1.601698329523060238e-08
2.329055064365093131e-07
1.395334550124971429e-07
8.340906276771420380e-08
2.358560067250436987e-07
1.537741667334557860e-08
3.991069164044347417e-08
3.581723717616114300e-07
5.914702114750980400e-07
1.792034254322061315e-06
8.838000553623714950e-07
1.013502837210467078e-09
2.700159029700444080e-08
6.989210987740079872e-09
0.000000000000000000e+00
5.610355628959950991e-07
1.999876531044719741e-06
1.215413458766079202e-08
8.991987954232172342e-08
0.000000000000000000e+00
4.313137651479337364e-07
9.099083264629825862e-09
2.165502083206760631e-10
9.777369314178940840e-07
1.031353804137324914e-06
5.160925908853641886e-09
0.000000000000000000e+00
3.643936352659693512e-08
3.160041339711483488e-09
0.000000000000000000e+00
0.000000000000000000e+00
0.000000000000000000e+00
0.000000000000000000e+00
1.221078065327674267e-07
0.000000000000000000e+00
0.000000000000000000e+00
0.000000000000000000e+00
0.000000000000000000e+00
0.000000000000000000e+00
1.184724141012338805e-08
0.000000000000000000e+00
1.716323860811996838e-09
0.000000000000000000e+00
0.000000000000000000e+00
3.740552074305014685e-06
1.443189678873579851e-09
2.042834921667235903e-06
8.006651341929682530e-09
3.058274842260289006e-06
1.062623027792142238e-06
6.711078981425089296e-07
2.667265575073685113e-10
5.709146932986186584e-09
3.901559075814020616e-09
2.361251472127179341e-10
6.015755671384681591e-10
7.480604836018756032e-06
8.591541131863777991e-07
0.000000000000000000e+00
0.000000000000000000e+00
2.120219333434647524e-09
2.018271203496624366e-07
8.198446721507934853e-07
2.719683811491790948e-09
2.728829713305458426e-07
7.352560942308628000e-07
2.765649753655452514e-07
4.665720254592997662e-08
4.330426506271578546e-08
5.667203595294267870e-07
9.764583808191673597e-09
1.818726218516530935e-07
2.738439341953835537e-08
3.964644747611600906e-06
6.827077072557585780e-07
2.672824393812334165e-06
4.285634076950373128e-06
2.615305902509135194e-06
2.061712393697234802e-06
7.135026458549020845e-10
1.413006032180419425e-07
7.712855243369176605e-09
2.053301528803785914e-09
3.204539300583064687e-09
2.547040196532179834e-07
4.622592371106293285e-07
3.983672058893716894e-08
1.414817205613871920e-07
4.301434231024359178e-08
2.894191020175185258e-08
0.000000000000000000e+00
8.051044275703134190e-09
6.617183316848240793e-07
0.000000000000000000e+00
6.484799087047576904e-06
3.706569273731474823e-09
6.130098881840240210e-07
8.251328154074144550e-07
3.435640394400252262e-08
0.000000000000000000e+00
1.378311331734494161e-08
1.569938490320055280e-08
1.244590208671070286e-08
1.399643991817356437e-07
0.000000000000000000e+00
3.659910362330265343e-06
0.000000000000000000e+00
2.029805656889038801e-09
2.611849758693551848e-08
0.000000000000000000e+00
4.527117312136397231e-07
2.952012209789245389e-06
1.416955655031415517e-07
0.000000000000000000e+00
4.759268961151974509e-07
1.778392118012561696e-07
6.534588692375109531e-07
2.504611806841694488e-08
0.000000000000000000e+00
0.000000000000000000e+00
0.000000000000000000e+00
4.068415293545513123e-08
4.931813464281731285e-07
0.000000000000000000e+00
1.553292605649403413e-07
2.783924344385013683e-07
1.776302771538951220e-09
2.073670657409820706e-07
4.386046725812775549e-08
0.000000000000000000e+00
1.825647473197022919e-06
2.266563114972086623e-08
1.058744558690705162e-07
0.000000000000000000e+00
4.748468654725002125e-06
0.000000000000000000e+00
1.593327056070847902e-06
9.598100980667823023e-09
4.107567292521707714e-06
0.000000000000000000e+00
1.389982031696490594e-07
0.000000000000000000e+00
1.446124908710544332e-08
5.142507308875110539e-09
0.000000000000000000e+00
6.027232757332967594e-07
7.650712063878017943e-09
2.039015484234241171e-10
0.000000000000000000e+00
1.249810281933605438e-07
7.435270621414247216e-09
4.920145624254246286e-09
0.000000000000000000e+00
3.451820829170060279e-09
1.618666942704294343e-06
3.433307824707299005e-07
1.195740821913204854e-07
5.465033936502550205e-08
6.044623290790696046e-08
6.663692602160153911e-07
6.450301981431039167e-08
1.973339536220919399e-08
4.318006574521859875e-08
8.363002734768087976e-08
1.006355176969009335e-07
2.950410760149679845e-07
1.331972754314847407e-07
3.032921313206315972e-06
3.440761418005422456e-07
7.783619859758061921e-10
8.485756097798002884e-08
6.632332087974646129e-07
1.749929197103483602e-06
1.832194129747222178e-06
5.382450126489857212e-06
1.892178005391542683e-07
1.088738031285174657e-06
1.948597855516709387e-06
1.078610011973069049e-06
2.371046775806462392e-06
3.258274318795884028e-06
2.875242799404986727e-08
6.686760798402247019e-07
0.000000000000000000e+00
4.778802242810797907e-09
1.790303144844074268e-06
1.108093705681767460e-08
2.834338985735485039e-09
3.375321853127388749e-07
0.000000000000000000e+00
5.352937932912027463e-07
2.853090336429886520e-06
2.400099230470686962e-09
1.088513190694584409e-08
2.059323520597899915e-07
5.674926342180697247e-07
0.000000000000000000e+00
1.154764173172395658e-09
5.645826206546189496e-08
5.988243856336339377e-08
0.000000000000000000e+00
3.678869404666329501e-07
6.895707116427729488e-09
4.583184534112660913e-07
2.477729594829725102e-06
6.011008508721715771e-07
4.152414589952968527e-07
0.000000000000000000e+00
2.741970206443511415e-08
1.003344436867337208e-06
0.000000000000000000e+00
1.104301894372383686e-08
8.938807027902839764e-09
4.797404358214407694e-07
3.398326509085336511e-09
2.429112733182137163e-08
0.000000000000000000e+00
3.019010463845006598e-08
8.770682029535237234e-07
2.854917511285748333e-07
4.887844795575801982e-09
3.817195448618804221e-09
1.293957154757663375e-07
9.280457788918283768e-07
3.082470723114738576e-09
7.951918012949477088e-10
3.253080365084315417e-07
3.321843022874304552e-09
1.400196367740136338e-07
2.741352922441819828e-09
3.546464995451970026e-06
1.545382360745861661e-06
3.329525668505084468e-07
0.000000000000000000e+00
3.262858427888204460e-09
1.144149397447336014e-08
2.081628758254794320e-10
1.189706555493330598e-08
0.000000000000000000e+00
0.000000000000000000e+00
3.978512452817994927e-08
6.734281896569882520e-07
7.073502672483300557e-09
1.650439118705548935e-09
2.118025804520584643e-06
0.000000000000000000e+00
2.187356216154512367e-07
1.455779141679158784e-07
1.142794658903767413e-08
6.726516676991423083e-09
0.000000000000000000e+00
5.282240866932852441e-09
6.029524115547246765e-07
0.000000000000000000e+00
0.000000000000000000e+00
0.000000000000000000e+00
1.512859881813710672e-07
9.707595616248454462e-09
0.000000000000000000e+00
0.000000000000000000e+00
0.000000000000000000e+00
3.723861254911753349e-06
2.209099037031592161e-08
1.901738144738374103e-08
9.375753506901673973e-09
7.064810958468115132e-09
3.433523716012132354e-06
2.704488899496482190e-08
9.846277571057271416e-09
0.000000000000000000e+00
1.858008635835517453e-09
3.115125579711275350e-08
3.884747457050252706e-08
2.816366986735374667e-06
2.135655449819751084e-06
1.540273508737755037e-08
4.442782497449115908e-08
4.823849408808200678e-08
4.627553451541643881e-09
1.615609903637960088e-07
1.298251959269691724e-07
2.368696385701696272e-07
6.993845858005443006e-08
9.259566269292918150e-08
1.058285488397814333e-05
4.236568784676819632e-08
5.297220884159514753e-09
3.669598314104405290e-08
4.243166529249720043e-07
1.188745435420912600e-09
3.900256473343688413e-08
1.484449683175625978e-07
3.318371568639122415e-07
1.419027313431797666e-07
1.365416892440407537e-06
5.648826117976568639e-07
2.896589279544059536e-08
3.405328925509820692e-07
1.646674604671716224e-06
1.313821940129855648e-09
5.867317653951431566e-08
3.542904778441879898e-07
3.879224497183031417e-09
8.443829102589006652e-08
3.711087259716805420e-08
9.629864017313138902e-09
3.880978454162686830e-07
6.976596012009395054e-08
2.620242245399140302e-09
7.062208595698393765e-08
7.593965847263461910e-07
2.625122341726182640e-08
3.330231493237079121e-06
2.567345269710585853e-08
1.413137340477987891e-08
1.083857554817768687e-07
8.862403433340659831e-08
2.330557435925584286e-07
5.258873336799751996e-09
2.162526602234038364e-09
1.908534841277287342e-07
3.243380231054970864e-09
7.980234251192541706e-09
2.509871706024568994e-07
0.000000000000000000e+00
0.000000000000000000e+00
5.659925150780509284e-08
1.864568019982471014e-07
7.826981729408544197e-09
3.579881502346893285e-09
1.513723191237659194e-07
2.951247857208016967e-10
6.540825658873927750e-10
3.176353686740185367e-07
0.000000000000000000e+00
0.000000000000000000e+00
1.986236952689068858e-07
1.212825964103103615e-06
4.059455704918946140e-08
9.098137354612845229e-08
0.000000000000000000e+00
0.000000000000000000e+00
7.650231736988644116e-08
4.743855299693677807e-07
4.801539610355121113e-09
3.891588676196988672e-06
1.209259153256425634e-06
6.015769216105582018e-09
5.171663701730722096e-07
1.298145548389584292e-06
3.723106711817081305e-09
6.099624982880413882e-08
1.790157000414183130e-08
2.477223226549085666e-08
2.780310877359415400e-11
0.000000000000000000e+00
2.391645352872728836e-07
3.141258048344752751e-06
0.000000000000000000e+00
1.750195127714349042e-11
3.086254807271870959e-09
7.602225764458125923e-07
5.853161955116092940e-09
2.127977012378323707e-07
1.409056071821623846e-08
1.252750347902065187e-09
3.819470961730075942e-09
0.000000000000000000e+00
1.508352220902509089e-09
0.000000000000000000e+00
7.141425612644525245e-06
0.000000000000000000e+00
1.029382090678154782e-07
0.000000000000000000e+00
5.918927854509092867e-07
0.000000000000000000e+00
0.000000000000000000e+00
0.000000000000000000e+00
1.147443100535383564e-07
0.000000000000000000e+00
0.000000000000000000e+00
3.760513234141171779e-09
4.471659849514253438e-06
0.000000000000000000e+00
0.000000000000000000e+00
0.000000000000000000e+00
2.377069449721602723e-06
0.000000000000000000e+00
7.535753070442297030e-07
0.000000000000000000e+00
2.085057637657428131e-08
0.000000000000000000e+00
1.570845498122253048e-08
5.980730133359202227e-09
8.440694365674517030e-09
2.456427727892673829e-09
0.000000000000000000e+00
0.000000000000000000e+00
0.000000000000000000e+00
0.000000000000000000e+00
0.000000000000000000e+00
0.000000000000000000e+00
0.000000000000000000e+00
0.000000000000000000e+00
0.000000000000000000e+00
8.236492377022841538e-09
2.033299750792139093e-07
8.601653611606252525e-09
6.344573755256988079e-10
8.536737823305884376e-07
4.687232433298049727e-07
2.594261694355282089e-09
2.508531826705961976e-09
5.231668609440021100e-08
7.125975116650806740e-07
7.291731662917300127e-09
7.184210115696032517e-09
1.066686792228210834e-07
5.192812935206347902e-08
8.234963644326853682e-08
1.950168559972098592e-08
1.275549550427967915e-07
4.065475422976305708e-08
6.995513786023366265e-07
2.968161822991532972e-07
7.989394035234909097e-09
2.582519300631247461e-06
1.897530188532670081e-10
1.089451870939228684e-06
7.712656469038847717e-08
1.102324631574447267e-08
5.883498133130160568e-08
6.930772542546037585e-06
1.473499992243887391e-06
4.307922463198110563e-09
1.115863756950830066e-08
2.204346927214828611e-08
1.589838594107106928e-09
2.936634473371668719e-06
1.541171030794430408e-07
8.983317201227691839e-08
0.000000000000000000e+00
2.509772514258656884e-07
1.987706639283715049e-07
2.105809393526669737e-08
0.000000000000000000e+00
8.715704780115629546e-08
6.975125188546371646e-07
1.567488993714505341e-06
2.559657445999619085e-07
6.274092356761684641e-07
3.228726654924685135e-07
5.459764307325087884e-10
3.090986524512118194e-07
8.939399265273095807e-08
3.811084354765625903e-07
6.604172142488096142e-08
4.743586856648107641e-09
1.200410756040104499e-13
1.992505893610996281e-08
1.034415731737681199e-06
1.265498550395705024e-08
4.929804120479275298e-08
2.049064112830123463e-10
7.339597374311779276e-09
6.999068347113279742e-08
9.448171311987607623e-08
1.131693494471619488e-07
1.006881475973386841e-07
3.145067983822968927e-09
1.903422912619134877e-07
6.912605154951734221e-09
9.316904936440550955e-08
1.099151987205004843e-07
2.725629144606500631e-07
3.031849971080191608e-08
1.016104079099022783e-06
0.000000000000000000e+00
1.868336063637343614e-08
5.443896888834842684e-09
2.128163867354260219e-09
9.537153573546675034e-07
0.000000000000000000e+00
2.852730460745078744e-07
3.333299218866159208e-07
2.018907263590108414e-09
1.679997296832880238e-08
3.088827043029596098e-06
1.064326283994887490e-06
1.787198833369529893e-08
1.432896912234582487e-09
1.775346092358631722e-08
3.388658464942295723e-09
0.000000000000000000e+00
4.625888117004706146e-09
1.107996139282363401e-09
6.739738545036288997e-09
2.322865952919528354e-07
0.000000000000000000e+00
9.826984559424545296e-09
1.144297101518532145e-09
8.662116670166142285e-06
3.543636850622533530e-08
7.916437283483901410e-09
1.692968965016916627e-07
4.862769173996639438e-07
7.767691556637146277e-08
9.306755366367269744e-09
8.262217932042403845e-08
2.656603648176769639e-08
0.000000000000000000e+00
7.464432627557471278e-09
7.070721785851219465e-09
0.000000000000000000e+00
0.000000000000000000e+00
5.096967292672616168e-09
1.655504604514135281e-07
2.201272764068562537e-08
8.977957932643221284e-09
9.529402156260857737e-09
4.752113014205860964e-08
0.000000000000000000e+00
0.000000000000000000e+00
6.798954732545325896e-10
9.427319369592623843e-09
8.407950780053852213e-09
0.000000000000000000e+00
3.909426116166514475e-09
2.485160965903787655e-09
5.366959854313790856e-08
0.000000000000000000e+00
6.394077445293078199e-07
3.736430276291002883e-09
4.011364296285790942e-10
6.332605106962319041e-09
0.000000000000000000e+00
8.798656914166258503e-09
1.667646354341911774e-09
0.000000000000000000e+00
6.717741030115575995e-08
1.057621279443310414e-08
1.430304408245319792e-08
3.223651958705886500e-07
2.846688573754363460e-08
2.754128258786181505e-09
2.032026168308220804e-05
4.119022989357290498e-08
2.881977323454520956e-09
4.928132852910493966e-07
6.063027857550196131e-09
2.201887205899311084e-08
2.880168636920643621e-08
1.155717921363930145e-08
8.534432822671078611e-07
3.025508590326353442e-07
1.697686613510995812e-08
5.953501513999981398e-08
8.725315581159520661e-08
8.840695500111905858e-07
9.916090171202540660e-09
1.552656558878595661e-09
2.649304917667905102e-07
4.166239264691284916e-08
1.108881946265682927e-07
1.288164526158652734e-06
3.014271783285948914e-07
2.800192300256298950e-09
5.395692781462457788e-08
2.812799095863738330e-07
7.120424783124690293e-08
6.025758011674042791e-06
5.467408303871934550e-09
8.378610028003663501e-10
8.286871633345072041e-09
1.954194431164069101e-06
4.221882647925667698e-07
1.098896351692246753e-08
1.101888216226143413e-07
6.714623301817823631e-10
8.899948511498223525e-08
4.095678889370901743e-07
8.252357130977827637e-10
4.002675169090252894e-08
2.503174414414388593e-07
1.660539368231184199e-07
3.583449981192643463e-08
3.253235192346437543e-08
4.645277840609196573e-06
1.057420728756142125e-08
5.080412535107825533e-09
3.115895808036839298e-08
5.502600970430648886e-07
5.397419755581722711e-08
2.105038099387002148e-08
6.127921210463682655e-07
1.278916812452735030e-07
1.134884655584755819e-06
5.847928008506642072e-08
1.034025416402073461e-07
0.000000000000000000e+00
0.000000000000000000e+00
0.000000000000000000e+00
0.000000000000000000e+00
3.228344667149940506e-07
4.491481320201273775e-08
3.154005412397964392e-07
2.644355312497737032e-08
3.736782261398730043e-08
0.000000000000000000e+00
0.000000000000000000e+00
7.567007465070219041e-09
3.502059442439531267e-08
0.000000000000000000e+00
0.000000000000000000e+00
0.000000000000000000e+00
3.476320102890895214e-07
0.000000000000000000e+00
1.712329833480907837e-09
9.138778622741483559e-09
5.959263305044260051e-09
2.323270686943601504e-09
3.994627406633810551e-10
4.744105108756002664e-10
4.609763681884260222e-09
3.177079266336590990e-09
5.664795743598460831e-09
6.996074830567522440e-09
6.074911240716573957e-09
2.546329293251492487e-11
4.729640750156249851e-07
0.000000000000000000e+00
1.423290463264947903e-08
2.635138969253603136e-07
8.920457617023203056e-08
8.016823649370508065e-09
2.496622686365412846e-09
0.000000000000000000e+00
5.533379976441210601e-07
0.000000000000000000e+00
0.000000000000000000e+00
9.016858371069247369e-08
0.000000000000000000e+00
4.075864645791682506e-10
8.243319360445866550e-10
1.471979373945941916e-07
2.997612114086223301e-08
0.000000000000000000e+00
0.000000000000000000e+00
9.597677097517021139e-10
0.000000000000000000e+00
4.844258327807438036e-09
6.455609025124431355e-08
0.000000000000000000e+00
4.853649926417347160e-09
1.572720691456197528e-07
4.530610908659582492e-08
0.000000000000000000e+00
0.000000000000000000e+00
0.000000000000000000e+00
0.000000000000000000e+00
0.000000000000000000e+00
5.480333201135501042e-11
0.000000000000000000e+00
0.000000000000000000e+00
0.000000000000000000e+00
0.000000000000000000e+00
5.688855253538349643e-07
0.000000000000000000e+00
2.785578203656768892e-07
4.496047495194943622e-06
1.846613278955189230e-10
2.350829253483510684e-10
7.886875152962602442e-08
2.827608227562450338e-07
2.259466569398682623e-08
0.000000000000000000e+00
3.809107624874741305e-07
1.285593051285338628e-12
7.439019622523801445e-09
1.146822903308475361e-08
2.523337805371284048e-08
3.404128179340659699e-08
4.449000456929752545e-08
1.515906844495873429e-09
4.203304797556484118e-07
2.742923470577807166e-06
3.690743488604653066e-09
1.539486760293584666e-07
4.834645572771023581e-09
8.460794447273656260e-07
3.734134423893920030e-08
6.196234636490771663e-08
5.797366586790531073e-09
7.523149179178290069e-07
1.842781621741451659e-10
5.187428442354757863e-08
1.664670179479799117e-08
4.935203357092632359e-09
6.530541440952220000e-09
9.119812682811812010e-10
3.303694029455073178e-08
4.912180173732849653e-08
2.314704428130198721e-09
4.296142463999785832e-08
4.462758624868001789e-07
1.724473435160689405e-07
4.001950401288922876e-06
1.605686605898881680e-08
2.256018660773406737e-07
0.000000000000000000e+00
2.933522091908002949e-09
8.320484301549413431e-10
3.389721712210302940e-07
3.465266829039137519e-08
1.721812282085011248e-06
3.725654380559717538e-07
2.376473462462058706e-09
1.463766796661047920e-08
2.683491484578581776e-10
6.238196625929504080e-09
1.822180961674746413e-09
5.236762135041317379e-09
3.394817316149101316e-09
3.555807381872000406e-08
2.852561076238657733e-09
3.232401468267198652e-06
7.007000704106758349e-07
8.813805152385612018e-08
0.000000000000000000e+00
2.886340233487771911e-08
7.078233554835833274e-09
0.000000000000000000e+00
5.426094684679583224e-09
0.000000000000000000e+00
0.000000000000000000e+00
2.206325788733920490e-09
2.287041382942334167e-07
4.134515307896435843e-08
3.653550493254442699e-07
3.524278424649196495e-09
7.138792170735541731e-07
3.905165613105054945e-08
3.745018517520293244e-09
7.104157475623651408e-07
3.711300223585567437e-06
5.978005201967562243e-09
0.000000000000000000e+00
1.353840701767694554e-07
7.131784052205603075e-09
5.696111138320247846e-09
0.000000000000000000e+00
0.000000000000000000e+00
1.032236269793429528e-07
3.960119732138167592e-11
2.813466437601164216e-07
2.554422229295028046e-09
1.619039693423474091e-07
0.000000000000000000e+00
1.560431991953770137e-11
5.284490622869952858e-09
0.000000000000000000e+00
0.000000000000000000e+00
0.000000000000000000e+00
0.000000000000000000e+00
1.221541889862010066e-08
2.256866906691357144e-07
6.197077340175383142e-08
8.715448984730755910e-07
1.556849724693165626e-07
0.000000000000000000e+00
6.198368396326259244e-07
1.084241034732258413e-06
5.282097537140373333e-10
4.286302868194979965e-09
0.000000000000000000e+00
0.000000000000000000e+00
0.000000000000000000e+00
0.000000000000000000e+00
0.000000000000000000e+00
0.000000000000000000e+00
0.000000000000000000e+00
0.000000000000000000e+00
7.863453888035110140e-09
0.000000000000000000e+00
0.000000000000000000e+00
4.778527795679110568e-08
1.576522095092514064e-07
4.584221890979733871e-09
0.000000000000000000e+00
0.000000000000000000e+00
3.463477682430493587e-08
1.821370609889072512e-08
2.440947639570367755e-07
5.625767016681493260e-07
2.057015251466509653e-07
1.667464388788175711e-08
0.000000000000000000e+00
0.000000000000000000e+00
2.278762707419446087e-07
0.000000000000000000e+00
0.000000000000000000e+00
0.000000000000000000e+00
1.390474069218328168e-09
0.000000000000000000e+00
0.000000000000000000e+00
1.111220537808321751e-08
1.436512020447366922e-09
1.453759068681392819e-07
7.231445997568641815e-10
1.697369214070931775e-07
1.259520132634861511e-08
1.702417307569703553e-06
2.428868839388087508e-08
2.992423731029703049e-08
2.088817829815070581e-08
1.017368660427564464e-07
1.142688077493403398e-08
5.153191651174893195e-09
1.562334830396139296e-07
5.636764655037040939e-08
5.339330044762391481e-08
4.220307232571940403e-07
1.401159124725381844e-06
7.534774226769513916e-07
3.032526407764635223e-08
7.146828551185535616e-08
5.874065323041577358e-08
2.461830916899998556e-08
3.358431754918456136e-08
4.335921843789947161e-09
1.954581385632536694e-08
2.040805213709973032e-08
6.225007382454350591e-06
8.659457040316453913e-10
4.972887435172879123e-09
3.266848835892233183e-08
1.061660327650315594e-06
2.503390419406059664e-07
7.898405783635098487e-06
1.225381840441741588e-08
2.514050038371351548e-06
1.293970058213744778e-06
6.274419650509344137e-09
8.211394231238955399e-09
6.689154785632922540e-10
2.561000478351616039e-08
4.132131437017960707e-07
4.404408837643813968e-09
4.337198156179056241e-09
6.970961408114817459e-08
0.000000000000000000e+00
5.959690696499819751e-08
1.617079981031110947e-08
9.327024486083246302e-08
1.230857037626265083e-06
0.000000000000000000e+00
1.974068482013535686e-07
9.624266112950863317e-07
5.204443027650995646e-07
2.979002431402477669e-07
7.141601372495642863e-07
8.520649963372761704e-09
5.348701925811383262e-09
0.000000000000000000e+00
6.435245154534641188e-07
8.318201594192942139e-08
0.000000000000000000e+00
4.506341255705592630e-08
2.148608928109752014e-06
3.265890313741692808e-08
5.544228542930795811e-08
0.000000000000000000e+00
6.364211344589421060e-07
2.184604497301734227e-09
0.000000000000000000e+00
2.654810941749019548e-06
1.300947189974976936e-07
8.227208780908767949e-08
0.000000000000000000e+00
4.067819969755248621e-10
3.606283485169115011e-07
0.000000000000000000e+00
3.767363523365929723e-07
7.603042639914292522e-09
6.276386557146906853e-07
1.221122261085838545e-07
6.388185536110313478e-09
0.000000000000000000e+00
2.161028866964898043e-08
1.670150254540203605e-06
2.845954139019113427e-09
6.528420026796766251e-10
1.938679439206225652e-09
0.000000000000000000e+00
1.190374687709550017e-09
6.629027188287395234e-12
1.812477101736931218e-08
7.059692279653972946e-07
6.521710815832193475e-08
8.650329341719498188e-09
3.324819090266828425e-06
2.571121626715466846e-07
1.079365347322891466e-06
1.705075303171099677e-09
4.794477703740085417e-08
2.013697875113962255e-09
1.545037697781026509e-08
1.621505703042203095e-06
0.000000000000000000e+00
0.000000000000000000e+00
3.444045715284005382e-09
0.000000000000000000e+00
0.000000000000000000e+00
0.000000000000000000e+00
0.000000000000000000e+00
0.000000000000000000e+00
6.396006710929214023e-07
2.415315503156989507e-09
4.187889590667737139e-09
2.252425135296221015e-09
1.569007590518367579e-09
4.295980460256032529e-09
1.076100417662928521e-07
4.691079524832275638e-08
1.046501818535716666e-08
1.997455001401249319e-07
1.779864700068856109e-09
1.915453964329572045e-07
2.830033540845988682e-09
0.000000000000000000e+00
1.580452362759388052e-06
4.550985810425345335e-09
3.075432530863508873e-08
0.000000000000000000e+00
1.690527162701016550e-10
0.000000000000000000e+00
0.000000000000000000e+00
1.060653254114640731e-08
0.000000000000000000e+00
1.012349981621696315e-09
6.579894602509739343e-07
4.339059245239695883e-08
1.808301419714553049e-08
0.000000000000000000e+00
0.000000000000000000e+00
4.048126456268619222e-08
0.000000000000000000e+00
1.260577331407830570e-08
7.204480567679638625e-08
8.123939920778866508e-08
1.405112328711766168e-07
4.957227073276726514e-09
3.371919188310812387e-09
4.903027761571365772e-09
1.984371920116245747e-07
3.818341909322953143e-08
6.718736678124059836e-09
0.000000000000000000e+00
2.429359540201403433e-07
1.971850025483945501e-07
9.061665195986279286e-09
2.290375050506554544e-06
0.000000000000000000e+00
0.000000000000000000e+00
6.326652535193488802e-09
1.185762510402810221e-08
3.329123785533738555e-07
1.939000071615737397e-07
1.870294807915229285e-09
5.070925226391409524e-07
1.097224444635003238e-08
7.890515463238045868e-10
2.590530812085489742e-08
8.490648184533711174e-09
7.049766104216814711e-09
0.000000000000000000e+00
0.000000000000000000e+00
3.120297833447693847e-07
9.329546912795194658e-09
9.161520608813589206e-08
1.018551021303437665e-08
6.346735137441328334e-09
8.443127796908811433e-08
1.304712213823222555e-06
4.835881695086641230e-10
2.892565298395766149e-08
4.440753855305956677e-06
2.045625535629369551e-08
1.786478520671153092e-08
4.313373658249020082e-09
3.730656317202374339e-08
9.951067880820119171e-08
5.954662469775939826e-07
3.893302960022992920e-07
2.123193709735460288e-08
5.796759694476349978e-08
5.039174766352516599e-07
3.107906252353132004e-07
4.164770928127836669e-07
1.587391551538530621e-08
4.935011288509372207e-10
1.335763215593033237e-07
3.758668398745612649e-08
2.770880591640434432e-08
8.074144375314062927e-08
6.159050940368615557e-07
1.455812537187739508e-07
5.783504661849292461e-07
4.322373214904473571e-08
5.962200955167418215e-09
8.343104695995862130e-08
1.409492789150590397e-08
1.125558739545340359e-07
2.384393482657287677e-08
1.855824716123777307e-09
3.868873079682089156e-07
2.584854330578423287e-09
8.666289907921509439e-09
9.005745482681959402e-08
6.741457241332682315e-07
7.862612960707338061e-07
2.150734701444889652e-07
4.209447581615677336e-07
1.473646271676898323e-08
1.017991024809816736e-07
6.931590945669086068e-08
1.511341793047904503e-06
7.636749010941912275e-09
0.000000000000000000e+00
1.373466886889218586e-07
8.420683705878673209e-09
1.160743536843256152e-07
1.511211422666747239e-08
5.219269016976113562e-09
4.977724898935775855e-08
2.696543255353844870e-08
2.390145823483180720e-07
1.032019714131138244e-08
1.622251261323981453e-06
2.587735137282720643e-09
5.474837472263516247e-09
1.371265909710928099e-07
8.785025151780700980e-09
1.437657601854880340e-07
4.946555876017555420e-08
4.639140460671598021e-11
1.823326414296388975e-07
7.487130915251327679e-08
0.000000000000000000e+00
8.676710017141431308e-09
3.192193673839938128e-07
2.838250736658665119e-07
1.368306445925782100e-08
5.214475322645739652e-07
2.697294644582459711e-11
2.428708123503042771e-09
1.388834562021656893e-06
5.218117937744182200e-09
3.015825882357603405e-07
6.569707124981505331e-07
0.000000000000000000e+00
0.000000000000000000e+00
0.000000000000000000e+00
8.678714635834694491e-09
0.000000000000000000e+00
5.908072466809244361e-07
1.868757522061059717e-07
6.366697107296204194e-07
6.495980073850660119e-07
5.640312661370217029e-09
0.000000000000000000e+00
4.153895716285660455e-08
7.299852313735755160e-07
5.400963587476326211e-08
1.007496621241443790e-06
5.084835720481351018e-06
2.186562930717173003e-09
3.537423509669679333e-08
0.000000000000000000e+00
0.000000000000000000e+00
9.633882882553734817e-07
6.524656328110722825e-06
1.870811985327236471e-07
0.000000000000000000e+00
6.501335914066430632e-09
2.813214550201337261e-09
2.872351245741810999e-09
0.000000000000000000e+00
5.865369967494871162e-09
0.000000000000000000e+00
5.649901879678509431e-09
0.000000000000000000e+00
0.000000000000000000e+00
0.000000000000000000e+00
7.784589683978992980e-08
2.691539879862148155e-09
5.466868291392756873e-09
1.013297015739489382e-10
1.157958104403000732e-11
1.011419215046771569e-08
0.000000000000000000e+00
2.119372055631174590e-07
0.000000000000000000e+00
2.211619776204543086e-09
2.176785507401746145e-08
0.000000000000000000e+00
2.692629008649305433e-09
1.381883635076519568e-06
1.570309905218891799e-06
2.665076825891787848e-09
2.511247043646136490e-10
0.000000000000000000e+00
0.000000000000000000e+00
0.000000000000000000e+00
8.610448276158422232e-06
2.067108795245076180e-07
9.852967330914452759e-09
9.931500244420021772e-07
4.913444229259766871e-08
0.000000000000000000e+00
0.000000000000000000e+00
0.000000000000000000e+00
3.744464649457768246e-08
7.256721001880350741e-09
4.735115055609639967e-08
4.770560124711664685e-08
6.945034547456430118e-10
0.000000000000000000e+00
0.000000000000000000e+00
0.000000000000000000e+00
2.200146198561014899e-08
2.728045567224057777e-09
4.817828802572421409e-09
3.047623664542697952e-08
0.000000000000000000e+00
9.474499407247094496e-09
5.015165172039814934e-09
0.000000000000000000e+00
0.000000000000000000e+00
3.518566131788247731e-07
4.733948912871710490e-07
7.753386199738088180e-08
3.352071509254983539e-09
8.134648510349506978e-09
1.355908807454397902e-07
4.460212477130909292e-10
6.073926073213442578e-08
7.253164180376359127e-10
9.133210632228383474e-09
2.372420624396909261e-07
4.016924606276006671e-07
0.000000000000000000e+00
2.707977273530559614e-06
1.041344219743223221e-07
1.899818187212076737e-07
2.730720780164119788e-06
1.636039570485081640e-07
2.195316284314685618e-07
2.051833014604653727e-08
4.425872646152129164e-08
5.823854110076354118e-08
5.703242322852020152e-07
1.635570079372428154e-08
6.168590083177605266e-09
1.644202029638108797e-06
2.475560734183090972e-07
9.123241717645669269e-09
3.958531991088420909e-08
4.885013368038926274e-06
5.219422405389195774e-08
2.375967596890404820e-06
1.819958761473117193e-08
1.537420757813379169e-06
7.055426465285563609e-08
3.670857040560804307e-08
6.731143287197483005e-08
4.878186396495287624e-11
9.314330640108892112e-08
1.958689210823649773e-07
2.189285375209237827e-08
4.535748843181863776e-08
1.494565253779001068e-06
2.990651069012528751e-07
5.319218843169437605e-08
3.332343794681946747e-06
5.008999323763418943e-06
1.594398213455860969e-06
3.810249449287539392e-09
1.835921303872112276e-09
3.948846938328642864e-07
2.106679497515528965e-09
0.000000000000000000e+00
3.052005936865498370e-08
2.541682597723138315e-08
7.303358984245278407e-07
9.876289119858938648e-09
3.443800324021140113e-06
9.636868526285979897e-06
2.532689222789485939e-06
1.195756205163434061e-08
8.641485749194544042e-08
1.635552422385444515e-07
1.542121874642532475e-09
7.127844128262950107e-07
3.059859476906012787e-09
1.033271690431547540e-09
5.145118393556913361e-07
1.838709948742689448e-07
0.000000000000000000e+00
4.683010867978509850e-09
4.636898864873728598e-08
4.009223175671650097e-08
2.976292101664057554e-09
2.292241561008268036e-07
2.348998435763860471e-07
8.884763147420926543e-09
1.325334153534640791e-08
2.758318906614931620e-08
2.563851886350221321e-08
2.060191945929545909e-07
6.005303703204845078e-07
2.943455257309324224e-08
9.109802476814365946e-07
0.000000000000000000e+00
2.457484438167512053e-09
0.000000000000000000e+00
1.688269524180441294e-09
7.976103333362516423e-09
7.037575855406430492e-09
3.217896392015973106e-06
1.405381226504687220e-06
1.094202772833341442e-07
0.000000000000000000e+00
0.000000000000000000e+00
3.037264661998051452e-07
1.543428385097911359e-09
0.000000000000000000e+00
0.000000000000000000e+00
6.123657669832027750e-08
1.742397444104426540e-07
7.742519514408741088e-09
1.157185458566800662e-08
1.209764954879233301e-09
5.041391659688088112e-07
2.938913001848675322e-10
5.947277941231732257e-07
0.000000000000000000e+00
0.000000000000000000e+00
5.015570181399198191e-09
6.480572967149100805e-09
1.001768179520468038e-08
1.166352604775600099e-12
5.927481439016446529e-08
0.000000000000000000e+00
9.139729528762075006e-10
9.306259096675262299e-10
0.000000000000000000e+00
6.525453510874967833e-10
2.039980842027944163e-07
2.368500950922225456e-08
0.000000000000000000e+00
1.180870981443149503e-06
2.682293102906907478e-11
1.402535900751900044e-07
1.065443022696399566e-08
8.659626793416919099e-09
1.900811286148496038e-09
0.000000000000000000e+00
1.176447916861889098e-08
2.531474585509840836e-09
1.020849405009016664e-09
1.491759604732578737e-07
0.000000000000000000e+00
6.111077421877553206e-09
2.566223900046793460e-09
0.000000000000000000e+00
0.000000000000000000e+00
0.000000000000000000e+00
0.000000000000000000e+00
5.310580490913707763e-07
1.611632285403175047e-07
1.415551054151364951e-07
1.592182456988666672e-06
2.976993407344252773e-08
3.189229005329252686e-07
1.751704417074506637e-07
0.000000000000000000e+00
3.893992905901200174e-10
3.913480099981825333e-07
2.974076096506905742e-07
9.099866637996001373e-09
2.214638428199577902e-08
2.499510628695134073e-06
4.838177503074803099e-08
3.549277778347459389e-07
0.000000000000000000e+00
1.139581673470502210e-08
4.714244994374894304e-09
1.642815306013289955e-07
1.678703287488758633e-10
6.083355401642620564e-07
5.519289970834506676e-06
4.941064730701327790e-07
8.346136226577982598e-09
1.694544238262096769e-08
4.121156749192778079e-08
5.740369601880956907e-07
9.955763289326569065e-07
1.419417561265845507e-08
2.071320523100439459e-06
1.002965109364595264e-05
3.277220059771934757e-07
1.083885905472925515e-07
1.510436163698614109e-06
9.532535649725559779e-09
0.000000000000000000e+00
4.528669705905485898e-07
1.585396205427969107e-07
7.451360062304956955e-08
8.470920853653751692e-09
1.416691191025165608e-07
4.286736725589435082e-07
0.000000000000000000e+00
1.827842766033427324e-07
4.380291613870213041e-07
1.237363221662235446e-06
9.697585483081638813e-06
2.798468301534740021e-08
7.525601120050851023e-08
5.115864620819365882e-09
7.184822070627205903e-09
1.243086522606517974e-08
6.416807085685150014e-09
1.139404837147139915e-08
0.000000000000000000e+00
3.496214873166536563e-09
1.200039037030364852e-06
0.000000000000000000e+00
5.908390665609886128e-09
5.011843384750136465e-08
1.188592477774363942e-06
1.440600527757851523e-07
2.397765229034121148e-06
6.159641685599126504e-08
4.711440126925481309e-08
4.332270364670876006e-08
0.000000000000000000e+00
7.440986848905595252e-08
4.781491469429965946e-08
0.000000000000000000e+00
8.015372254810415598e-10
3.898046468941984699e-11
0.000000000000000000e+00
9.240523723974547465e-08
8.060273337662238191e-09
0.000000000000000000e+00
1.738721380206698086e-07
1.250157311005750671e-08
3.250255247166933259e-07
1.395028590422953130e-07
0.000000000000000000e+00
1.686830728431232274e-07
0.000000000000000000e+00
2.628320339148615403e-10
0.000000000000000000e+00
3.109973647497099591e-07
2.927684477072034497e-07
2.428281353772376860e-09
4.680561573877639603e-07
1.245603842292553054e-09
5.160655902614053048e-08
0.000000000000000000e+00
2.100031224472331814e-07
1.238218505505983558e-08
0.000000000000000000e+00
5.069290764936340565e-09
9.229993480630582781e-08
0.000000000000000000e+00
1.113478087511055037e-09
2.072034765987496030e-09
1.857373699287734325e-10
1.356055179257964483e-07
6.459177637196944488e-09
0.000000000000000000e+00
1.469037442802800797e-07
4.202830861110840033e-10
0.000000000000000000e+00
0.000000000000000000e+00
8.984804367173637729e-08
3.541438031717802914e-09
3.752348209928868528e-09
1.551729944537783012e-08
1.228078261306109198e-08
0.000000000000000000e+00
0.000000000000000000e+00
7.782834821057349473e-09
1.066189497578307055e-06
0.000000000000000000e+00
0.000000000000000000e+00
1.874526089906680681e-09
0.000000000000000000e+00
0.000000000000000000e+00
0.000000000000000000e+00
0.000000000000000000e+00
5.385343371244744048e-08
3.542805382394931257e-09
3.923725788723686492e-09
3.708951723524478439e-08
2.115668085167499157e-09
9.578429605028304650e-09
9.641186515807476098e-09
3.474221577093317137e-09
1.035518835124094039e-06
0.000000000000000000e+00
1.246350279870966915e-06
4.328243541351639578e-09
0.000000000000000000e+00
7.136467274904134683e-07
3.031188910984639051e-10
1.141739645049710816e-07
9.279235713144373676e-10
2.983883362617234525e-09
0.000000000000000000e+00
8.277803331679933763e-09
3.420859595593128688e-09
0.000000000000000000e+00
1.871940824571538542e-09
8.941480587054684293e-07
1.018365765048656613e-07
0.000000000000000000e+00
2.489603723176969652e-08
9.817132662348626582e-10
3.901924628735287115e-06
1.083781420163631992e-08
1.550483652579259797e-08
1.395789350766563075e-08
0.000000000000000000e+00
1.190440190868002901e-08
3.477712284816192323e-10
2.818123903125524521e-07
2.916335972713568481e-07
8.583568842368549667e-07
3.814895080722635612e-06
1.189720890693024558e-07
4.119314264694473593e-11
9.729880012798730604e-09
0.000000000000000000e+00
1.591745046880532755e-08
1.705991969913611683e-08
1.012114694276533555e-07
5.270701990411907900e-07
1.335315573669504374e-07
3.221019451160600511e-09
1.167703356230731515e-08
7.631957998910365859e-08
5.471946451507392339e-09
5.631401123196155822e-08
3.794234260112716584e-08
1.107595171134789780e-08
5.529018665129115107e-08
3.353709532305515495e-09
3.643415524834381358e-08
5.891789833789573549e-10
6.077523266867501661e-07
4.711526457867876161e-08
2.781954400177255593e-08
1.310722723246726673e-06
1.056250411579640058e-07
2.200304834332200699e-06
1.632176349630753975e-07
6.213752357098201173e-08
7.199543574643030297e-07
1.310839081725134747e-07
4.006952849522349425e-07
6.229118412193201948e-07
2.220890422677257448e-07
7.906755250530750345e-09
2.662632425654010149e-08
6.424660909942758735e-07
1.287351238943301723e-07
2.604453584353905171e-06
6.375025805027689785e-07
2.450800025144417305e-07
5.398270275236427551e-08
3.146682843180315103e-07
2.231216811310332560e-08
6.956967126825475134e-07
7.175741334464191823e-09
0.000000000000000000e+00
3.278365134917748946e-09
6.935805885177614982e-08
7.578797145413318503e-09
6.079722680851773475e-08
8.588026290112793504e-09
1.109005651755978761e-07
1.288190816239875858e-07
2.695812684194720532e-09
7.619116004775605688e-09
1.752168721225189074e-08
1.590825959851827065e-08
0.000000000000000000e+00
2.661404874260142606e-09
1.362166557328237104e-07
4.709355039267393295e-07
4.008201059946259193e-08
5.178036417419207282e-07
1.921647951874660976e-09
3.041488616517540322e-09
3.697485373432840561e-10
1.941555582973819583e-09
5.365249933220184175e-08
9.144491830426204615e-10
7.334442386763839750e-08
0.000000000000000000e+00
1.469167010270666651e-08
0.000000000000000000e+00
9.616546670088155224e-09
4.421824684186503873e-09
0.000000000000000000e+00
2.749935279489079676e-10
5.069621238362742588e-07
1.820392867557529826e-07
4.559734989584285358e-08
6.734813240427683922e-08
1.151435946589174364e-09
0.000000000000000000e+00
5.256851204338275352e-11
5.922508080402621999e-06
4.485438864776369883e-08
4.105981776802991590e-09
7.069812513194051462e-10
0.000000000000000000e+00
1.368548718794215802e-09
2.213507155346405852e-09
0.000000000000000000e+00
2.105371805782851879e-07
6.764585336327400000e-09
7.283296632465408038e-09
9.375341392114933114e-09
2.521597819438170518e-09
2.589688463672246144e-09
2.474668248098055301e-09
1.597568825673079118e-06
2.206812510507916159e-09
0.000000000000000000e+00
4.174440515480881686e-10
0.000000000000000000e+00
0.000000000000000000e+00
1.473061530532504548e-07
0.000000000000000000e+00
6.854332657013628705e-10
5.552470705438850018e-10
0.000000000000000000e+00
3.842110185559022284e-09
2.343650074010383833e-08
6.869664730402291752e-07
7.575284149963223967e-11
0.000000000000000000e+00
5.032176897401541282e-10
0.000000000000000000e+00
1.043881248108391446e-08
7.119692835289015420e-09
0.000000000000000000e+00
1.900988699787831138e-08
0.000000000000000000e+00
0.000000000000000000e+00
4.615814219732783386e-08
9.787427757146360818e-09
0.000000000000000000e+00
5.084540134703274816e-06
4.203749792708322275e-09
1.432043905680302487e-08
2.659246831626660423e-07
8.309913646087352390e-09
3.211832466654129803e-10
3.448931806815380696e-07
7.596869636472547427e-06
7.252687339587282622e-10
2.329122494870716764e-08
9.792115729378991773e-11
2.002568777470514760e-07
0.000000000000000000e+00
3.243791724116817932e-08
1.618922063073569007e-08
2.350476702162040965e-09
9.584554261365951788e-10
0.000000000000000000e+00
0.000000000000000000e+00
2.057795427390374243e-07
0.000000000000000000e+00
1.568992491485232676e-09
2.491676864835312699e-09
6.088632265033311342e-09
1.054788167920150954e-08
6.925626649945115787e-08
3.721302022086092620e-08
1.874210084906735574e-07
1.613729381233497406e-07
8.511581738902818106e-13
2.765997673959130765e-11
6.122035500766287441e-08
1.657141801558736915e-08
0.000000000000000000e+00
1.465060108785110060e-07
5.275211822919345650e-09
4.886168802897827845e-09
0.000000000000000000e+00
8.726934730418633990e-09
0.000000000000000000e+00
2.854335434676613659e-07
7.545644109541171929e-09
5.908821663069829810e-07
1.941159268881165190e-07
1.631005730473589210e-08
3.438603926042560488e-07
4.168853422470419900e-07
5.859084950543547166e-08
4.078488473169272766e-06
2.707954536163015291e-07
1.128163589214636886e-07
1.830237579270033166e-07
0.000000000000000000e+00
5.571487804445496295e-07
8.538695794868544908e-08
4.364387962141336175e-08
3.036855389382253634e-08
3.899579326116509037e-08
4.324111557707510656e-07
3.072728418374026660e-07
1.409556915632492746e-07
3.366523726455739052e-10
1.560361440056112770e-08
3.608880092542676721e-07
4.443705847734236158e-07
1.776247948725995229e-08
2.314695620952988975e-06
5.503658258021459915e-07
1.566893459425955371e-08
2.333249113917190698e-07
4.838645509153138846e-06
8.519342742374647059e-08
1.040311872202437371e-07
3.754050403870223818e-09
1.890570757723253337e-07
2.425043499343360054e-09
1.544763605920707050e-08
3.624675670721444476e-08
1.451994364742859034e-07
1.249961290028522853e-08
8.075406121577088925e-09
9.831603620114037767e-07
1.589270937074616086e-08
9.934557343438399357e-11
1.228857655632964452e-07
1.019235718047184491e-08
4.671390797739150003e-06
2.443760195092181675e-06
1.917193293010654997e-09
2.232189899586956017e-08
9.298791181500121183e-10
2.802973497750826937e-08
1.608794519825096359e-08
1.166918508488379302e-07
3.272949243182665668e-06
2.964467782362589787e-08
8.485936575652885949e-08
1.780528835482186878e-09
0.000000000000000000e+00
9.311828641500596859e-09
5.924134516277490548e-09
1.048789499691338278e-08
5.933941782387819330e-09
0.000000000000000000e+00
2.414208744028201181e-08
3.761415179326377256e-09
1.938861959871474028e-09
5.410382186710194219e-08
4.072613535299751675e-08
1.795500459422783024e-08
2.856532510531195612e-10
2.019708517764229327e-06
1.173843866553170301e-08
6.723493584104289766e-08
6.348845005277325981e-08
0.000000000000000000e+00
5.887215479560836684e-07
3.354438149472116493e-07
6.678178721131189377e-08
6.083867631900830020e-09
8.939689905673731118e-06
4.235334749580488278e-09
4.114287222023449431e-08
1.119524739578992012e-08
1.355480883091786382e-08
9.619662705295795035e-11
5.724090215153410099e-07
7.854554784358924735e-10
5.606607178521016976e-09
1.539618571522183288e-10
3.051666253028884057e-09
0.000000000000000000e+00
6.858198897674583350e-09
2.172965423596906476e-06
6.293639498444747460e-10
8.156668229730712483e-09
5.226588939422072144e-08
1.270148430876361090e-07
0.000000000000000000e+00
2.483731620372964244e-08
4.561372980715905356e-13
3.498201550655721803e-08
9.285786717327937367e-08
9.912836773651179101e-09
0.000000000000000000e+00
0.000000000000000000e+00
1.996829723793780431e-07
6.334947784125688486e-07
2.312287250560984830e-08
4.444940415737619333e-09
4.605540127045060217e-08
0.000000000000000000e+00
0.000000000000000000e+00
4.501611972074215373e-09
0.000000000000000000e+00
4.074263149078660717e-09
0.000000000000000000e+00
0.000000000000000000e+00
9.096946307352027361e-09
0.000000000000000000e+00
0.000000000000000000e+00
5.406238651195494072e-11
9.428761771346216847e-09
0.000000000000000000e+00
1.258436688189590313e-09
5.588508145137893734e-08
1.781233049946706615e-09
1.782425873564363883e-09
8.891088043583295075e-08
3.466786191452797539e-09
2.551737736666837009e-07
1.256115922387834871e-07
3.205760545910152359e-09
8.010586327600321965e-08
2.860261361092852894e-07
3.849528127375378972e-07
1.646970702040562173e-07
3.443656737545097712e-08
1.365706103761965551e-09
4.831966493590300615e-10
2.858508594272279879e-07
1.678816308192665474e-09
1.802820226437518158e-09
7.462868545360379358e-09
1.390591863881240897e-09
3.679070559314823186e-08
1.183113190750262333e-10
4.154036048475973075e-07
2.082684957827041217e-08
5.533810742974765162e-09
1.292920188689095085e-07
5.527260871218686589e-09
6.323772936411842238e-07
1.669112776880865567e-07
2.856416214669366127e-09
8.401490614318163352e-10
5.700854899259866215e-09
2.357972448407963384e-07
3.165036162044998491e-07
3.146506969642359763e-06
3.658918217297468800e-07
2.094256856821630208e-08
3.750210098019124416e-08
6.452740990425809287e-07
8.465961265358146193e-09
3.336100007800268941e-06
7.798109891155036166e-08
2.318296083103632554e-06
6.783756223427417353e-09
1.366190929275035160e-07
1.196952137405560279e-08
4.917793727798880354e-09
5.411103032315622841e-08
8.072335688780185592e-09
5.320246643236714590e-08
4.508167350536496087e-08
5.133935587764426600e-07
2.917886487985299482e-10
6.903798421831197629e-09
6.861694146209629253e-07
3.845655669465486426e-07
3.245898827497484262e-10
1.338017199259411427e-07
2.302189550107414107e-10
1.450403601666039322e-06
4.312173018661269452e-07
1.004951514005369972e-06
2.624786361593578476e-07
3.804152370889823942e-08
3.432675299563925364e-08
3.790467939523978202e-09
5.604690045402094256e-08
3.356063018600252690e-07
7.529389556282239937e-09
1.544047734114428749e-07
5.614326141767378431e-07
1.115964005232727985e-11
6.890024906169855967e-07
2.165602239756481140e-07
2.043239391014139983e-07
0.000000000000000000e+00
0.000000000000000000e+00
6.860742196579394658e-09
5.485474741107054797e-09
2.289166722846402990e-08
2.223111472687833157e-08
0.000000000000000000e+00
1.020926916339703894e-07
5.751223941530270167e-09
6.475009683981625130e-08
6.894582043059926946e-07
9.121825428337615449e-08
1.056216780703778113e-09
2.076909026982320938e-07
5.713125119655160233e-07
1.969433895965266856e-07
0.000000000000000000e+00
1.648531727793667301e-10
1.337020648861653171e-06
4.603408498837779916e-08
3.720159895692631835e-07
3.296669603969348827e-09
0.000000000000000000e+00
3.703250595066265305e-09
3.687598137958048028e-08
5.809206449214343593e-09
2.462745785081210670e-09
2.975583557329741780e-09
4.037528071876295144e-07
9.867572003940949799e-08
9.960234592654160224e-07
1.391517656657015323e-08
1.864097143311482796e-08
0.000000000000000000e+00
4.849312951193951449e-09
9.262787159514118684e-08
1.967749016030043152e-14
6.822590421506902203e-07
4.062108928337693214e-06
2.514650532248197123e-07
1.094558221836905432e-09
1.019171463667589705e-06
4.515624141276930459e-08
2.521273745337282435e-10
1.000787896998645010e-08
3.653243707546494079e-09
1.151846881763951558e-10
3.279173876880037142e-10
7.127797374550937093e-08
5.175543993374276397e-09
4.214983562178531429e-08
0.000000000000000000e+00
0.000000000000000000e+00
0.000000000000000000e+00
3.306232443378576136e-08
0.000000000000000000e+00
3.798655556774832576e-10
1.744483169030530689e-10
0.000000000000000000e+00
0.000000000000000000e+00
5.795921538265247364e-07
0.000000000000000000e+00
3.888765576220976072e-08
7.195452678132596702e-09
0.000000000000000000e+00
0.000000000000000000e+00
0.000000000000000000e+00
0.000000000000000000e+00
0.000000000000000000e+00
1.615861862092060619e-07
7.304238103245097591e-09
9.597099781544216057e-10
6.246324346648179926e-09
6.541545083393884852e-12
3.469121878652003943e-08
1.081330358587706542e-09
3.253822171700448962e-07
2.815312982740181269e-10
7.409465041519069928e-09
1.422804530193388928e-06
4.754348879032477271e-07
1.014037138702406082e-07
9.931896416404129013e-10
1.527615367535872792e-09
8.296887621384030354e-09
0.000000000000000000e+00
3.009696047939769414e-09
1.705762002757182927e-07
6.191604740024558851e-08
4.880570259047090076e-07
0.000000000000000000e+00
2.391924347477925039e-08
0.000000000000000000e+00
3.602799392155020541e-09
2.164942543458892033e-06
1.190733556200029852e-08
3.119406399854085521e-10
3.311703267172561027e-07
1.285694111174962018e-07
5.118661938752211427e-09
1.123436121908127916e-09
0.000000000000000000e+00
4.013530485735827824e-08
2.538381060901429009e-08
2.055305081682945456e-08
0.000000000000000000e+00
0.000000000000000000e+00
3.221104407202801667e-06
4.433676981108192194e-09
7.235519294823689052e-09
3.594793440697685583e-07
6.667375984648060694e-09
2.238127194686967414e-08
1.529082105378165579e-08
2.263590346274213516e-07
1.221224721348335152e-07
1.547290935377532151e-06
1.049471961778181139e-06
1.672721737122628838e-06
3.513336821470147697e-07
4.072940953392389929e-07
8.984029875591659220e-08
7.647751876227459888e-10
9.179260018754575867e-08
1.407856498047976856e-08
6.670598509117553476e-07
1.124966161114571150e-06
1.968042937505742884e-07
5.515320822269131895e-07
3.093760767569619929e-07
2.799285311994026415e-06
1.901720780850268966e-09
3.242598950237152167e-06
5.169998757992289029e-07
3.180232397426152602e-07
7.411790647893212736e-07
4.536673259281087667e-06
4.947214549133605033e-08
1.975070290427538566e-06
2.988730096742386877e-10
3.179596030911113758e-10
1.339727077720453963e-06
5.163747687220165972e-07
2.641124297042551916e-07
9.998656347320888926e-10
3.576477425326629600e-08
1.196578551798666012e-07
1.745421059240470640e-06
4.079079189978074282e-06
9.311175119819381507e-08
5.382456151892256457e-07
1.008150078973812924e-07
1.328143461876152287e-08
8.683388585950524430e-08
3.683520901631709421e-07
6.968949151087144855e-08
3.935519998776726425e-07
1.942487841688489425e-07
7.960357351066704723e-08
6.553607079240464373e-08
8.627357317436690209e-08
1.264472171413899559e-08
1.000758160785153450e-07
3.535899622875149362e-06
1.173011909827437194e-08
2.553087199430592591e-07
4.376558990770718083e-06
0.000000000000000000e+00
8.499977752762788441e-07
1.083411689251079224e-06
1.496078709806170082e-07
7.819328970981587190e-07
9.250680221839502337e-08
7.673229163174255518e-08
1.614074651712371633e-09
2.199462443286392954e-07
4.749321824704111350e-09
1.961049278520476946e-08
0.000000000000000000e+00
2.952208033590864034e-09
1.043646946641274553e-08
3.811146243037910608e-08
2.457428252000681823e-07
2.048118119546415983e-08
1.592946659911831375e-06
5.412099213231158501e-09
2.517835895332609653e-08
2.110938339683343656e-07
1.380330960643050275e-08
0.000000000000000000e+00
6.117133022343068660e-09
2.394498821445267822e-09
0.000000000000000000e+00
3.259952663370313530e-08
1.020222217817945420e-08
5.098999054098385386e-07
1.861261977875727780e-10
1.411255425409763120e-06
2.472298277211848472e-08
0.000000000000000000e+00
5.471748565355483152e-08
0.000000000000000000e+00
0.000000000000000000e+00
0.000000000000000000e+00
0.000000000000000000e+00
3.168148339227627730e-07
0.000000000000000000e+00
1.137334493250818923e-06
6.748023224645294249e-06
0.000000000000000000e+00
1.262239024413247535e-08
3.294466353054303909e-07
1.767946997688341071e-07
1.303006147423957373e-08
0.000000000000000000e+00
0.000000000000000000e+00
2.742674976019543465e-10
8.430582454366231104e-09
0.000000000000000000e+00
0.000000000000000000e+00
1.644281377721767967e-09
7.798138135228782630e-09
7.619618713761155959e-09
6.939445462705862155e-09
6.028190835394298119e-09
1.037995689401327581e-09
8.572385468141874298e-08
3.074076826425908848e-10
2.810105037553967122e-09
0.000000000000000000e+00
2.823190925482776947e-06
8.262240953627042472e-07
8.177764243555429857e-09
2.381031265485944459e-07
7.232109055621549487e-06
1.727934204609482549e-06
6.522734707914423780e-08
5.448498185955941153e-08
3.712257612420444275e-09
5.015312964928853035e-08
7.947195626911707222e-06
2.221916929556755349e-06
5.977015916869277135e-06
2.518556357244960964e-06
4.744470061268657446e-06
8.831329978420399129e-07
5.513764335773885250e-06
2.739656565609038807e-06
2.783901209113537334e-06
1.150272396444051992e-06
2.496912884453195147e-06
1.383984567837615032e-06
4.558787622954696417e-06
5.234672244114335626e-06
2.119514192600036040e-06
2.996724788317806087e-06
2.059857706626644358e-06
1.114640440391667653e-06
1.913975665956968442e-06
7.594019280077191070e-07
7.612598551531846169e-07
4.140651412853912916e-07
2.759426251941476949e-06
5.218231535764061846e-07
9.955558653018670157e-07
1.284911036236735526e-06
3.144027402868232457e-07
5.477070772030856460e-06
1.012550399082101649e-08
2.994212593421252677e-07
2.441008973619318567e-06
2.862107749024289660e-06
2.935513066404382698e-06
3.482291504042223096e-07
3.465097734078881331e-06
2.534412487875670195e-06
7.361910547842853703e-08
6.673054144812340382e-07
2.260258270325721242e-06
1.127963400904263835e-06
4.291362358799233334e-07
2.202129962824983522e-06
8.414299941250646953e-07
3.468710247034323402e-06
1.267482275579823181e-05
1.871828089861082844e-06
8.177190466085448861e-06
7.350144642259692773e-06
6.940699677215889096e-06
2.596296326373703778e-06
7.675998290324059781e-07
5.461589012156764511e-07
1.935389263962861151e-06
1.172266053117709816e-07
8.044264177442528307e-06
