5.948523096321878256e-08
2.310761828994145617e-06
4.601264663506299257e-06
2.334037617401918396e-06
4.669058029094230733e-08
4.579222604661481455e-06
5.373909971240209416e-06
3.904246568708913401e-06
8.711544410289207008e-07
2.579542297098669223e-06
4.131290722853009356e-07
2.532659891585353762e-06
6.912080607435200363e-06
4.970858299202518538e-06
6.618257941681804368e-09
2.587407607279601507e-06
8.183954491869371850e-07
4.595087830239208415e-06
1.220326612383360043e-05
1.562024522172578145e-06
6.220415798452449962e-06
1.432634689990663901e-06
5.025517566537018865e-06
3.555754574335878715e-06
1.789948811392605421e-07
2.869612217182293534e-05
7.497013712054467760e-07
3.072298113693250343e-06
5.144274837221018970e-06
8.909945790946949273e-06
7.845299478503875434e-06
8.706090738996863365e-06
2.562614554335596040e-06
3.229108870073105209e-06
3.260750418121460825e-06
1.773705889718257822e-06
6.464983925980050117e-07
4.062544576299842447e-06
2.883824208765872754e-06
3.941448085242882371e-06
2.921315854109707288e-06
5.074374712421558797e-06
1.017970021166547667e-06
3.293606368970358744e-06
8.922855158743914217e-06
4.123353676277474733e-07
8.399246326007414609e-06
1.566400214869645424e-06
4.503271156863775104e-06
1.681515371387831692e-08
1.235439140145899728e-05
1.687892836343962699e-05
1.958859138539992273e-05
6.100388418417423964e-06
6.217243026185315102e-06
3.665393478513578884e-06
4.375755452201701701e-05
7.810924671503016725e-07
1.865937406364537310e-06
9.876898729999084026e-07
3.273871698183938861e-06
2.133223006239859387e-06
1.849488216976169497e-05
6.114330517448252067e-06
1.455226538382703438e-06
7.704091331106610596e-06
6.923498403921257704e-06
1.350628645013784990e-05
2.217418341388111003e-06
1.004697764983575325e-06
5.397021141106961295e-06
3.565481392797664739e-06
2.894875450465406175e-08
9.295249014940054622e-07
2.573664460214786232e-06
4.929041551804402843e-06
4.203720436635194346e-06
3.220768348910496570e-06
5.501221039594383910e-06
4.403128514240961522e-06
3.927496891265036538e-06
1.382420941808959469e-05
1.027616508508799598e-05
7.506396393353043095e-09
4.755659119837218896e-06
2.510475951567059383e-06
4.852989150094799697e-06
4.490711035032290965e-06
9.124624398282321636e-07
3.580111069823033176e-06
3.132110805381671526e-06
2.605323970783501863e-06
6.929677056177752092e-06
8.075710411503678188e-07
3.198028207407332957e-05
1.822319791244808584e-05
2.420479461306968005e-07
9.119630135501211043e-07
9.010186090563365724e-07
1.667575588726322167e-06
1.093917489924933761e-05
9.417339583706052508e-07
3.102840295809983218e-08
1.240820529346819967e-05
1.242864922090802793e-08
9.409052950104523916e-07
9.629601116500907665e-09
2.878114401028142311e-06
1.058985255042443896e-08
6.952231501600181218e-07
1.368170501336862799e-06
1.180158761826533009e-07
4.225444527605759504e-08
4.166848611930618063e-06
3.478872967477286693e-09
9.007040091546514304e-08
1.925747255882015452e-06
3.594517920646467246e-06
4.318431390260002445e-09
1.357100103405173286e-07
2.658352116213791305e-07
2.933631293444705079e-08
2.603379201104871754e-08
8.720297017816847074e-08
2.372973085584817454e-06
3.153562602165038697e-07
2.166480328469333472e-08
2.457855089232907631e-06
4.048474977480509551e-08
1.644481926632579416e-06
1.036255810049624415e-07
4.113453542231582105e-07
8.750338054142048350e-08
8.061489893407269847e-07
0.000000000000000000e+00
1.847748876571131404e-06
2.332529192017318564e-07
2.031397627888509305e-08
1.269024210159841459e-07
3.137478870485210791e-06
1.384455572406295687e-06
1.602780628218170023e-07
2.829920120461792976e-08
3.657248726085526869e-08
9.736662832438014448e-06
1.520731188975332770e-06
2.238144389821172808e-07
5.722296918975189328e-06
7.325805029267939972e-08
2.288458844645901991e-08
1.942647713804035448e-06
5.512876214197603986e-06
2.869685822304290923e-09
9.061036507773678750e-06
1.659912562956833426e-08
1.673489791187421361e-09
1.266296667523647557e-08
1.405789248565270100e-06
6.482596148771335720e-08
8.209063651065662270e-08
0.000000000000000000e+00
1.974607073407241842e-07
7.600901312798669096e-07
1.394702280776982661e-06
1.728768239672717755e-07
6.843944522216816040e-09
6.394748197635635734e-06
2.239543874793525902e-07
1.764643897672613093e-08
2.595016439954633825e-06
2.575038990926259430e-07
3.347990329416461464e-08
2.199254822699003853e-08
2.385873720811559906e-08
1.926675885499662400e-08
1.453921925076429034e-07
1.676557417340518441e-06
3.135824044875334948e-08
8.536934359426595620e-08
1.362458164066993049e-07
2.968254193547181785e-06
2.164285833883283772e-10
5.122834778603646555e-08
1.060944487818460402e-08
3.670738024652564491e-08
8.511102578268037178e-07
6.691229373245732859e-06
1.902252790841885144e-07
7.894597864321895031e-09
6.636518605773744639e-07
3.779689805583075213e-08
1.125941437862820749e-07
3.481776289504523447e-08
8.951459307127151988e-08
5.889718522666953504e-06
2.855215619490536483e-08
5.596014034381369129e-06
6.251642844290472567e-06
1.799155171511301887e-07
3.417538607664027950e-08
4.517440288509533275e-08
1.936163016580394469e-06
7.009251135059457738e-07
2.430639653994148830e-07
2.688124745020559203e-08
2.280290942735518911e-07
1.376397733565681847e-07
4.350820148601997062e-08
7.409653903778234962e-07
2.173622306145261973e-06
9.287766666865593379e-10
5.045081713506149867e-11
7.940756940882920389e-10
8.081980922725051641e-06
6.398853713562857592e-08
4.227581030136207119e-06
1.799382403078197967e-06
3.781307214012485929e-07
1.337888306807144545e-06
3.667248051897331607e-07
1.592766807334555779e-07
1.104423245124053210e-05
7.274186941685911734e-07
5.718049678193892760e-08
6.442229416592226698e-09
7.599793683255029464e-09
3.186339370131463511e-07
9.516975296719465405e-08
2.555013622895785375e-08
2.734374220381141640e-07
1.801293336711751181e-07
1.067702442014706321e-07
2.274854971062723052e-08
4.672485953705063366e-09
6.562723342540266458e-08
7.078894359580090168e-09
6.393440088459101389e-08
2.418047415631008334e-06
8.020610842152109399e-09
2.922229782598151360e-07
2.387193198671866412e-08
1.187601768037893635e-07
4.313941204259208462e-08
5.152234194838456460e-08
6.509679906230303459e-08
1.143701666705965181e-07
3.904193306425440824e-07
2.991786374195726239e-08
2.574959580670110881e-06
4.327158187322766025e-09
5.063432126917177811e-06
1.221772976123247645e-07
6.071799418805312598e-08
3.094305967010768654e-08
8.312953468703199178e-06
1.947972755322879834e-10
0.000000000000000000e+00
3.075509539485210553e-06
3.704373197077615032e-10
1.334206132241888554e-07
9.996374217280390440e-08
1.254751058610281689e-08
0.000000000000000000e+00
1.972868446387110453e-08
3.374925086063740309e-07
1.191154638036096003e-06
4.704372429387149168e-07
3.915713477908866480e-07
1.080513598594734503e-07
0.000000000000000000e+00
0.000000000000000000e+00
2.078089256229986859e-09
2.649149877242962248e-08
0.000000000000000000e+00
0.000000000000000000e+00
0.000000000000000000e+00
1.713080564513802528e-06
2.985029368574032560e-06
0.000000000000000000e+00
1.570686247731600815e-09
1.403598570703934456e-09
1.485367704390228027e-07
0.000000000000000000e+00
7.895467319940507878e-07
1.972974814634653740e-06
4.112187568239278335e-08
5.409621639529405002e-10
1.112937511038580851e-07
1.050114395440004955e-08
0.000000000000000000e+00
1.936701323757006321e-07
6.060282089492829982e-07
2.405303575869766064e-06
2.826218548079850734e-08
3.500864664829350659e-08
6.712401745545548692e-10
6.803195446991594508e-07
5.269721441436558962e-06
6.162848080748517532e-07
2.971043386423843913e-06
1.760771368708446971e-07
8.049240136642765719e-07
2.469860191922634840e-06
3.320027417430537753e-07
4.181789847734762589e-07
6.449293543653311644e-09
5.115708972880383953e-06
2.858717174092362256e-08
8.682160768103130977e-08
9.730440524435834959e-07
1.571907404240846517e-08
0.000000000000000000e+00
1.293002185320801800e-07
5.773117095486668404e-08
4.690984667377051665e-07
0.000000000000000000e+00
0.000000000000000000e+00
3.991429196048557060e-07
4.473990600217803149e-07
8.808783036329259630e-09
8.093275383203035744e-09
0.000000000000000000e+00
4.007608367828652263e-06
7.588281647485928261e-08
6.087701649448717944e-07
3.333753051393273381e-09
1.899253909698472853e-08
5.613225440015412460e-08
0.000000000000000000e+00
0.000000000000000000e+00
0.000000000000000000e+00
7.180818784036091529e-07
0.000000000000000000e+00
2.324141945564406342e-07
1.639509150663798209e-07
0.000000000000000000e+00
0.000000000000000000e+00
0.000000000000000000e+00
0.000000000000000000e+00
3.793627740833471762e-07
0.000000000000000000e+00
6.575463284974603084e-09
9.921824783987176488e-08
5.741202002695899864e-08
0.000000000000000000e+00
3.743410470491426167e-09
4.003837148047750816e-06
0.000000000000000000e+00
0.000000000000000000e+00
1.372008551214776162e-08
0.000000000000000000e+00
1.927788817468467641e-09
1.267955781258933712e-06
1.446695478080073372e-06
1.279121919495196380e-09
0.000000000000000000e+00
2.707730118345352821e-06
4.150942700675841479e-09
2.146825117677053640e-08
0.000000000000000000e+00
3.454232455624151044e-06
9.904642439551025745e-09
2.979393975977018272e-08
4.244343210224599261e-10
1.294124444939370733e-06
1.028802074642953812e-07
5.919818590882641729e-08
3.583718921618128661e-08
7.173244220837204921e-09
1.844041541687602148e-08
1.736127508422669052e-08
1.508832703223106364e-08
7.625529541144260293e-09
1.211853714266908355e-06
6.823809517442214201e-09
3.447204832696115773e-08
2.278717232684357441e-07
3.024253558692180377e-08
2.076015164220734732e-07
4.915618774248287082e-06
1.746716066008957569e-06
2.119538294209633023e-06
1.981805326067842543e-06
1.589946285740495568e-09
1.799042337324863183e-07
3.277904454535018886e-07
4.225047867123521428e-09
6.509983450087020174e-07
1.732038640511746053e-06
5.920331780373544461e-09
4.818513232862642326e-08
8.563470998979028082e-08
2.609040734569134656e-07
2.096614366564608645e-07
1.665123136262991466e-06
2.766250304375716951e-07
1.014698813861514282e-08
1.586587305979492157e-09
1.052675099866284825e-10
1.047551904775900766e-06
1.371473490330288314e-09
1.013310452435689513e-06
1.742697577356011607e-07
0.000000000000000000e+00
9.807676892847894123e-10
0.000000000000000000e+00
5.750203424526034723e-09
3.251997426900743449e-08
7.915267588032293133e-07
5.076198021924938075e-07
1.217051526225532143e-08
0.000000000000000000e+00
0.000000000000000000e+00
1.973303824343020096e-06
0.000000000000000000e+00
1.535075568881438812e-07
7.968281146020217420e-09
2.267284360257804110e-09
1.325882781344489558e-08
5.762034049894282361e-08
2.045091207492077956e-07
6.535841379218254588e-08
1.793143744599490219e-09
5.642802847205530270e-08
0.000000000000000000e+00
1.008909622512987880e-09
0.000000000000000000e+00
6.280583608742063007e-09
0.000000000000000000e+00
1.094246648847274628e-08
4.059020852764660958e-07
1.068442543328274041e-05
1.250891301651790855e-08
9.583279947378287034e-09
0.000000000000000000e+00
3.386774096725275740e-06
0.000000000000000000e+00
5.106628719886430190e-08
5.091896237985338303e-09
4.817065857309899002e-08
1.340206239319741144e-07
0.000000000000000000e+00
1.443140376977680717e-06
0.000000000000000000e+00
0.000000000000000000e+00
1.026383977809075532e-09
1.869253862807340738e-09
2.136525623086527048e-09
2.510394097043899819e-06
5.565155333897564560e-06
0.000000000000000000e+00
6.284667453115844182e-09
2.141481089679153627e-11
9.237647873305832036e-07
7.246850373121560551e-07
0.000000000000000000e+00
1.784877246002736229e-09
0.000000000000000000e+00
1.450606967878798059e-09
5.713009159080684185e-06
1.368682319480285514e-06
3.622071176323515829e-08
3.136335919862176524e-07
0.000000000000000000e+00
6.258382256874028826e-09
5.203830255595676135e-08
2.058536807680866332e-08
1.315030999649025034e-07
1.084491145775245968e-06
9.754334229228334152e-08
6.870863877850297285e-09
6.411350739199406235e-08
2.470163508405676112e-06
4.701173281773662893e-07
1.606514388186042197e-06
1.755434198003058555e-08
6.120826512301391631e-09
2.903137783505371772e-07
1.923739091580500826e-06
2.715451330459472956e-07
2.372190666122264702e-09
1.768715151229116600e-06
1.881329723119051778e-07
0.000000000000000000e+00
3.688020111525247557e-09
6.003745625093870331e-07
4.391441876805401989e-08
7.796503496138029732e-07
4.829695399166666903e-08
9.993518013118318777e-09
6.213510346242401283e-07
0.000000000000000000e+00
1.854446963989175856e-06
1.677981642522752281e-09
0.000000000000000000e+00
1.819680517378685636e-09
1.006403493875041022e-07
3.468109923687734408e-07
9.165106718000970432e-08
2.659418463224483276e-09
8.034637488663065596e-08
5.845027999384910800e-07
1.951152572843284361e-09
3.722043857123935595e-06
1.683288672893468174e-07
1.934943867354377289e-07
3.352674227130592044e-08
7.544094238198795210e-09
1.142404615350756103e-09
0.000000000000000000e+00
2.926481557086191287e-10
0.000000000000000000e+00
5.104335443206764467e-08
4.265176753448507441e-11
5.413004711130042779e-09
0.000000000000000000e+00
0.000000000000000000e+00
4.590928256220649928e-06
8.822391706075904949e-10
1.719595957183628343e-06
0.000000000000000000e+00
1.421018525071815475e-09
0.000000000000000000e+00
5.131528268975671381e-08
1.274173939691536361e-07
1.329001833028087276e-07
4.066001224600768182e-08
9.772769260507629951e-08
3.668031069992139237e-07
3.686800909008525196e-08
2.157836206606589258e-06
1.051197102697187802e-07
3.026787154247756462e-11
0.000000000000000000e+00
1.426029783146987029e-08
1.247653313996011093e-09
2.412443933508257032e-08
0.000000000000000000e+00
1.703120311447037238e-08
6.284161457870141021e-08
0.000000000000000000e+00
0.000000000000000000e+00
5.649733125778766407e-08
6.712032529776479350e-08
8.749511115624386548e-10
2.695366430049972450e-10
2.912670105104098184e-09
0.000000000000000000e+00
1.693818085790610439e-09
1.273418064329234767e-07
1.705562198139887187e-07
1.394201559756780284e-10
0.000000000000000000e+00
6.268868446568376385e-08
1.114896122089703567e-07
6.049370426808309276e-07
6.011430242480741981e-10
0.000000000000000000e+00
1.663891112002602313e-06
2.539560561842790776e-08
3.302239548474972253e-08
2.480667227189314872e-08
7.955327507858100944e-10
7.877866359251584072e-09
1.008975658578492585e-08
4.401086162175715799e-09
1.408873195885007590e-08
5.390284130157851905e-08
2.443242552718771776e-10
8.140804474976448546e-09
0.000000000000000000e+00
2.152115712306112982e-07
8.715787203072977718e-08
1.637759226014168235e-07
2.834386725325543921e-09
2.148875410057371482e-06
1.340027200313897993e-09
9.519137478264383390e-08
6.350682610900548752e-07
2.810950916476429029e-10
3.147183406326803379e-06
1.698547968942420994e-10
7.613272678952398564e-09
9.392396194130014919e-09
9.227759392160805874e-07
2.600941570563009009e-06
6.288666554610244930e-06
2.363729878496201309e-09
1.148327015698669129e-07
2.621110828382455793e-10
1.474489636166254058e-06
2.915220420618425123e-06
1.669742175636201864e-07
1.982310351422711392e-07
5.301244527800008655e-07
4.261334840549579894e-09
6.080265961827535648e-07
2.262835749888836290e-07
3.194239761583617110e-09
1.950035688480511453e-09
3.448956320539764420e-08
7.980172085808590055e-06
2.214720140614190313e-08
4.317133317499610712e-09
1.718584258014743682e-06
0.000000000000000000e+00
7.555086085631046444e-07
0.000000000000000000e+00
2.582436486875394621e-08
0.000000000000000000e+00
2.033890937613858085e-11
0.000000000000000000e+00
0.000000000000000000e+00
0.000000000000000000e+00
1.225011146743781865e-06
0.000000000000000000e+00
1.744634232636599336e-06
2.028815160315389221e-08
2.062540005454138736e-07
4.258039698612492430e-09
2.305594222207218991e-07
6.465853061854431871e-07
9.786996102434386557e-09
3.533721724124916364e-07
8.234510850968490558e-09
0.000000000000000000e+00
4.642451756353693781e-09
1.091832828592487203e-07
1.137815388574381359e-07
1.074854552030046762e-07
4.752067468416498741e-07
8.436906000497401692e-07
0.000000000000000000e+00
3.196137754457595292e-07
0.000000000000000000e+00
0.000000000000000000e+00
9.032849135337528423e-09
3.772783259137213463e-07
2.692556222427811008e-07
3.461846587171635292e-09
3.443293508098577149e-07
1.767509338890249637e-08
1.024292117790537304e-07
6.785513050999725237e-06
0.000000000000000000e+00
0.000000000000000000e+00
0.000000000000000000e+00
6.394790119657045580e-08
0.000000000000000000e+00
9.217809626704820403e-09
0.000000000000000000e+00
5.781382483860397770e-09
6.915187089617802485e-09
4.173986383193550864e-07
0.000000000000000000e+00
2.910257146382377869e-09
0.000000000000000000e+00
0.000000000000000000e+00
0.000000000000000000e+00
0.000000000000000000e+00
0.000000000000000000e+00
0.000000000000000000e+00
2.970640178290295808e-09
4.387064791444572620e-07
0.000000000000000000e+00
0.000000000000000000e+00
0.000000000000000000e+00
0.000000000000000000e+00
0.000000000000000000e+00
8.125717272378096823e-07
0.000000000000000000e+00
5.257352886367527844e-10
3.337775524414610118e-06
2.361930206973283930e-09
5.993464391451652773e-09
9.170654458046101354e-09
1.423922313392722572e-08
1.225259751436169608e-07
6.992014789375389228e-08
1.336011656860591756e-08
0.000000000000000000e+00
2.456112646598285210e-08
1.873476840330567939e-08
1.429756935067416634e-07
1.615523956388642546e-06
1.827421215239155572e-06
4.731136371560751286e-08
1.640049021034428733e-07
5.506313627279268985e-08
3.523187430687357846e-08
1.925766390797889471e-08
5.436256742541445419e-07
7.753213253636204172e-07
6.071900884307979140e-07
2.822368783128581526e-09
5.197117388888727874e-06
5.925116511207306758e-06
2.077950057355337776e-06
1.132292304362181312e-08
2.590904202293131675e-08
1.941406708283466287e-06
4.107944562292686896e-08
3.135036763524112757e-08
9.266400979868194554e-07
1.964271518772875424e-07
2.144863060493662488e-07
2.983516935728403041e-07
3.792613778585973705e-09
7.504698196214576456e-09
2.231387981055377168e-07
3.400666770403404371e-08
3.059160462726140395e-06
2.645831054248759528e-10
0.000000000000000000e+00
4.087374691152945161e-06
6.255131967947136218e-10
0.000000000000000000e+00
2.064730466599939973e-07
2.922606654465198517e-06
5.493177912541113983e-09
6.150780507141462294e-08
0.000000000000000000e+00
1.351099285784584936e-07
1.895506613891484449e-07
0.000000000000000000e+00
0.000000000000000000e+00
5.738792996368147215e-09
1.331212029498374250e-08
1.563621765399147989e-07
2.078530485505325487e-07
0.000000000000000000e+00
1.830451346052086592e-08
1.616059108755507623e-08
9.533620559665223482e-10
9.140023848885903135e-09
2.067961304419441149e-06
0.000000000000000000e+00
0.000000000000000000e+00
0.000000000000000000e+00
0.000000000000000000e+00
1.059915710754921747e-08
6.527988460902633960e-08
2.383822206297736557e-08
1.751041054376401007e-06
2.325841705896891654e-06
5.189432172869601345e-08
1.241874798552089487e-07
2.784968922142638803e-09
1.767825774656728299e-09
2.546120754232106265e-07
0.000000000000000000e+00
0.000000000000000000e+00
0.000000000000000000e+00
2.486739925089409553e-09
9.182282951769593637e-07
0.000000000000000000e+00
0.000000000000000000e+00
0.000000000000000000e+00
0.000000000000000000e+00
3.959490513238961285e-10
0.000000000000000000e+00
9.185617955154157244e-07
0.000000000000000000e+00
0.000000000000000000e+00
0.000000000000000000e+00
0.000000000000000000e+00
2.714385383129069851e-10
0.000000000000000000e+00
0.000000000000000000e+00
0.000000000000000000e+00
0.000000000000000000e+00
1.177907460458982314e-08
0.000000000000000000e+00
0.000000000000000000e+00
9.279571031584055163e-07
0.000000000000000000e+00
7.113550992698947084e-08
1.074099145625950769e-06
2.810823502841230948e-07
0.000000000000000000e+00
0.000000000000000000e+00
7.255437139974674210e-08
1.050405415981003898e-07
5.094127430993466987e-08
2.797116849251324311e-08
5.784527729701949283e-06
1.649833620831486769e-06
5.286659643388702534e-08
4.353868007456185296e-06
6.933926670171786100e-06
4.922866310153040104e-07
9.421052382663219760e-09
0.000000000000000000e+00
4.235132244900796650e-09
9.518553722998035482e-10
4.510491979914377225e-09
2.813593802386549214e-09
4.281754950596905474e-09
6.041766198450204683e-08
2.806668675248147338e-09
6.214571612872532569e-08
5.650841927717920044e-08
2.928304487781474563e-09
4.559714827934158166e-10
1.304128204537846614e-06
1.596365351019812806e-08
9.548127621883395477e-08
4.383999225865409244e-07
5.779277145734340593e-08
5.962962745797995012e-08
6.427603693737182766e-06
1.326827181458156701e-08
1.361789259135548491e-07
3.922792529920116067e-06
5.998522283334750682e-06
6.859294785499514546e-07
6.752666195097845048e-07
1.970000695905582688e-08
2.634301381476689130e-06
9.830784186704022432e-09
6.305524635763504193e-08
0.000000000000000000e+00
7.809181283846555743e-07
4.699812507169554010e-06
2.544316579644601006e-08
4.927384225084097125e-07
1.077703700502752326e-06
3.840013505396200344e-06
6.905190730321919546e-08
1.211675426660008270e-09
1.426561624384703464e-08
0.000000000000000000e+00
6.256314577512966935e-08
1.215710088153798552e-09
1.688012285505635646e-09
7.932731449500352028e-08
7.062700646542907634e-09
2.531836116759222932e-06
9.475632722910631855e-09
8.199060630431631580e-08
4.077838184457505122e-06
1.260046733619901715e-09
1.492352019738518720e-08
1.264010052182129584e-06
9.862293204321304074e-10
0.000000000000000000e+00
0.000000000000000000e+00
0.000000000000000000e+00
0.000000000000000000e+00
0.000000000000000000e+00
1.330394905352250134e-08
0.000000000000000000e+00
1.489368273155378120e-08
9.023598863677761983e-07
8.074827917425864143e-08
2.009308985861935071e-08
0.000000000000000000e+00
5.219361054464854988e-10
9.942628054204760701e-09
0.000000000000000000e+00
1.498362678375997348e-08
4.552548560354807705e-09
6.104908679277487593e-12
0.000000000000000000e+00
0.000000000000000000e+00
0.000000000000000000e+00
0.000000000000000000e+00
1.221081333824258763e-06
5.446993078805917321e-09
0.000000000000000000e+00
0.000000000000000000e+00
3.677185134165483760e-07
1.396334823766665068e-06
9.907179787660425063e-08
1.020796336348439581e-08
1.006169014772240189e-08
5.031162153557033889e-10
1.329056420473762046e-08
8.173797638733049098e-09
3.953543625812017126e-08
0.000000000000000000e+00
0.000000000000000000e+00
2.734932991188543383e-07
0.000000000000000000e+00
2.778962304716969811e-08
0.000000000000000000e+00
1.630632989746416683e-10
7.702754878380346781e-09
7.071560226279416383e-09
0.000000000000000000e+00
3.465728681817381585e-08
5.187785632188024465e-07
0.000000000000000000e+00
0.000000000000000000e+00
0.000000000000000000e+00
0.000000000000000000e+00
7.604171514685731381e-09
7.076017141116608400e-07
5.620590659560775748e-09
0.000000000000000000e+00
2.592179626503821055e-08
2.956067248760518851e-07
9.023330527213602181e-09
0.000000000000000000e+00
7.879610166128259152e-06
3.838375306486341287e-08
4.754358329250862880e-08
4.932643626887056598e-09
0.000000000000000000e+00
0.000000000000000000e+00
8.118469452256249497e-08
1.854411024737601110e-08
0.000000000000000000e+00
3.019454766217677388e-07
2.515204711173169017e-09
3.109082769015003578e-09
4.889114961770246737e-07
1.798769605487748890e-10
1.993387677146074566e-08
0.000000000000000000e+00
1.766651962498144712e-07
0.000000000000000000e+00
0.000000000000000000e+00
3.915201496340614540e-09
7.199119078649118819e-10
6.677073542959988117e-07
0.000000000000000000e+00
0.000000000000000000e+00
0.000000000000000000e+00
0.000000000000000000e+00
3.834422841464402154e-06
0.000000000000000000e+00
4.800587021236424334e-07
0.000000000000000000e+00
1.077990177122956084e-07
0.000000000000000000e+00
1.186696019228605792e-10
0.000000000000000000e+00
2.892899431117257336e-08
9.330422656717018981e-09
4.345724562426767079e-07
2.771692386716040346e-08
1.468277832650244363e-09
3.024126371542479319e-08
1.238305369355430230e-08
2.973832846642210370e-10
2.009435092986677773e-06
1.911775449059405219e-08
3.802178483169882384e-08
1.517425403108063620e-07
1.191166987268843513e-07
4.339350141435716068e-07
5.725689788960153237e-08
8.078987434601003770e-07
3.738881204640165379e-08
7.043387650895738261e-09
1.041212840391381178e-06
2.046455893633947198e-09
1.106001946027390659e-06
3.423290991122485138e-06
3.741321488726079281e-12
3.062313291835039308e-09
6.830287446746297064e-09
2.334428899075646768e-07
5.207164122111862525e-06
5.671925862316129496e-08
4.084354543465451570e-07
4.385855945088223962e-08
2.484645392542006448e-06
5.623494416795438156e-07
3.340434773235756438e-07
8.383667022826557513e-07
3.227364913982455619e-06
9.924009418682544492e-07
0.000000000000000000e+00
2.629636526307876920e-07
3.931825176550773904e-08
7.758362130516616162e-08
0.000000000000000000e+00
7.656667833089159103e-08
1.242962399672364882e-09
0.000000000000000000e+00
2.745840177453828801e-08
6.450405098945566351e-09
2.220650330286844110e-10
4.449692880825750763e-07
5.637454023599275388e-07
0.000000000000000000e+00
6.190008505768673785e-09
0.000000000000000000e+00
4.346731827808980597e-07
2.939299292847863398e-07
4.221195615272677060e-10
0.000000000000000000e+00
1.823831041747325798e-08
3.372428736270194349e-08
1.011523454508278519e-05
1.323282106113765622e-08
1.350120726328896126e-07
8.609697843553476559e-09
0.000000000000000000e+00
6.805829144695962896e-08
5.397339464252581820e-09
1.608225197458068578e-08
5.257566115801637352e-08
3.193643038912341581e-08
2.370262791373534128e-06
0.000000000000000000e+00
5.093688670854135125e-08
0.000000000000000000e+00
1.574196328846255710e-09
8.084969493893368053e-08
1.997390342012295150e-07
5.034544336979251966e-09
8.309771715175884310e-08
3.799768819590099156e-06
4.127360675454383454e-09
0.000000000000000000e+00
4.056312263855943456e-07
2.947187738300272031e-07
2.514601931125071133e-07
0.000000000000000000e+00
0.000000000000000000e+00
5.019781923465416185e-09
0.000000000000000000e+00
3.011887406145774548e-09
1.436553009881436083e-08
0.000000000000000000e+00
7.438463285325269680e-07
0.000000000000000000e+00
8.227602279475831892e-07
0.000000000000000000e+00
0.000000000000000000e+00
6.365096538729630993e-08
1.362969737073171927e-10
0.000000000000000000e+00
0.000000000000000000e+00
0.000000000000000000e+00
3.523904279489897817e-09
0.000000000000000000e+00
0.000000000000000000e+00
0.000000000000000000e+00
4.434511868822710312e-09
8.389291110688645858e-07
4.571048817236800232e-10
3.674091715311078588e-07
0.000000000000000000e+00
1.198625341203296557e-07
0.000000000000000000e+00
9.507120424245840695e-09
9.226701536135806236e-08
9.611490492389407336e-10
0.000000000000000000e+00
4.930702512950801975e-09
3.062843063617037842e-07
7.980220928516246204e-09
5.613208031718386337e-06
0.000000000000000000e+00
5.595118590662195857e-09
1.816683053990075791e-10
0.000000000000000000e+00
0.000000000000000000e+00
9.240250342656963767e-09
8.702269460592049199e-10
0.000000000000000000e+00
5.870616348602197831e-08
4.639974626741150132e-09
6.491229243010820937e-08
3.603292384468659293e-07
2.664241094407771016e-08
0.000000000000000000e+00
0.000000000000000000e+00
0.000000000000000000e+00
0.000000000000000000e+00
0.000000000000000000e+00
0.000000000000000000e+00
3.399323134090082021e-08
1.500328750125845545e-09
0.000000000000000000e+00
5.867262675707252129e-09
5.402277736266114516e-09
3.874025100714106884e-09
8.898499714860008680e-09
1.038827779353823644e-08
3.044870311441627564e-07
5.301135086455133205e-09
2.113671193626487366e-08
5.301508565480617108e-09
8.736152778965333709e-08
3.549293481341919687e-08
5.249870582701987587e-07
0.000000000000000000e+00
5.775292688525723861e-09
1.267837657081827274e-08
4.171542222763946484e-09
6.501659868263232056e-07
3.637874783635197673e-07
1.626608082005986944e-06
2.934047493852176558e-08
9.455412168790644500e-07
3.949543803116739582e-09
1.079440536955189600e-09
1.316758016400854103e-06
1.218570702121724025e-07
0.000000000000000000e+00
7.219047137851930529e-09
6.610623853875452482e-11
6.752373451490711886e-07
9.994000720325857401e-07
4.573461165335857004e-09
2.780114073175354861e-06
5.377621126179121802e-10
7.329341400463817990e-08
2.558464871071919333e-07
2.961662062261893880e-07
7.062205487073924814e-09
2.037262305520926020e-07
8.292537323484339140e-09
3.577262532417080365e-06
7.086286668567254310e-09
2.034076018730957003e-09
4.948016663064436216e-09
0.000000000000000000e+00
1.692942142028641683e-08
1.292799090002461071e-09
3.292759060968819540e-07
7.622112718763673911e-09
3.334346843075763900e-07
0.000000000000000000e+00
1.021473599394084886e-05
7.358392561940263477e-09
0.000000000000000000e+00
5.370129088078101631e-07
1.995722875847150135e-08
1.450803637226272258e-07
5.967613209145739006e-11
1.584121278597194760e-08
0.000000000000000000e+00
9.645979162087314762e-07
1.052078424379487842e-09
1.757929567247629166e-06
0.000000000000000000e+00
2.713531976894500986e-08
0.000000000000000000e+00
2.468843604219728149e-06
0.000000000000000000e+00
8.428844921581912786e-06
8.910973625653184627e-10
1.331387533554106994e-08
3.559929950824880507e-08
0.000000000000000000e+00
1.722086295785629773e-08
4.025043054411980847e-08
0.000000000000000000e+00
0.000000000000000000e+00
0.000000000000000000e+00
0.000000000000000000e+00
1.268625482442331531e-10
0.000000000000000000e+00
0.000000000000000000e+00
0.000000000000000000e+00
0.000000000000000000e+00
8.009463314806453127e-09
1.048028437367065635e-07
0.000000000000000000e+00
0.000000000000000000e+00
0.000000000000000000e+00
1.998799916691496037e-07
8.316446837852708995e-07
4.320570012872337884e-10
0.000000000000000000e+00
5.476961462136387127e-08
3.283802563203153113e-09
1.612932862826710334e-07
2.155391698455133564e-10
0.000000000000000000e+00
0.000000000000000000e+00
0.000000000000000000e+00
0.000000000000000000e+00
1.246309011548873968e-06
0.000000000000000000e+00
0.000000000000000000e+00
0.000000000000000000e+00
3.894182754038411076e-08
2.101826801492734376e-08
6.119189044362371988e-10
5.836720440299814072e-09
3.273667115166745134e-09
0.000000000000000000e+00
1.032034388503966227e-10
2.196168509271956282e-07
1.601054435695914435e-07
0.000000000000000000e+00
2.105662666451735276e-08
3.408898407997185132e-07
2.422439990823477274e-07
4.780326889886055142e-07
3.433048068046673507e-09
1.870450105911913852e-08
1.390166870507414387e-09
0.000000000000000000e+00
1.108552982742594395e-08
1.911893434680678183e-07
0.000000000000000000e+00
0.000000000000000000e+00
0.000000000000000000e+00
0.000000000000000000e+00
0.000000000000000000e+00
0.000000000000000000e+00
0.000000000000000000e+00
2.110499508489738218e-08
0.000000000000000000e+00
2.311470552740502171e-06
0.000000000000000000e+00
2.453350305131607456e-07
7.821474667935035541e-08
2.370653673366973635e-09
5.061278507412225736e-09
5.944344461106254585e-10
0.000000000000000000e+00
4.599276168248955798e-11
2.697767564896480508e-10
1.535428566512564430e-07
5.402690295142065224e-09
0.000000000000000000e+00
0.000000000000000000e+00
3.222569544547582154e-09
0.000000000000000000e+00
0.000000000000000000e+00
2.280472521931642405e-08
6.236591798547408416e-10
1.440491530502185924e-07
2.920079111845552688e-08
1.956897932586798561e-08
0.000000000000000000e+00
6.399296648140762045e-09
0.000000000000000000e+00
0.000000000000000000e+00
0.000000000000000000e+00
2.626650230652671780e-09
0.000000000000000000e+00
0.000000000000000000e+00
0.000000000000000000e+00
0.000000000000000000e+00
0.000000000000000000e+00
0.000000000000000000e+00
1.368919413380353944e-07
0.000000000000000000e+00
0.000000000000000000e+00
0.000000000000000000e+00
0.000000000000000000e+00
0.000000000000000000e+00
6.037279121073879651e-09
8.457335276546018576e-09
0.000000000000000000e+00
4.599516785219748272e-07
4.343728221556375502e-08
5.233148359096162494e-10
0.000000000000000000e+00
0.000000000000000000e+00
0.000000000000000000e+00
0.000000000000000000e+00
1.069002664166873728e-07
3.536314574503762742e-09
2.500087248336058110e-08
4.676313850038305020e-11
1.939702176656510346e-09
0.000000000000000000e+00
2.478745209089083801e-08
0.000000000000000000e+00
1.935464233326911199e-09
0.000000000000000000e+00
0.000000000000000000e+00
0.000000000000000000e+00
0.000000000000000000e+00
1.152701400997102610e-08
0.000000000000000000e+00
2.157877210251513134e-09
0.000000000000000000e+00
0.000000000000000000e+00
7.540598971900180914e-07
0.000000000000000000e+00
0.000000000000000000e+00
0.000000000000000000e+00
0.000000000000000000e+00
1.653992054428954361e-09
4.771273376391604870e-10
1.178119712896830151e-09
1.886152206642677243e-10
0.000000000000000000e+00
0.000000000000000000e+00
2.078914640435414185e-08
7.842546168035369192e-09
8.094449555073879310e-08
5.010857861975637206e-08
8.823041852679125441e-09
1.890567432383249979e-06
1.283658093598205596e-06
9.343040785481093735e-10
1.381208676320966333e-07
3.944787607679245411e-09
8.483656444013831788e-09
4.024104161004515845e-09
1.082800427099073204e-08
4.609771906416426646e-07
6.995941248533199541e-08
0.000000000000000000e+00
7.657954270712252764e-09
1.023332515615038574e-06
7.837672733046474605e-09
7.285031244919082383e-08
2.132368990714894608e-06
4.132302677817278891e-08
2.460386916425250092e-08
1.521823520533871488e-07
1.285603978828930849e-08
4.473362878343323246e-06
1.204696104650793131e-06
7.497060749983575079e-08
5.275763896861462854e-07
0.000000000000000000e+00
9.924472799127670442e-09
2.682056219782680273e-06
1.288954507572270813e-07
1.379012246616184711e-06
8.782396321294072550e-07
1.087512714548211079e-06
3.190461228541607852e-09
2.505700251731468597e-07
1.626058747206116095e-06
3.818242930719861761e-06
6.948938846562668914e-08
2.572660832811379805e-06
0.000000000000000000e+00
2.520921498216921464e-07
1.160234575081631192e-08
0.000000000000000000e+00
5.820161419478608877e-08
0.000000000000000000e+00
2.369152980463695712e-07
4.926362962009989133e-08
4.787464646938133228e-08
2.159717960026341643e-09
3.254304203892388614e-08
2.493415784954322589e-08
3.531950339835665531e-12
6.218790105094740284e-08
1.204416921751771952e-08
5.039976075371654929e-11
5.581264872489555273e-07
7.050920292073215023e-09
3.541428839071159018e-07
2.626106976322262199e-08
0.000000000000000000e+00
0.000000000000000000e+00
0.000000000000000000e+00
2.554145783761896382e-09
4.024556801596190780e-06
7.729695994385110680e-09
8.767783832297482149e-09
1.293353193432267290e-06
5.653219403711773339e-08
5.523942263607750647e-07
0.000000000000000000e+00
0.000000000000000000e+00
6.489598636250093477e-09
6.246838779588870239e-07
1.968564200538480691e-11
2.586249436831167259e-08
0.000000000000000000e+00
0.000000000000000000e+00
3.812054144569643199e-11
0.000000000000000000e+00
8.934066160481979324e-12
1.028887641751907722e-08
3.306269036329467781e-09
0.000000000000000000e+00
0.000000000000000000e+00
0.000000000000000000e+00
3.780376359174830725e-11
0.000000000000000000e+00
8.777777615875947959e-09
6.568499633097246715e-10
1.078308926594218065e-07
2.046106750697163079e-08
0.000000000000000000e+00
0.000000000000000000e+00
0.000000000000000000e+00
0.000000000000000000e+00
1.279126049524847986e-08
9.834756298232605332e-08
1.481046663087681736e-08
6.267269814230758129e-09
3.611811649761875742e-08
0.000000000000000000e+00
1.891820478050476595e-09
1.166980956313068418e-09
2.241018925985827082e-09
0.000000000000000000e+00
1.170003685047049657e-07
6.797082341414295570e-10
2.952476263473613471e-09
1.802352471713675186e-06
1.050853093431669549e-08
2.785448538489276871e-09
0.000000000000000000e+00
1.670744964599180094e-08
1.005144589782958064e-08
3.014205063323061040e-08
5.087522367830388248e-07
7.975051374842223595e-08
1.153950179855200986e-08
1.848526842707087781e-08
3.848596996647302149e-09
7.672633195454636734e-09
8.390269812252881820e-09
5.199800590105496667e-09
3.436069277995557059e-07
0.000000000000000000e+00
1.525615402897528838e-06
2.429667578240923831e-09
2.892933537168573821e-08
2.845487756530928891e-07
3.163017368024156895e-07
2.356666612968183472e-07
2.042160041071383603e-08
4.327688429839327000e-09
9.276432066940287768e-09
0.000000000000000000e+00
2.222362383008658071e-07
0.000000000000000000e+00
2.045304881903575733e-06
0.000000000000000000e+00
0.000000000000000000e+00
1.781042868742588325e-09
0.000000000000000000e+00
1.329828336338323425e-07
9.749862073249460082e-08
3.656818847730392008e-09
0.000000000000000000e+00
3.057640141079787099e-09
6.495299089692707639e-07
7.490783815455870354e-08
3.216084110135852825e-08
1.587846121253733145e-08
1.492881707143567382e-09
3.148832750099472833e-09
3.763840350501368448e-10
2.067455852738930844e-06
0.000000000000000000e+00
0.000000000000000000e+00
0.000000000000000000e+00
0.000000000000000000e+00
0.000000000000000000e+00
8.265255146966410393e-09
3.157152406174645876e-08
8.393613804003052792e-09
0.000000000000000000e+00
0.000000000000000000e+00
1.425552176304023533e-10
2.066573934200732765e-08
3.514372681756583461e-10
3.686993466089916183e-08
0.000000000000000000e+00
4.822800825365902710e-09
0.000000000000000000e+00
0.000000000000000000e+00
1.125807091995056908e-08
0.000000000000000000e+00
0.000000000000000000e+00
4.561022706184303388e-07
0.000000000000000000e+00
3.130952109131612815e-06
0.000000000000000000e+00
3.844395024543700856e-08
0.000000000000000000e+00
0.000000000000000000e+00
9.479728113603869133e-09
4.043291479405297650e-09
0.000000000000000000e+00
4.261018560214324680e-08
1.017352957433104166e-08
0.000000000000000000e+00
6.235243432684001164e-09
9.156274849431156326e-09
7.640013621745822547e-10
1.456185572124013561e-08
1.649286502924951492e-07
1.601565031705831643e-07
1.128181850162945921e-07
3.424673522545162996e-08
6.173777489237863847e-09
1.801698878978186258e-08
2.731791539645200828e-07
1.087897913976121345e-07
9.402415734882652032e-09
4.785067009294152740e-09
1.600442267601920321e-08
8.950053155196147081e-13
1.234730007126927376e-07
1.429294460564278779e-09
1.007890588766713336e-07
1.493978061262168922e-06
3.687903813442972023e-07
0.000000000000000000e+00
1.626067458460056514e-08
0.000000000000000000e+00
7.486017494784391602e-08
5.410397907468222911e-09
6.203192697284976020e-07
2.427209366828719794e-08
4.167402494203997776e-07
1.354256040642098924e-09
3.756006350386087433e-08
3.474882817044999683e-07
8.715367130207596347e-07
1.933827434186241589e-06
2.420918399081983807e-08
2.386862547609780449e-07
2.761909172477317043e-07
1.074246029020287097e-06
6.974116395497276244e-09
3.338145049269769515e-08
1.864946057139604818e-06
6.422872189659756259e-08
2.663105306055513211e-06
1.060388310492044184e-08
1.289901629952794337e-09
1.362304118401880260e-07
4.617291722297522938e-07
6.250835848931046712e-09
1.255970438762687991e-09
5.462494812036311487e-08
1.053032178788271267e-06
0.000000000000000000e+00
1.119400239169010547e-09
1.252632042536561130e-08
5.262167945829787641e-08
1.447634012663456815e-08
3.120637259712566447e-08
1.275622878438298358e-07
0.000000000000000000e+00
4.010499488060759177e-09
0.000000000000000000e+00
0.000000000000000000e+00
2.453298719728991273e-08
7.534085355587194499e-09
1.015796655678968818e-07
1.018694661070185248e-06
2.155091660682728616e-09
0.000000000000000000e+00
1.278637995483222767e-07
4.791735896958471130e-09
2.196495785256047384e-07
8.388482086729709408e-08
0.000000000000000000e+00
2.465765547299270111e-08
1.308527952659233051e-08
7.470927876340738294e-09
1.652268721841210208e-08
1.125330641116306651e-06
3.138568871463576215e-08
0.000000000000000000e+00
0.000000000000000000e+00
0.000000000000000000e+00
0.000000000000000000e+00
0.000000000000000000e+00
0.000000000000000000e+00
7.247763278428465128e-08
1.895343189062259626e-07
0.000000000000000000e+00
1.890771983426020597e-08
0.000000000000000000e+00
0.000000000000000000e+00
0.000000000000000000e+00
0.000000000000000000e+00
0.000000000000000000e+00
5.225097538641421124e-06
0.000000000000000000e+00
7.231916754335543374e-08
0.000000000000000000e+00
0.000000000000000000e+00
0.000000000000000000e+00
2.057359838048000711e-09
3.109938120360311586e-07
1.273226857279041724e-09
1.677717818893142976e-06
3.964316375171250684e-11
4.673613232530904327e-11
2.664153064824148487e-10
3.858512513943423983e-07
0.000000000000000000e+00
2.599766180111373615e-09
8.687770503001956968e-09
6.073376113135964260e-08
0.000000000000000000e+00
5.081485028313181829e-07
2.275878472346448689e-07
4.771397943414967813e-09
2.486854278060945944e-09
9.470997319738216902e-09
0.000000000000000000e+00
0.000000000000000000e+00
0.000000000000000000e+00
5.426682605502719525e-07
0.000000000000000000e+00
0.000000000000000000e+00
1.039102506296407658e-12
1.257976407487149118e-07
1.858595308906751953e-12
0.000000000000000000e+00
1.844132668793463381e-07
0.000000000000000000e+00
0.000000000000000000e+00
4.400284936423304316e-08
9.717406879161671895e-10
1.077949396410815552e-09
2.295605927571386928e-09
3.095941281117120525e-08
1.183817772698603221e-07
4.812550855604058597e-07
6.304083366437396307e-10
0.000000000000000000e+00
1.068972910189813774e-08
3.062645248519402230e-09
5.502772015830714736e-09
2.318651798338677850e-10
0.000000000000000000e+00
4.033159228811200592e-08
0.000000000000000000e+00
2.681954436312139478e-09
0.000000000000000000e+00
0.000000000000000000e+00
0.000000000000000000e+00
6.686447395765071633e-09
0.000000000000000000e+00
1.837756613554120122e-10
7.122532785786006571e-09
2.195555959261241696e-09
2.714596902819721436e-08
0.000000000000000000e+00
1.675368732634296975e-09
5.749957367878755221e-12
4.008211362815927714e-07
1.323620900384181454e-11
7.107272104178719019e-09
4.969249971509270836e-07
5.395006397179713531e-08
2.950051047889701294e-08
1.834299752090373659e-07
4.685923649105916411e-09
5.537012839340604842e-07
1.184215648208919447e-06
4.222000313802709570e-07
2.022892999775649514e-07
1.711577795049379347e-07
1.554494311051257682e-08
2.891071062549599446e-06
1.464727716893321485e-08
9.936591993664478650e-09
1.514440697292229743e-07
1.171896979457187626e-08
2.632657242429559119e-06
3.677842244087514700e-07
2.476980398569139652e-08
1.751412384010109236e-07
1.884582934152945199e-09
3.857324182288124348e-10
1.776699150468630251e-06
1.383401922794291750e-06
1.208118760587240104e-07
9.381534660235502088e-09
0.000000000000000000e+00
2.881804306298363372e-08
1.642387072696427364e-12
1.393874793365057485e-08
1.258251671742982580e-07
2.771619200814257056e-08
1.737189677442074753e-06
1.245689844608932617e-07
8.809541429677381075e-10
5.554591453460488992e-09
2.454416225816657970e-08
2.462682573423080612e-07
1.077948695638042409e-06
7.799502377281442023e-09
3.152146321738769075e-10
0.000000000000000000e+00
1.358885920454966367e-10
5.621934029420572188e-09
1.914650438195053539e-09
0.000000000000000000e+00
0.000000000000000000e+00
9.779858034519861576e-10
3.234515766337153764e-09
3.211230037436507700e-08
8.118564664982841350e-08
9.315327176295795653e-09
9.114612176119862852e-09
1.674549423569260398e-07
1.884021969544846797e-07
0.000000000000000000e+00
0.000000000000000000e+00
0.000000000000000000e+00
1.726675691315904260e-06
2.110557915102617699e-07
3.289953198759576480e-09
8.659834627167128929e-09
3.726160912265186198e-06
0.000000000000000000e+00
8.072677637471770140e-09
7.938767421222792109e-10
2.031218748754781700e-08
0.000000000000000000e+00
9.922142218954377313e-09
0.000000000000000000e+00
6.465366908514624811e-09
1.165321279472664173e-07
0.000000000000000000e+00
1.070494981547653879e-08
0.000000000000000000e+00
1.572902030844147703e-09
0.000000000000000000e+00
0.000000000000000000e+00
0.000000000000000000e+00
5.187986151788948064e-11
4.033285350146798010e-08
0.000000000000000000e+00
0.000000000000000000e+00
2.504473073372537328e-09
1.261190891305163930e-11
2.840005119963961988e-09
5.159784266517419837e-10
0.000000000000000000e+00
9.202539286157218612e-10
0.000000000000000000e+00
0.000000000000000000e+00
5.421811263839337869e-11
3.925140656946268791e-09
1.081991669593662664e-07
3.653845794815424597e-07
1.841337926578034967e-08
0.000000000000000000e+00
4.292582733711469700e-09
1.748119515809776203e-08
7.917269506663160428e-09
0.000000000000000000e+00
0.000000000000000000e+00
0.000000000000000000e+00
0.000000000000000000e+00
1.042934805184358993e-08
3.665671988173357931e-09
5.200129749027837534e-07
1.396532667286010110e-07
0.000000000000000000e+00
0.000000000000000000e+00
2.319850693766056793e-07
3.977513873820726076e-09
0.000000000000000000e+00
0.000000000000000000e+00
8.021559239068665192e-08
0.000000000000000000e+00
1.301189513469580561e-06
6.135964181197550715e-09
0.000000000000000000e+00
6.402923986570385750e-07
5.561052507374597553e-09
4.983569397154496983e-07
1.057036946860989701e-08
1.463784649047283892e-08
2.301838186724580737e-08
0.000000000000000000e+00
4.860488012070618424e-09
2.741992410904003918e-08
6.989569101278902963e-07
2.409564956451504258e-07
1.233943525136282915e-08
0.000000000000000000e+00
0.000000000000000000e+00
0.000000000000000000e+00
0.000000000000000000e+00
0.000000000000000000e+00
2.141504396035998070e-08
0.000000000000000000e+00
9.669568257208993600e-09
3.875118537166599708e-08
0.000000000000000000e+00
3.177927965225535445e-06
6.076793290787918522e-09
5.448027309284952935e-07
5.684340553813171937e-09
2.900619197956921802e-13
0.000000000000000000e+00
0.000000000000000000e+00
1.052635756337849671e-09
5.518182577546326684e-10
1.179351194480204867e-08
1.758807343321677763e-06
7.839660476349763485e-09
1.881275935033954738e-08
3.685506122508286353e-09
9.918560417432331633e-10
5.677879277854458451e-10
0.000000000000000000e+00
0.000000000000000000e+00
1.450019393445245441e-08
0.000000000000000000e+00
2.705601298558235612e-09
6.231672955436806660e-10
5.200527120052811370e-09
1.262199511575801125e-10
8.920278737889475451e-09
1.039471841934869190e-09
2.865079506975121149e-09
8.089092951024667855e-09
8.437252674298179045e-09
1.845298951618987160e-13
1.967682408121618209e-07
1.006725192098656407e-08
7.850407435228135000e-09
7.432158000142408127e-09
4.321865176848405099e-08
3.066847042987319583e-08
2.287655620492046182e-10
2.408798138731071958e-07
3.262902907863463042e-07
1.230296220455784351e-07
3.819480198785640823e-08
1.141173243013327010e-06
7.156342576308816206e-07
2.005976682539767353e-07
9.948649903890327550e-09
1.135848037847608794e-07
2.053376313426724664e-08
2.669066212490633916e-08
4.103686634948644496e-08
6.108011429972748374e-09
0.000000000000000000e+00
1.954902195677732379e-08
2.902056195352997747e-08
1.237939244447261444e-07
7.882834438532881904e-07
2.598772539386118297e-07
4.556932253763079643e-07
1.476348359119583620e-07
1.233131108335783210e-08
1.490245971069725783e-08
1.177553130560227146e-07
3.217092228169349255e-07
1.046385866843024814e-09
1.136872285201206978e-08
4.141839760052334896e-09
2.965319012560030387e-08
1.042423658503821571e-08
1.533316435597953387e-06
7.167843563138376339e-08
6.657284075117786415e-07
2.062473356545524439e-07
4.737474625926552108e-07
6.918644999132084195e-07
1.244034741887389828e-08
3.385906666153459810e-07
1.690014883592994011e-08
3.116755964427397885e-09
3.048069574518308400e-10
1.219198519919473256e-08
1.205510034196777269e-05
1.607155354577116668e-06
4.549193466374390482e-09
1.127665655076270923e-06
4.277503080629685428e-07
4.573717760081308370e-08
1.861058080976363271e-07
1.163243168456062904e-09
2.225273419753648341e-06
6.063271662526403816e-09
1.397816618009528611e-08
4.272625062640145188e-07
1.012671990707758596e-08
5.019206241740903351e-07
1.370930124977576270e-08
7.406737445592170843e-09
7.928837675308386679e-08
1.598508703182233148e-07
9.231686526334215159e-09
4.418445609388754747e-09
6.565227028687559141e-09
0.000000000000000000e+00
7.827757997347362107e-09
1.041170136772961996e-07
8.012056795791977493e-09
3.213210675312438980e-08
4.748653914532496856e-09
0.000000000000000000e+00
0.000000000000000000e+00
6.940330976590303180e-09
1.053704963283053075e-07
1.041250730082765585e-08
0.000000000000000000e+00
0.000000000000000000e+00
0.000000000000000000e+00
6.836270660670606958e-09
8.191158684667243506e-08
0.000000000000000000e+00
1.059066434550004487e-07
7.416863354592351243e-07
7.369910459686934701e-09
6.666632543783634901e-07
0.000000000000000000e+00
0.000000000000000000e+00
0.000000000000000000e+00
0.000000000000000000e+00
0.000000000000000000e+00
4.282014742784667760e-07
3.025167870873701759e-06
0.000000000000000000e+00
0.000000000000000000e+00
0.000000000000000000e+00
0.000000000000000000e+00
2.212945418023082311e-07
0.000000000000000000e+00
0.000000000000000000e+00
5.786862544709947542e-08
0.000000000000000000e+00
0.000000000000000000e+00
4.763285252340487830e-11
0.000000000000000000e+00
9.507355791527061228e-09
6.158031595759894117e-08
0.000000000000000000e+00
8.937492523841683578e-09
0.000000000000000000e+00
0.000000000000000000e+00
2.024528384936274961e-06
0.000000000000000000e+00
0.000000000000000000e+00
5.028723659705747195e-09
0.000000000000000000e+00
0.000000000000000000e+00
5.720627860306137791e-10
0.000000000000000000e+00
0.000000000000000000e+00
5.638194622292758140e-08
1.582238695618798374e-07
2.152556710655062489e-08
1.443625251340563409e-06
4.611570680879140127e-09
8.456039424231676094e-09
2.089033614538493566e-06
3.746291440620552748e-06
0.000000000000000000e+00
1.093430324061728243e-08
9.477527669332630467e-07
5.587673399531922769e-07
0.000000000000000000e+00
1.097689263929169101e-07
7.395083656547285500e-09
3.823263838853563357e-08
7.737660325801698491e-07
4.542703990750851517e-08
0.000000000000000000e+00
0.000000000000000000e+00
6.969314370053325547e-08
0.000000000000000000e+00
0.000000000000000000e+00
0.000000000000000000e+00
0.000000000000000000e+00
0.000000000000000000e+00
0.000000000000000000e+00
0.000000000000000000e+00
0.000000000000000000e+00
0.000000000000000000e+00
0.000000000000000000e+00
1.037497643352480736e-09
7.420242198463711247e-09
0.000000000000000000e+00
1.713575392692234800e-09
1.722599307640848565e-08
6.485015857649045756e-10
0.000000000000000000e+00
3.798076875227707205e-08
0.000000000000000000e+00
0.000000000000000000e+00
0.000000000000000000e+00
4.190769509193614795e-09
3.876951260028960178e-10
0.000000000000000000e+00
7.187878736658603884e-08
0.000000000000000000e+00
0.000000000000000000e+00
1.837803864646048169e-08
3.894434286166870152e-08
0.000000000000000000e+00
9.522700565867125988e-07
1.479890932021277195e-10
0.000000000000000000e+00
0.000000000000000000e+00
0.000000000000000000e+00
7.501606003046390470e-10
0.000000000000000000e+00
3.040965737000078661e-07
0.000000000000000000e+00
8.236276660689156870e-10
7.396127443826117087e-08
0.000000000000000000e+00
1.516643344245949265e-08
0.000000000000000000e+00
0.000000000000000000e+00
0.000000000000000000e+00
2.700951881706714630e-06
0.000000000000000000e+00
1.938348503927045385e-07
3.150171234977960921e-09
9.733849282156370464e-09
2.895374784372961585e-08
2.843739821400959045e-08
1.757600731622233070e-09
7.401836477072265552e-09
2.672119636670799991e-09
5.459509679894836154e-07
3.897189515544852156e-10
2.271481669424701977e-09
1.857617348832718562e-08
1.781866765249162654e-09
2.357494643945301505e-09
2.098128426553103054e-08
4.424424826510175990e-09
5.001965419637599553e-08
2.324507253348429003e-09
1.005285454880322504e-08
1.858307768998201936e-06
2.770021581000037258e-07
2.244005941065552179e-07
2.605887061690737028e-07
1.130753091160840995e-07
7.547787816974960151e-08
1.953261552500862308e-08
1.894299161975254719e-09
0.000000000000000000e+00
1.462262222418075908e-08
2.851540159554133425e-07
6.938005725487528252e-09
2.012077175095328130e-06
2.213105965154227306e-08
1.928329993461375125e-06
1.652890047054711431e-09
5.127352986633582077e-10
1.476671656064354465e-07
8.879841750797368150e-09
4.561709232575594797e-09
4.789461058862798382e-07
4.196238023723708466e-08
5.203934350106464990e-08
3.200936760094919009e-08
1.799613755792961456e-06
1.155692164189758842e-08
0.000000000000000000e+00
5.258845803268741292e-09
1.558425921643902257e-08
8.691561248497237102e-08
7.342958879830163710e-11
0.000000000000000000e+00
1.387662762475372347e-09
3.005412307910404479e-10
6.690606402237619932e-10
2.061044312995363725e-08
6.517088024793338263e-08
2.287346433149650693e-06
4.347703530527269322e-09
5.084226017970649991e-07
2.002298593595241982e-08
9.811033763185150747e-09
0.000000000000000000e+00
3.168707962686312385e-09
2.190502224053147984e-10
4.207839992886874825e-06
1.570694507790904026e-08
2.216977179614332272e-07
0.000000000000000000e+00
1.774012581279293954e-08
0.000000000000000000e+00
0.000000000000000000e+00
5.356059318728512153e-06
7.051039752070664690e-09
5.032495096202183049e-07
3.212829255971882958e-07
0.000000000000000000e+00
6.777003136448911391e-08
0.000000000000000000e+00
2.399228549165854929e-08
7.980509622029785533e-07
4.698979410022730008e-07
0.000000000000000000e+00
0.000000000000000000e+00
5.245310408241721234e-09
0.000000000000000000e+00
8.200842782635220374e-11
3.983583463096351807e-10
0.000000000000000000e+00
4.778011941652948735e-08
3.454681873904519307e-08
5.012493531353356957e-09
0.000000000000000000e+00
0.000000000000000000e+00
7.998045958856891957e-08
0.000000000000000000e+00
5.973112671142644103e-09
3.042231710992382432e-08
0.000000000000000000e+00
1.710411652311449870e-07
0.000000000000000000e+00
0.000000000000000000e+00
0.000000000000000000e+00
0.000000000000000000e+00
0.000000000000000000e+00
8.407967655443826516e-09
2.874317260648240335e-06
4.305120882008850458e-08
2.061666615205126618e-09
2.398040432893822071e-09
1.895792678396901465e-07
4.751501876398833701e-07
1.059250021029356503e-08
4.941857145723815847e-09
3.556102967650076607e-09
8.420272479270352051e-09
5.781581435826410598e-09
1.302018688420503167e-07
0.000000000000000000e+00
6.394790252883808535e-10
8.549111640832052217e-09
1.762662193982578174e-08
8.713552546169012203e-09
1.130126103809914184e-09
4.997067648560005182e-09
5.207500066717329901e-07
0.000000000000000000e+00
0.000000000000000000e+00
0.000000000000000000e+00
1.278972749929607744e-08
1.841188748130662134e-07
0.000000000000000000e+00
0.000000000000000000e+00
0.000000000000000000e+00
0.000000000000000000e+00
6.225052402442088351e-07
0.000000000000000000e+00
1.267757809841896233e-08
0.000000000000000000e+00
2.873335900807627574e-12
0.000000000000000000e+00
0.000000000000000000e+00
0.000000000000000000e+00
0.000000000000000000e+00
0.000000000000000000e+00
0.000000000000000000e+00
1.170274099848711558e-08
1.916126620926661417e-06
2.616070415850657582e-10
7.283750164788216352e-06
9.092422459389126743e-08
0.000000000000000000e+00
4.209297355117769257e-09
2.847211177936515014e-08
0.000000000000000000e+00
0.000000000000000000e+00
1.828998996700192947e-08
0.000000000000000000e+00
1.278114836189558901e-10
7.409993063589581652e-09
1.624296608326858404e-08
0.000000000000000000e+00
0.000000000000000000e+00
1.765552461174824117e-11
1.521922513347817585e-06
0.000000000000000000e+00
0.000000000000000000e+00
1.049667730512737762e-06
1.452658271450246730e-10
7.828738546322711045e-09
2.480868204202124616e-07
5.468836494770812351e-09
4.447888724001813898e-09
0.000000000000000000e+00
0.000000000000000000e+00
0.000000000000000000e+00
5.773001277020739508e-08
2.258267794985613364e-09
7.121644074459254625e-08
3.084092980998320854e-08
2.299215395851206267e-08
2.409412445558700711e-06
6.542036246059979021e-09
3.245050095301849069e-08
1.341405542198970124e-09
4.473516668213051162e-09
0.000000000000000000e+00
4.270526119398709852e-07
1.947941825619636802e-07
7.221027664705559346e-10
1.324998954999045964e-08
1.179960396058277183e-08
9.167033709900351823e-08
2.674615728892604238e-08
2.835506229814654944e-08
0.000000000000000000e+00
5.626993129226320889e-07
0.000000000000000000e+00
1.112981863116146997e-06
0.000000000000000000e+00
1.104442617361200973e-06
1.178965590042935219e-06
1.643371128068338294e-08
1.319611708794354854e-08
1.503422367932216730e-06
0.000000000000000000e+00
1.366634592159243766e-07
3.945500037794147374e-10
5.360830357403756352e-08
1.832864427342428826e-06
1.396671250875058945e-10
5.997779226163402200e-06
4.075254622648571967e-08
4.033235654787858948e-06
5.965188876189131406e-08
4.625480887199273639e-09
7.096083436408662237e-07
2.245817682933193282e-07
4.331546676894504344e-08
3.406575501685438212e-07
1.846704435592982918e-06
5.461597041289678600e-08
3.110718083121355448e-08
4.364241704024607316e-06
1.040924768602735639e-08
9.428040925740788225e-08
5.394962698801464285e-09
7.390890743863565149e-08
9.533671629924356239e-10
8.037602583499392495e-08
2.743344440503392434e-09
3.980110463430719392e-08
5.964539417924186182e-10
9.075287010773536167e-08
5.199850647841230966e-07
1.815654172787617426e-06
9.450359605978064792e-09
2.245428376568270323e-08
2.167566464095216361e-07
9.944056245103638503e-08
9.330001660146081122e-09
6.084312076382047962e-08
1.055325995480416168e-07
0.000000000000000000e+00
2.309644386855325138e-08
1.386279336657025851e-06
2.424664216960081831e-06
3.439021156736998819e-08
9.365912205794302281e-07
1.910945428562627058e-07
0.000000000000000000e+00
1.173596864134651696e-08
7.097866614458325785e-07
3.014993410488386871e-07
1.572584778841701336e-06
1.043735764483244566e-07
1.404683729333555675e-07
1.160804799837933388e-06
6.069622315862943651e-08
1.001011924017802812e-06
0.000000000000000000e+00
7.661359632038511336e-06
5.739931197012992925e-08
1.024125495519001561e-07
3.530426784248419381e-10
0.000000000000000000e+00
1.515249814509900261e-09
6.368574556603334713e-09
7.987675521015091817e-10
3.886481891868243110e-08
1.386157078009375709e-09
1.563630447343200558e-09
0.000000000000000000e+00
3.157947459087040443e-09
0.000000000000000000e+00
0.000000000000000000e+00
0.000000000000000000e+00
0.000000000000000000e+00
0.000000000000000000e+00
0.000000000000000000e+00
0.000000000000000000e+00
0.000000000000000000e+00
4.676556475402549040e-09
5.718680196054037879e-09
2.475486304831520101e-08
4.559292392514180392e-07
8.877009349816944450e-08
1.258774773305049166e-07
3.220082689381342789e-08
7.037012750288340612e-09
7.708227833802538953e-09
0.000000000000000000e+00
6.439508482003475365e-09
0.000000000000000000e+00
3.062844200485415058e-08
0.000000000000000000e+00
1.452950073144165799e-06
4.452547130995299085e-08
2.437726038806431461e-07
0.000000000000000000e+00
6.067903086659498513e-07
6.978127520262944472e-10
0.000000000000000000e+00
4.067279135711032723e-08
0.000000000000000000e+00
1.096331558869678702e-08
0.000000000000000000e+00
2.214515575360564981e-07
2.219748163057033707e-09
6.923997375452017877e-08
0.000000000000000000e+00
0.000000000000000000e+00
3.333583680365653779e-13
0.000000000000000000e+00
0.000000000000000000e+00
1.627756091693299823e-06
0.000000000000000000e+00
1.883697336779732723e-06
8.538010121128536412e-08
9.952408674962498480e-08
2.437902935081837086e-10
6.503491967180252686e-09
7.356898423793722941e-10
3.610028187495117891e-08
9.089356822755689791e-09
0.000000000000000000e+00
7.692795733760249277e-09
1.200494925690520631e-09
1.088182344233246113e-08
2.523984754532193620e-08
4.650291263175176937e-09
7.080852792995528944e-09
0.000000000000000000e+00
6.190034582687076181e-07
9.111098542291529157e-09
0.000000000000000000e+00
0.000000000000000000e+00
0.000000000000000000e+00
4.113247964454558314e-09
0.000000000000000000e+00
2.500677176442422933e-08
0.000000000000000000e+00
1.665744209233821493e-10
0.000000000000000000e+00
3.203989296096665385e-09
5.512721941158815753e-07
6.226195670144818450e-10
0.000000000000000000e+00
1.686410300294483022e-08
1.236272684224104523e-08
3.159663037877180614e-07
6.496701132618909469e-08
7.221543540936181671e-08
1.215968978840464843e-07
6.210791525518288836e-06
2.103975882405961784e-09
9.311459381322606532e-10
2.244566976727924157e-09
1.355494561039449763e-07
5.624792365210851131e-08
3.099846779264225916e-08
1.069747579407476223e-08
6.330134283416555263e-07
1.851376737249665894e-06
1.222936703015875537e-07
0.000000000000000000e+00
8.193846667836623965e-08
2.280066802029523387e-08
9.360201715935545508e-07
2.212007688129347116e-09
1.828630580291701335e-08
1.717798454592411872e-07
2.940601007139775902e-06
6.143177522233145282e-09
4.865542968524039225e-10
9.965972225245423033e-08
1.723787818264099769e-06
2.701089670154033229e-06
1.016020823030316933e-09
4.451621737899813525e-09
1.426852302977010822e-09
4.801948350063867110e-08
2.603010029744723397e-10
2.632498990351450630e-06
7.916556654663509107e-08
3.547440119433531436e-09
1.259675563858309033e-08
4.527688446387401200e-08
4.052054691783268936e-08
2.891294847984227090e-08
8.206987445191771258e-08
3.024683081775947358e-08
1.441789243550317678e-09
3.740552312336831164e-09
1.397026316851679439e-08
3.827992145488678943e-08
3.551493676923200837e-08
2.020349711528979242e-06
2.204678366979351267e-06
6.076876224447858021e-10
3.059228703694572005e-10
4.102489015167520847e-08
8.400469653224718058e-09
5.224741750353700809e-10
1.094990542682694468e-09
2.625724915272797944e-10
6.780906858239177382e-08
1.672279381637054030e-08
8.739323931195031037e-09
1.834252638666100665e-09
1.584322006920046988e-08
5.831171101533527690e-10
6.689176075269642752e-07
4.802894295607984532e-07
7.975780036417745578e-09
0.000000000000000000e+00
1.909195290750176355e-08
1.109773828389393202e-09
2.703860024766413517e-09
4.593132540975375377e-09
2.813700605841518154e-09
2.230704922112636268e-05
1.155479338876830298e-07
2.169046192657120287e-10
1.409058758561343438e-09
0.000000000000000000e+00
0.000000000000000000e+00
7.789994924678467214e-07
1.043060393612904591e-08
0.000000000000000000e+00
5.607385844541568076e-08
6.356226549542043358e-07
0.000000000000000000e+00
1.549475570072900155e-07
2.937873277986113862e-09
2.191795118733352865e-07
5.142873349406329453e-10
4.903879968765068043e-09
8.677379526034201263e-08
0.000000000000000000e+00
9.926825583761456073e-09
6.407159691690367254e-09
8.467117851296279696e-08
2.890036299163512012e-08
0.000000000000000000e+00
0.000000000000000000e+00
3.218480344457930187e-07
6.518195760918388260e-09
7.189813004515599459e-06
6.855176337694501854e-08
3.401808612579770852e-09
0.000000000000000000e+00
1.416288641920004920e-09
6.448725002883293200e-07
2.095709987770533189e-07
0.000000000000000000e+00
9.977696890928200446e-07
0.000000000000000000e+00
0.000000000000000000e+00
0.000000000000000000e+00
0.000000000000000000e+00
3.936010557481495198e-07
0.000000000000000000e+00
3.873047376146132592e-07
0.000000000000000000e+00
0.000000000000000000e+00
0.000000000000000000e+00
0.000000000000000000e+00
6.248090933524963475e-10
0.000000000000000000e+00
0.000000000000000000e+00
0.000000000000000000e+00
0.000000000000000000e+00
0.000000000000000000e+00
0.000000000000000000e+00
0.000000000000000000e+00
0.000000000000000000e+00
0.000000000000000000e+00
0.000000000000000000e+00
0.000000000000000000e+00
0.000000000000000000e+00
0.000000000000000000e+00
0.000000000000000000e+00
0.000000000000000000e+00
0.000000000000000000e+00
1.231580082361460882e-08
1.495459969191870186e-07
2.638306995095263119e-08
8.499986847709806170e-08
0.000000000000000000e+00
1.692086613047649735e-07
5.104499489760883080e-09
2.157964473781248671e-09
2.726980596889916342e-07
6.518155792889501754e-09
2.323981220797577407e-07
0.000000000000000000e+00
0.000000000000000000e+00
2.256189191029989161e-08
0.000000000000000000e+00
9.706340620141418185e-09
0.000000000000000000e+00
2.103632468219984730e-08
0.000000000000000000e+00
1.400715321508982925e-09
3.239984502911852360e-09
0.000000000000000000e+00
9.382370436128439906e-09
9.123401589761215291e-09
6.907724614535482033e-09
1.439635326505595003e-07
0.000000000000000000e+00
0.000000000000000000e+00
8.524611239124624262e-09
5.564948057923402303e-09
0.000000000000000000e+00
0.000000000000000000e+00
7.512703653622665456e-11
0.000000000000000000e+00
1.922134229559446794e-09
4.032230660477864603e-10
1.135404161800579459e-07
0.000000000000000000e+00
1.942550511557783466e-07
6.569885499629890546e-06
1.128592885812906843e-09
8.556947150850646722e-09
9.030493401951389387e-07
0.000000000000000000e+00
0.000000000000000000e+00
0.000000000000000000e+00
0.000000000000000000e+00
5.242786471626459388e-08
3.083671984427382995e-08
0.000000000000000000e+00
0.000000000000000000e+00
2.512118846276223394e-10
0.000000000000000000e+00
1.206921229623958425e-09
0.000000000000000000e+00
0.000000000000000000e+00
0.000000000000000000e+00
1.088103718238642159e-09
0.000000000000000000e+00
0.000000000000000000e+00
0.000000000000000000e+00
5.628727484108253520e-10
0.000000000000000000e+00
2.110035896008000122e-10
0.000000000000000000e+00
1.244958802715245838e-08
1.829291051969050841e-09
1.835994356547132611e-09
1.500225152994971722e-07
2.320535319455530043e-09
5.837483274540034017e-13
8.959220032522807742e-09
4.892457582172937691e-06
1.775053846131413593e-07
3.996067832190419722e-08
1.248820069577050162e-08
6.449000977681862423e-08
0.000000000000000000e+00
0.000000000000000000e+00
5.540786145868947798e-12
1.238998681429848148e-08
4.040886736333959561e-08
3.155444350255720565e-09
6.272780517235787556e-09
7.519456168836313736e-09
1.669961307015910279e-07
0.000000000000000000e+00
0.000000000000000000e+00
1.347865890011235024e-07
9.699918646077776430e-10
2.152036948643853975e-08
1.826988693665043684e-08
3.364831968610815238e-08
3.627948608198039437e-09
6.173177968804566262e-09
7.938566248810730031e-09
1.245741714228643104e-06
7.410660529671986296e-09
1.096600863093044609e-05
5.822458515325479311e-09
7.999593765184442873e-10
2.264785692318582733e-09
9.618101159958314383e-08
6.707423061413919640e-09
9.713776449871147634e-10
1.308646385700384940e-10
6.161459342735042810e-09
8.672823241795413196e-07
1.133312821366416756e-08
9.130575762128501083e-08
1.579850139599159320e-09
1.297288410029295846e-08
5.852830895491933916e-07
6.591822920842815847e-11
4.009611392907785898e-11
1.283728011003404390e-06
5.929209345723052138e-10
1.181505782099634416e-09
1.990214215652486018e-09
8.654612315694976132e-08
3.021834560357206101e-09
3.715254308644944103e-07
3.925941030047397362e-07
9.962096925164587446e-09
4.883786708376192109e-09
8.057242695258537424e-08
2.111259966852685466e-08
1.709996588772355608e-08
0.000000000000000000e+00
3.988398500354151111e-09
2.900390594362534102e-09
4.820087156076624524e-07
1.410589050010457868e-07
2.014118294368927309e-08
0.000000000000000000e+00
7.488525000098888995e-08
9.715953375177832640e-09
7.493571096972573287e-09
1.368685276226244696e-09
7.604943758066085024e-11
0.000000000000000000e+00
1.129881432859747292e-08
8.811513296791417815e-09
1.353251377622655127e-08
2.676684474067769770e-08
1.325946286101498117e-08
8.144044549851514603e-09
2.226177997499689809e-08
7.843370397608850908e-09
4.501909955934024765e-09
6.096667561905633193e-07
4.091285177310055587e-08
7.643468968865363422e-09
3.060609188310081663e-08
2.974620194606814039e-08
6.909259298026881879e-08
0.000000000000000000e+00
2.455065262196853837e-09
2.089879217237466946e-06
1.406836872774874792e-06
1.012223194152284123e-08
0.000000000000000000e+00
4.455830371341562568e-09
8.104649396045715548e-09
0.000000000000000000e+00
0.000000000000000000e+00
2.482665628633640154e-09
4.929538999220994810e-09
0.000000000000000000e+00
0.000000000000000000e+00
0.000000000000000000e+00
0.000000000000000000e+00
0.000000000000000000e+00
6.573891369043849409e-07
8.688235686449274908e-10
0.000000000000000000e+00
2.493066020292644680e-08
0.000000000000000000e+00
3.850927328130637761e-07
7.054675510431707153e-09
0.000000000000000000e+00
0.000000000000000000e+00
0.000000000000000000e+00
1.871645054052351043e-06
1.012622033158550039e-05
0.000000000000000000e+00
1.265020443952380447e-07
0.000000000000000000e+00
0.000000000000000000e+00
2.530070560169406235e-06
0.000000000000000000e+00
3.749632071503583575e-08
1.505929603240474535e-08
0.000000000000000000e+00
1.021944334711477609e-10
0.000000000000000000e+00
0.000000000000000000e+00
0.000000000000000000e+00
0.000000000000000000e+00
0.000000000000000000e+00
0.000000000000000000e+00
0.000000000000000000e+00
0.000000000000000000e+00
0.000000000000000000e+00
0.000000000000000000e+00
0.000000000000000000e+00
0.000000000000000000e+00
0.000000000000000000e+00
0.000000000000000000e+00
5.886872100901996419e-10
0.000000000000000000e+00
7.800261414558917750e-08
2.910599583572093252e-08
0.000000000000000000e+00
0.000000000000000000e+00
0.000000000000000000e+00
0.000000000000000000e+00
0.000000000000000000e+00
5.939952973932349778e-10
1.797522372726234607e-06
9.230951114602703456e-09
2.493380257817534584e-08
6.923294790794898290e-07
1.470391586266828199e-09
4.573960552534117596e-07
9.773623332876013592e-07
0.000000000000000000e+00
1.514276259939606462e-09
4.977565581931742145e-11
4.029276023942429674e-09
0.000000000000000000e+00
7.875475915852803155e-08
2.061079085180494985e-09
0.000000000000000000e+00
1.156409989988560483e-08
0.000000000000000000e+00
0.000000000000000000e+00
6.757413473224005429e-08
7.312731531428084963e-10
2.652912556300179858e-08
0.000000000000000000e+00
0.000000000000000000e+00
7.874858098944059748e-09
1.831315010747402994e-08
3.547475160847746167e-11
0.000000000000000000e+00
0.000000000000000000e+00
6.438599431390912287e-09
1.356309269340272294e-07
0.000000000000000000e+00
0.000000000000000000e+00
0.000000000000000000e+00
9.542662660066980607e-09
6.389615236912504770e-07
8.211115815059955025e-11
0.000000000000000000e+00
0.000000000000000000e+00
0.000000000000000000e+00
2.393198306194221914e-09
1.569437380055660469e-08
1.189104283788600114e-11
0.000000000000000000e+00
1.032705121417620830e-08
1.814996863913620473e-08
7.396640189227809969e-09
0.000000000000000000e+00
0.000000000000000000e+00
1.786236403233942838e-08
1.240551341652462725e-07
0.000000000000000000e+00
0.000000000000000000e+00
0.000000000000000000e+00
0.000000000000000000e+00
0.000000000000000000e+00
5.639988032157816633e-09
0.000000000000000000e+00
2.612002281132674852e-10
0.000000000000000000e+00
1.879173510133114178e-07
7.436302240648728912e-08
0.000000000000000000e+00
4.021403654519417614e-08
2.787084554256580304e-07
1.363710907753556967e-06
1.176683461778793571e-08
3.791437386269080889e-09
6.759958703916879585e-10
8.277453389382571913e-09
1.318493048074742546e-08
9.994449783334857784e-07
5.374918643497039739e-08
5.851001017020962536e-09
1.232512545357167255e-07
0.000000000000000000e+00
1.696043167020988562e-10
6.738914426485109743e-10
4.600151441991329193e-07
3.740008747143974688e-09
4.160499145200446947e-08
1.506233274994883686e-06
2.230749259979347698e-06
6.590660461824882077e-08
0.000000000000000000e+00
3.245295943088422064e-07
1.851865221169646247e-07
3.618638118041417329e-07
0.000000000000000000e+00
5.394154527493810747e-07
2.249854885727486931e-10
2.045225239166725828e-10
6.904740530444541946e-07
3.007393889475906690e-09
6.310648586804745719e-06
4.566541278450131358e-08
5.545118184069330880e-11
1.809054595014458755e-07
4.462585856401801720e-09
4.173033829601990874e-08
6.947815212043906286e-09
4.549119481112029462e-08
4.508695194971323872e-09
2.578674163089544891e-08
1.406926131153340975e-08
2.687576383664236346e-09
5.072993580768070387e-09
2.767375804069160949e-07
1.690193762726721616e-08
1.515392455075925682e-06
3.263668091335603094e-08
1.246440319846442435e-07
8.711619159385008970e-08
2.424240847176406533e-06
1.194028186546347570e-06
1.045048225734035441e-08
8.583094313507899642e-06
1.010457584271762244e-08
4.508685378823429346e-06
5.451087758956418838e-07
2.861530212783236493e-08
2.191338097645711969e-07
7.624340048195676900e-10
1.731279155592346797e-07
0.000000000000000000e+00
1.370280191398398628e-12
1.326593168649026211e-09
1.881386246793681494e-08
6.035962087480584159e-06
4.760252991786728671e-08
0.000000000000000000e+00
6.789758533187750800e-09
0.000000000000000000e+00
1.777502689037646633e-06
3.936348491606622702e-08
1.859698839368206791e-09
2.280451001646088827e-11
0.000000000000000000e+00
0.000000000000000000e+00
3.942840578474715585e-07
1.588354692216853437e-08
7.270817281579411429e-09
0.000000000000000000e+00
1.396200985936957295e-07
8.524856554004145437e-08
1.263612944057967979e-06
3.828559247409657473e-09
4.423022659238995402e-08
0.000000000000000000e+00
0.000000000000000000e+00
3.280683016915197925e-12
2.016058857634561718e-07
4.406425446745743102e-08
6.480633807370850263e-09
0.000000000000000000e+00
1.091553958332269758e-08
9.830217750916858677e-10
7.267954771350559895e-08
0.000000000000000000e+00
3.898940281743534797e-09
0.000000000000000000e+00
0.000000000000000000e+00
1.521647732261044439e-06
2.808424959255262365e-08
0.000000000000000000e+00
0.000000000000000000e+00
0.000000000000000000e+00
6.048123113444603405e-10
0.000000000000000000e+00
2.336388504886599549e-08
0.000000000000000000e+00
0.000000000000000000e+00
0.000000000000000000e+00
9.267500655774085772e-10
3.336596989811368985e-07
3.443201279651475488e-08
0.000000000000000000e+00
3.762815765639970778e-07
0.000000000000000000e+00
0.000000000000000000e+00
2.669976062463774724e-08
0.000000000000000000e+00
0.000000000000000000e+00
2.735283666233101485e-10
1.572942380789754679e-07
5.765505761701206211e-08
0.000000000000000000e+00
2.864305737038108646e-10
1.184811026178067550e-06
0.000000000000000000e+00
0.000000000000000000e+00
3.950075377900930107e-09
0.000000000000000000e+00
2.872459390346193686e-06
0.000000000000000000e+00
0.000000000000000000e+00
1.205033628437490734e-09
6.413459541221300242e-09
2.729891093622427434e-06
5.141722048129793166e-10
1.386228234423469985e-07
6.922257878017035182e-09
0.000000000000000000e+00
1.361448193765157910e-11
6.938435381798058188e-10
3.104944212850568874e-08
0.000000000000000000e+00
2.971683121799628680e-09
0.000000000000000000e+00
0.000000000000000000e+00
1.778990110778977396e-07
0.000000000000000000e+00
1.961590534449442202e-08
0.000000000000000000e+00
1.683179640110665787e-08
1.231694035652708408e-08
9.110639354048544192e-09
0.000000000000000000e+00
0.000000000000000000e+00
0.000000000000000000e+00
0.000000000000000000e+00
0.000000000000000000e+00
0.000000000000000000e+00
9.860462668598302116e-09
0.000000000000000000e+00
3.965565724683983717e-07
0.000000000000000000e+00
3.898639988619834185e-08
0.000000000000000000e+00
3.308249896250003985e-09
0.000000000000000000e+00
0.000000000000000000e+00
0.000000000000000000e+00
0.000000000000000000e+00
0.000000000000000000e+00
0.000000000000000000e+00
0.000000000000000000e+00
0.000000000000000000e+00
0.000000000000000000e+00
0.000000000000000000e+00
6.895037078997242469e-15
2.285802764845357160e-07
1.139998165311517653e-11
2.828678180577526291e-09
1.559658002747710270e-08
0.000000000000000000e+00
0.000000000000000000e+00
0.000000000000000000e+00
0.000000000000000000e+00
2.989299673572531901e-06
1.712717634383409404e-09
2.300693191514824321e-09
6.122934159691340028e-09
1.365981461276533082e-07
1.657371906382820725e-09
3.169079998421864275e-10
3.035671340967383003e-07
1.820349280023947358e-05
1.454502074338392958e-10
3.565786244053015253e-08
3.806140469464480702e-08
1.995710541269346550e-10
1.987772968448098254e-08
7.861866713199106016e-09
1.137786131977236437e-08
1.457089950918089016e-07
1.097599255928116690e-08
1.147093087183748139e-08
8.997883327310773893e-08
3.410887217114577652e-08
1.607128581326833228e-07
1.006764364319678862e-06
5.957652593480133874e-09
5.837041499034967273e-07
2.502628992928634943e-09
1.142054159575245365e-10
2.096488600500379107e-07
2.940147503238677018e-08
0.000000000000000000e+00
4.573560374865337508e-07
6.295262977573656826e-09
1.471590582724502383e-08
1.498905533026118064e-07
0.000000000000000000e+00
2.437487900408541464e-08
4.846049606044289249e-08
1.883478795150494989e-08
1.951595777427428402e-06
1.580411890245159157e-08
1.362989934250435908e-07
8.418566288526108110e-09
2.349524237388322945e-07
6.563785071023175988e-10
3.002552095843213920e-10
7.899392073795752367e-08
0.000000000000000000e+00
1.001935174826940056e-07
1.787729786428826628e-07
1.557415529873651394e-08
8.774641742093081120e-07
3.353708977194003182e-10
2.168904558175199782e-07
7.897933973488591164e-10
5.200915609293588204e-08
9.518620558424117917e-09
9.461540440014459818e-10
0.000000000000000000e+00
2.313702083256430342e-07
9.296902021560526919e-07
4.953626397963262207e-10
4.668268900331895566e-07
1.894362213761269231e-07
3.544953187883947976e-06
6.092220061759689997e-10
1.809709004874093807e-08
6.823943632383588920e-09
5.481639586690789656e-09
1.173793648945320456e-07
2.497911877341607578e-09
0.000000000000000000e+00
0.000000000000000000e+00
1.152180018060278144e-09
7.039648863838010584e-08
1.070760049515229184e-07
0.000000000000000000e+00
3.210287147226154048e-08
9.832905156770266331e-09
5.072785711490723770e-07
2.265194787298696610e-08
2.979805913128075190e-08
3.041663632075142232e-08
3.287323806944186799e-06
1.527512516474871518e-08
1.729754117718584894e-08
0.000000000000000000e+00
0.000000000000000000e+00
6.579687461538696880e-09
0.000000000000000000e+00
1.661003921071824152e-07
2.232971585414134097e-09
2.824776679233309551e-08
4.565851554616529029e-07
0.000000000000000000e+00
1.346537885638099397e-07
3.770644241285481257e-09
0.000000000000000000e+00
0.000000000000000000e+00
0.000000000000000000e+00
0.000000000000000000e+00
0.000000000000000000e+00
9.623034458172696759e-08
0.000000000000000000e+00
6.660160867255626727e-09
7.219452147211313786e-09
0.000000000000000000e+00
0.000000000000000000e+00
0.000000000000000000e+00
7.583794570109603228e-08
0.000000000000000000e+00
0.000000000000000000e+00
0.000000000000000000e+00
0.000000000000000000e+00
0.000000000000000000e+00
0.000000000000000000e+00
5.348321785447751608e-10
0.000000000000000000e+00
0.000000000000000000e+00
0.000000000000000000e+00
0.000000000000000000e+00
7.952708713787615125e-09
1.099508679658356414e-07
3.072003096349362750e-09
0.000000000000000000e+00
0.000000000000000000e+00
1.886615308421824011e-08
0.000000000000000000e+00
0.000000000000000000e+00
0.000000000000000000e+00
0.000000000000000000e+00
1.968877327840345970e-08
9.037691484081733506e-09
0.000000000000000000e+00
0.000000000000000000e+00
7.114321576295878913e-09
0.000000000000000000e+00
2.361256079552731535e-09
0.000000000000000000e+00
5.076385839464236938e-11
5.440728423344864950e-10
0.000000000000000000e+00
0.000000000000000000e+00
6.951053621584435405e-10
0.000000000000000000e+00
0.000000000000000000e+00
0.000000000000000000e+00
0.000000000000000000e+00
0.000000000000000000e+00
2.126105715094528392e-12
1.943616609878517920e-07
0.000000000000000000e+00
0.000000000000000000e+00
0.000000000000000000e+00
0.000000000000000000e+00
0.000000000000000000e+00
1.483282829894960742e-09
1.446271795657594339e-07
3.119533431572563131e-08
3.104684651589195710e-07
8.322301958685329737e-09
0.000000000000000000e+00
1.139702909824791277e-08
2.783069774636715010e-08
3.640424956928220435e-14
1.377778446887134578e-10
2.766691823558042884e-12
1.149668715783036532e-08
0.000000000000000000e+00
0.000000000000000000e+00
0.000000000000000000e+00
0.000000000000000000e+00
0.000000000000000000e+00
0.000000000000000000e+00
0.000000000000000000e+00
0.000000000000000000e+00
0.000000000000000000e+00
1.318595188593008061e-08
0.000000000000000000e+00
1.127728594951804553e-07
7.993129769179319055e-11
0.000000000000000000e+00
0.000000000000000000e+00
4.756916638370967121e-09
8.964038329395407345e-07
4.421661117248731898e-07
8.107353011155282729e-08
1.475949829909950495e-06
4.472349712791867660e-10
2.031491197485024713e-09
0.000000000000000000e+00
0.000000000000000000e+00
0.000000000000000000e+00
2.634521711897264140e-09
0.000000000000000000e+00
0.000000000000000000e+00
0.000000000000000000e+00
0.000000000000000000e+00
0.000000000000000000e+00
2.030721191204065690e-08
0.000000000000000000e+00
6.560089804708013617e-09
4.481252258159429402e-09
1.037633592204656452e-05
5.299227154864638578e-07
0.000000000000000000e+00
0.000000000000000000e+00
5.715132811445755578e-09
0.000000000000000000e+00
0.000000000000000000e+00
1.963357192380499328e-07
0.000000000000000000e+00
0.000000000000000000e+00
0.000000000000000000e+00
0.000000000000000000e+00
1.526352910730111034e-08
0.000000000000000000e+00
8.155539021892366236e-10
0.000000000000000000e+00
5.448341777736231961e-09
2.009215194220814737e-07
4.288199129121039732e-09
9.405533019091194546e-10
0.000000000000000000e+00
0.000000000000000000e+00
0.000000000000000000e+00
0.000000000000000000e+00
0.000000000000000000e+00
0.000000000000000000e+00
0.000000000000000000e+00
3.604392562195357641e-09
0.000000000000000000e+00
4.368202688453948213e-09
6.562116183772559452e-09
6.295873600237200662e-09
7.621557784887045273e-08
0.000000000000000000e+00
2.884344141307337850e-08
1.254862880273321935e-08
2.943372479080608173e-08
3.606411169698731101e-08
2.267349641371652069e-09
8.008763430211729428e-09
1.257228177564684302e-06
3.334578195790527388e-06
7.440108085177143948e-09
1.425218215445056558e-06
4.524439134456770262e-07
1.668540363652937231e-07
1.039257657708958504e-08
1.017530848912429065e-06
6.853417744423495606e-08
2.764631403806561138e-07
3.190694712884578621e-07
2.079997507564712578e-08
4.834192623093258590e-06
4.702982181470360956e-08
1.467186550030419312e-08
7.085138253870582048e-09
3.933864149985311087e-07
1.225837308993504848e-06
3.357317837071605027e-07
2.099456963833290501e-07
7.810165243427036330e-07
1.675004881462882622e-07
3.763745581863986445e-08
1.386792973789852113e-07
9.896965025291137863e-08
1.928813331275591736e-09
2.374573284669168061e-07
2.310403175442843349e-07
1.233479594020536751e-07
1.719138396083508269e-07
6.340487175293674227e-07
4.335726089266245253e-08
3.920268056845088722e-07
3.749532027086388553e-07
1.008993649520562030e-06
3.434024620219133794e-08
1.737799948386964388e-08
5.802267537546867970e-07
6.716265232853402267e-08
2.429684720084424043e-08
1.230130806106899399e-06
0.000000000000000000e+00
4.969646170138730668e-07
1.314335690949519631e-06
0.000000000000000000e+00
7.869240370439456456e-09
5.317513682712160517e-07
2.617311878339023679e-08
3.465501663413306233e-08
7.002548763068716653e-09
4.821733341486833524e-07
2.268835253005363484e-08
3.712953144940911443e-08
3.159952370879182126e-07
0.000000000000000000e+00
7.101863275238429196e-08
8.002844964494215674e-08
2.407294346085109282e-07
5.238225639914162457e-07
1.872075383602123111e-09
1.787649239304300863e-06
0.000000000000000000e+00
1.246158021217524947e-08
0.000000000000000000e+00
4.263602932041976601e-06
0.000000000000000000e+00
0.000000000000000000e+00
0.000000000000000000e+00
2.822251943257469975e-08
0.000000000000000000e+00
3.082882560345723277e-10
4.873740522270963993e-07
0.000000000000000000e+00
9.581450299833704776e-09
0.000000000000000000e+00
1.088058393383661837e-10
1.153468502934629214e-07
1.747184654732336639e-07
5.703124639211409885e-09
6.270219010673372395e-09
0.000000000000000000e+00
0.000000000000000000e+00
2.798162313411012292e-06
0.000000000000000000e+00
3.455482300296353060e-08
4.125511310348883853e-08
9.424351787856721785e-07
4.647217366482436773e-08
9.247822951863327035e-09
0.000000000000000000e+00
0.000000000000000000e+00
5.239238731746809208e-08
1.191445662129808625e-07
0.000000000000000000e+00
0.000000000000000000e+00
0.000000000000000000e+00
0.000000000000000000e+00
0.000000000000000000e+00
0.000000000000000000e+00
0.000000000000000000e+00
0.000000000000000000e+00
7.282142444609007725e-09
0.000000000000000000e+00
3.388437335161142983e-07
3.582976546567806508e-07
0.000000000000000000e+00
6.138211006145866122e-08
1.041702279991341129e-08
3.310185547888977453e-08
3.344924337511656631e-08
2.001491239411734568e-08
3.922002989042994159e-08
0.000000000000000000e+00
1.762920087688968351e-10
0.000000000000000000e+00
1.176666017954630661e-07
1.704544416725184419e-08
0.000000000000000000e+00
0.000000000000000000e+00
8.871162471280058526e-09
4.008002107980246365e-08
3.857856256672675954e-08
5.333112618188806664e-09
0.000000000000000000e+00
3.392304961380432360e-07
4.342609383201079254e-09
8.341494606156629743e-09
3.520098448839270588e-11
5.898576560525725654e-08
0.000000000000000000e+00
1.040794700202241074e-06
1.971834819869400235e-07
1.949989894001191715e-07
0.000000000000000000e+00
8.246833438363410096e-09
9.389304445051038783e-09
0.000000000000000000e+00
1.951810446598756243e-08
5.661103585907767410e-09
0.000000000000000000e+00
3.480819188439454592e-09
9.295451377511199098e-07
4.218043443415808724e-07
3.542846343407290988e-06
4.096497150385403074e-07
8.472214041432835074e-09
1.833395003814075608e-06
2.715217760851373896e-06
2.215086396972765215e-06
3.058866695937467739e-06
1.695999458206642885e-06
9.643911198509158567e-07
1.106495119529427029e-06
2.402019390501664020e-06
6.074400516808964312e-06
6.864175247756065801e-06
2.199413302150787786e-06
2.183496917496086098e-06
6.357595339068211615e-07
8.067943895184725989e-07
1.071156020771013573e-06
2.740279796853428707e-06
6.314861025202844758e-07
1.260701083083404228e-06
6.362987470254211075e-09
7.096488161550951190e-07
1.168578478427662048e-07
2.322647105756914243e-07
0.000000000000000000e+00
1.225652681569044944e-06
4.047283539421187015e-07
1.692506316430808511e-06
8.208112376451026648e-07
8.036025747060193680e-07
1.509163666923996061e-06
6.568779742366359642e-09
1.787025354360594065e-07
1.412952954638058145e-08
8.037972065721987747e-08
4.245880518283229321e-07
4.825499672733712941e-06
2.322214776029341010e-08
4.293929123377893120e-06
2.303532298242316756e-08
5.567427052710627322e-08
1.657503361229828442e-07
0.000000000000000000e+00
1.343155076938273851e-06
5.336092954166815616e-07
4.617723163846676471e-07
3.068210844503482804e-06
2.308027433173265308e-06
7.718505230513983406e-07
5.793792752228910103e-06
6.494730087069910951e-07
6.462796022788097616e-07
7.736996394669404253e-07
1.090815089810348582e-06
7.681696843064855784e-07
2.690783503567217849e-06
1.022128458316728938e-06
1.279386992791842204e-06
1.554169102746527642e-06
9.629997066440409981e-07
3.022551481990376487e-06
1.425610207661520690e-06
5.185167992749484256e-06
7.495662543988146354e-07
1.976973862838349305e-06
7.836653139747795649e-07
7.402692290270351805e-07
5.962261866443441249e-07
1.587481051501526963e-06
1.129667339228035416e-06
8.361233767573139630e-07
1.127153495872335043e-06
7.272947755154746119e-07
7.077971417857042979e-07
1.992121042349026538e-06
7.992634323272795882e-07
1.028148304271780944e-07
6.175745852488034870e-07
1.075078557732922491e-06
1.113258235818648245e-06
1.870991042096648016e-07
2.130358780050300993e-06
2.000327185669448227e-06
5.534110982807760593e-07
6.793762281631643418e-07
2.751756333907451335e-08
4.930638297651057655e-08
1.368331137285849763e-08
2.746885172655311180e-07
2.606739371913135983e-06
4.460140701212367276e-07
6.312966860377855483e-08
2.905230545025005995e-08
5.414991619545617141e-07
5.897944674870814197e-07
0.000000000000000000e+00
0.000000000000000000e+00
2.659305948782275664e-07
7.695422254982986487e-07
0.000000000000000000e+00
4.514550369094649795e-07
1.412010153245546462e-08
2.845156132025294937e-06
4.661060302169062197e-06
2.256340252415611758e-07
0.000000000000000000e+00
0.000000000000000000e+00
1.272376408678610460e-07
1.085020358004840091e-06
1.518299200142791960e-06
1.062649971572682261e-06
4.063305993895482970e-07
1.595151843503117561e-06
2.376930979153257795e-06
7.991050665623333771e-07
4.203188382234657183e-06
6.264672833822260145e-07
6.244161454560526181e-07
2.046866711680195294e-06
1.816930193854204845e-06
6.645368102908832952e-06
2.314636731171049178e-06
1.656786594139703084e-06
2.569314347056206316e-06
1.456916720599110704e-06
8.957958925748243928e-07
5.476951514538086485e-07
4.939195150654995814e-07
3.892223048751475289e-06
8.120719208193349914e-09
1.947297960214200430e-06
2.664533667484647594e-06
1.657204734328843188e-06
4.508874269504303811e-07
3.153667478272836888e-07
1.264301545234047808e-06
6.451082299463450909e-07
7.505041708100179676e-07
1.106367221836990211e-06
1.510945537575025810e-07
5.108575464873865712e-07
0.000000000000000000e+00
6.022511911396577489e-08
1.212516872328706086e-05
4.253471956872090232e-07
1.135308866651030257e-05
1.275527381494612200e-07
2.186115040103686624e-07
0.000000000000000000e+00
0.000000000000000000e+00
0.000000000000000000e+00
0.000000000000000000e+00
0.000000000000000000e+00
5.274998216009407770e-09
0.000000000000000000e+00
1.666348765638758778e-07
2.928009621427918319e-07
1.757410132086079102e-06
4.877448986917443108e-07
2.370076401803089539e-07
2.922838120866799727e-06
1.011211111290322151e-06
3.422081590542802587e-06
9.217462775268359110e-07
2.463735427227220498e-06
1.422326135980256367e-06
1.014622739603510126e-06
7.621014219694188796e-07
1.836203978200501297e-06
2.962818143714684993e-06
7.737730243206897285e-07
6.794795126552344300e-07
3.573772346499026753e-06
9.115562988881720230e-07
2.079392288578674197e-06
0.000000000000000000e+00
0.000000000000000000e+00
2.702958454392501153e-06
1.601170254161843332e-07
2.459624283801531419e-06
1.706191255834710319e-06
2.362952727708034217e-06
5.975672845437429714e-09
1.191505475617304910e-06
3.694956376421032473e-06
0.000000000000000000e+00
0.000000000000000000e+00
1.939231175640543370e-08
3.545613651567691704e-07
2.325031573491287418e-06
4.000884814558958169e-07
2.132726564241238520e-07
1.123995048146753106e-07
1.125853614780680800e-07
1.390089039432496065e-07
0.000000000000000000e+00
6.780954890928114764e-07
4.671370845699129859e-07
0.000000000000000000e+00
1.281955246668076143e-05
0.000000000000000000e+00
5.067146258141974613e-09
0.000000000000000000e+00
4.193278613229267648e-08
2.613915512483799830e-06
1.889395775833691005e-06
1.191041647530255432e-07
1.676626084190502297e-06
2.175642748625250533e-06
1.727799258333106991e-06
1.023581148729135748e-06
7.913910849310923368e-06
1.006118964141933247e-06
1.287830514229426626e-06
1.133149680754286237e-06
1.123317701967607718e-06
1.814518896026129369e-06
1.860891302385425661e-06
3.147489223920274526e-06
6.288517852226505056e-06
5.696344373973261099e-07
3.833262951502547367e-08
6.867501269880449399e-07
1.617625798644439783e-06
1.268680193788895849e-06
7.678991664761269931e-07
5.364964295040408615e-07
4.201784520319051808e-07
1.852106038313650060e-06
0.000000000000000000e+00
4.084044391561292286e-08
0.000000000000000000e+00
0.000000000000000000e+00
7.493358680221717805e-07
3.098156184933031909e-06
8.876554602466057986e-07
6.284700475589488633e-07
0.000000000000000000e+00
7.926701641736144666e-07
1.423670141775801312e-06
2.258077813621639507e-07
3.137315518486616384e-09
2.201257132128375815e-07
4.770996042680053506e-07
1.877550516837800387e-06
3.881653398707385350e-08
1.277195127435959421e-09
4.656920680190523854e-07
0.000000000000000000e+00
1.392206399941642303e-06
1.366761495091850520e-07
7.009430191828869283e-08
0.000000000000000000e+00
0.000000000000000000e+00
1.479073006294129300e-07
0.000000000000000000e+00
3.789560665268254525e-08
0.000000000000000000e+00
1.417437943018740043e-06
1.005145833232745645e-07
7.299172921193530783e-06
1.456327368032361846e-06
6.510604180220980197e-06
8.100059858406893909e-06
1.335086267317819875e-06
0.000000000000000000e+00
0.000000000000000000e+00
0.000000000000000000e+00
7.957767593325115740e-06
0.000000000000000000e+00
0.000000000000000000e+00
0.000000000000000000e+00
1.584989377079182304e-06
5.844992934100901039e-09
0.000000000000000000e+00
0.000000000000000000e+00
0.000000000000000000e+00
0.000000000000000000e+00
9.124353182732303225e-12
4.920765461768894511e-10
0.000000000000000000e+00
0.000000000000000000e+00
4.715823251899564639e-06
3.955087777285370976e-06
9.582176971889566630e-06
