4.935414921192204929e-08
6.876049241100190557e-08
2.395569786983742233e-08
2.851471947451500455e-07
2.445113068461068906e-06
1.217763497152191121e-06
8.279330643290450098e-08
1.023771619657054543e-05
1.742031258800125215e-06
1.399979396410344634e-06
1.428816176485270262e-05
1.801021880964981392e-06
2.114276685460936278e-05
4.354989414423471317e-06
9.218234481522813439e-06
9.842785402724985033e-06
3.706027564476244152e-05
2.723554644035175443e-05
1.093958871933864430e-05
2.325759673738048150e-08
2.816032974806148559e-06
4.415183866512961686e-06
4.247044216754147783e-06
9.106080938181548845e-07
2.994895112351514399e-06
4.355236342235002667e-06
3.186406956956489012e-06
1.308740138483699411e-06
5.817253168061142787e-06
1.397078790432715323e-06
1.557644395688839722e-06
3.231853497709380463e-06
6.265746037570352200e-07
1.025596702675102279e-06
6.710605248372303322e-06
1.146612703450955451e-05
2.855010734492680058e-06
1.059232818079181015e-05
5.256887561699841172e-06
1.087008149625035003e-05
8.750444067118223757e-06
2.002294877456733957e-06
4.445470949576701969e-06
1.488264047111442778e-06
3.981705958722159266e-06
6.649948431913799141e-07
1.206707679557439405e-06
9.425274583918508142e-06
1.251592766493558884e-05
3.095642341577331536e-06
6.431146175600588322e-07
1.251811340807762463e-06
3.645862761914031580e-06
1.206743490911321715e-05
3.439695603901782306e-07
4.550830112748371903e-07
6.833869974798290059e-06
3.007302439073100686e-06
1.097986205422785133e-05
8.713947863725479692e-06
3.046478013857267797e-06
6.473633220593910664e-06
4.674874617194291204e-06
1.334172907263564412e-06
1.863551005953922868e-06
2.557426796556683257e-06
1.135822094511240721e-05
1.805063948268070817e-05
3.114404989901231602e-06
9.722011782287154347e-06
2.692549242055974901e-05
6.162893896544119343e-06
7.426563388435170054e-05
9.508260518487077206e-06
1.451412344977143221e-06
1.508290210949780885e-06
2.476169584042509086e-06
8.231571882788557559e-06
5.507428795681335032e-06
1.649648402235470712e-05
6.741005904586927500e-07
1.590813809571045567e-07
7.207645012385910377e-06
2.907872385549126193e-06
5.972711733193136752e-06
2.056883658951846883e-06
1.823691377467184793e-06
2.677981001397711225e-06
1.220249487232649699e-05
7.389702204818604514e-06
1.213319478665653151e-06
6.411621143342927098e-06
2.774032054730923846e-06
1.488118641645996831e-06
4.174701189185725525e-06
1.861451892182230949e-06
6.185135134728625417e-06
1.255057782145740930e-06
3.664057658170349896e-06
1.519377292424906045e-06
2.862713017748319544e-06
2.301575932506239042e-06
6.782160653528990224e-06
1.336154468845052179e-06
1.912223297040327452e-06
3.728432602656539530e-06
1.273495854547945783e-06
3.456306558291544206e-06
8.676718607603106648e-06
3.102264372500940226e-06
5.035918547946494073e-06
2.913640400947770104e-06
4.389804871607339010e-06
1.885639562715368811e-06
3.906849542545387521e-06
1.019065166474319994e-05
6.750769898644648492e-07
3.611859938246197999e-06
5.604869329545181245e-06
3.876134087477112189e-06
2.070984555757604539e-05
7.965856639202684164e-06
8.471962246403563768e-06
8.438184522674418986e-06
7.431319772877031937e-06
7.632531264789577108e-07
4.026989245176082477e-06
3.516273636705591343e-07
8.768337465880904347e-06
3.496460294627468102e-06
1.116844259740901180e-06
9.178068467008415610e-06
4.781268216902390122e-07
2.288086164980995818e-07
5.417951342678861693e-06
6.762686098227277398e-06
7.955925411806674674e-07
4.650052289889572421e-07
2.990867869812063873e-06
7.378307600447442383e-07
2.063120746242930181e-06
2.383109631409752183e-06
1.379355808239779435e-06
2.227160848633502610e-06
2.946190079455845989e-06
7.968746444930729922e-07
4.554308816295815632e-06
8.133386018016608432e-07
6.226721325219841674e-07
1.290325235459022224e-05
6.744598977093119174e-07
5.985762641103065107e-07
3.187142283422872424e-06
6.862081818326259963e-07
3.418775804675533436e-07
4.477821676118765026e-06
1.974579646457641502e-07
7.400852155114989728e-06
4.197869657218689099e-06
4.296178985896403901e-07
2.232933638879330829e-06
1.044374471348419320e-06
4.101279500901000574e-06
1.456164909541257657e-06
1.144135467257001437e-06
4.496717338042799383e-06
1.720948944239353295e-06
1.130054556597315241e-06
4.424912731337826699e-06
3.262062762132700300e-07
2.318716269655851647e-06
1.634644206660595955e-07
1.748600539031031076e-06
3.218765982637705747e-07
9.269689371649292298e-07
6.922549289356538793e-08
1.668146751399035566e-06
1.169881102214276325e-06
1.029300875643457402e-07
5.707839250135293696e-07
3.541460273481789045e-06
1.306004406842475873e-07
1.712578750812099315e-06
1.609494574950076640e-06
3.184493607477634214e-06
1.470389634050661698e-06
4.563736638374393806e-06
4.200914645480224863e-06
3.079306679865112528e-06
1.091045191969897132e-06
9.698851499706506729e-08
2.264041683019968332e-07
1.728688289404090028e-06
1.787536575648118742e-06
1.544571659906068817e-06
4.352174073574133217e-06
2.537978161853970960e-06
4.196108875476056710e-06
7.479023224732372910e-06
3.715671255122288130e-06
1.762692704687651712e-06
8.732478136153076775e-07
2.030525592999765649e-06
1.348386376776034012e-06
3.162370603604358621e-06
8.610167583356087562e-07
4.452860594028607011e-06
1.007351215775997844e-07
1.669546873017679900e-05
8.674736818647943437e-06
8.153324415616225451e-07
1.161717818831675686e-06
4.280843057813399355e-08
1.184942561849311460e-06
1.296050697874306934e-07
3.298273441032506526e-06
3.833372829831205308e-06
9.048925676324870437e-06
8.860023967827146407e-07
4.183886176178930327e-06
2.207288162026088685e-06
1.043815518642077222e-05
2.115624056386877783e-06
1.771327333699446172e-06
1.053559913088975009e-06
2.819861038005910814e-06
1.003285433398559690e-05
2.998274624133046018e-07
6.899248461422757828e-08
6.357667103884523385e-08
1.902657345453917515e-06
4.337717200542101637e-06
1.094566869141999632e-06
8.625188741007150384e-08
2.648250074344105087e-06
1.200948645418975502e-06
1.511078693283707253e-07
2.191403154938598163e-06
2.522077693356550299e-07
1.195312961499439552e-06
1.846423856477485970e-06
7.007224667177069932e-07
6.000815346851595677e-07
1.822875788093369920e-06
1.157905899162869900e-05
3.409508053664467297e-06
3.255953231473540654e-07
2.773545020318124443e-06
5.514566510100848973e-06
3.490172957754111849e-06
1.221741695189848542e-05
3.954274234274635091e-06
8.970592716650571674e-06
9.420686524208576884e-07
3.234651103412033990e-06
9.693178981251548976e-06
3.287154584086238174e-07
1.721348439787107054e-06
4.075025572092272341e-06
1.430265825774768018e-07
7.344166941258833958e-12
