3.939200610147963744e-07
3.321280317436503537e-08
1.632521815508880536e-07
8.873716410562337842e-07
7.544639970546995755e-07
7.373081700734473998e-08
1.998773041123058647e-05
2.390520990047662053e-07
4.546781838143942878e-06
1.050823266268707812e-05
1.702848180684668478e-06
3.971009334691188997e-07
4.143103069509379566e-07
7.357228696491802111e-06
4.157102466706419364e-06
5.041335953137604520e-06
9.176104867947287858e-06
2.270407776450156234e-06
2.530221536289900541e-06
1.785306835699884687e-06
5.216961199039360508e-06
1.656811946304515004e-05
1.024852099362760782e-05
2.642587787704542279e-05
1.158372924692230299e-06
3.655431783045060001e-06
1.151986566583218519e-06
1.345097530247585382e-06
7.173396170401247218e-06
6.469225581895443611e-07
2.891279336836305447e-06
1.273235852750076447e-06
1.184025586553616449e-05
9.674326975073199719e-06
1.184380562335718423e-05
3.890820153173990548e-06
3.220353619326488115e-06
2.861940515686001163e-07
1.403751321049639955e-05
1.459085251553915441e-05
2.812311095112818293e-07
9.513576515018939972e-06
3.002653647854458541e-05
9.605984132576850243e-07
1.416505256202071905e-06
9.607005040379590355e-07
1.414043981640134007e-05
3.912326064892113209e-06
1.859071517174015753e-06
1.672346115810796618e-06
1.701275778032140806e-06
7.284660568984691054e-06
4.623544100468279794e-06
1.216515784108196385e-06
8.228142178268171847e-06
4.711149358627153561e-06
2.594264742583618499e-06
7.202033884823322296e-06
1.013115343084791675e-05
1.650870672165183350e-06
4.386511591292219236e-06
9.867324479273520410e-06
3.707642008521361277e-06
7.229568836919497699e-06
5.126146788825280964e-06
6.654999651800608262e-06
6.035400019754888490e-06
3.280671808170154691e-05
2.053658135992009193e-06
2.068846015390590765e-06
1.365526031804620288e-06
3.814309593508369289e-06
8.384499778912868351e-06
2.344590257052914239e-06
6.795346507715294138e-07
1.423370122211053967e-05
1.807409171306062490e-05
6.332799785013776273e-06
6.695769116049632430e-06
2.412762114545330405e-06
1.151767264673253521e-05
2.255697495456843171e-07
2.731027961999643594e-06
3.676399728647083975e-06
4.308147254050709307e-06
3.865888629661640152e-06
5.533674993785098195e-07
2.648546069394797087e-05
2.353761061613113270e-07
4.904237812297651544e-06
6.476310318248579279e-06
1.972265636140946299e-06
3.118686436209827662e-06
7.361705229413928464e-06
7.027809715509647503e-06
7.779197403579019010e-06
2.880543206629226916e-06
8.727658496354706585e-06
1.386335725328535773e-06
3.672931143228197470e-06
1.669234421797227697e-07
7.310107775992946699e-06
1.263692138309124857e-05
1.421367414877749979e-06
3.815463969658594579e-06
7.222668045869795606e-06
1.428841460437979549e-05
1.022095511871157214e-05
1.093874928415061731e-07
3.100105004705255851e-06
9.539868415231467225e-07
3.455975956967449747e-06
5.816068551212083548e-06
8.025517672649584711e-06
1.288997736992314458e-05
1.400969176756916568e-05
3.429399157539592125e-06
1.438504023099085316e-05
6.402516191883478314e-06
2.240828052890719846e-06
1.932412260430282913e-06
5.149447588337352499e-06
2.159363702958216891e-06
5.980506557534681633e-06
2.876675125662586652e-06
4.834715809920453466e-07
1.144510497397277504e-05
9.201139619108289480e-06
1.507287834101589397e-06
2.676502390386303887e-06
1.273163206860772334e-06
2.346812607356696390e-06
2.825135652528842911e-06
4.418091975821880624e-06
1.229690042237052694e-06
3.185971308994339779e-06
1.566914875184011180e-06
4.930994236929109320e-06
3.641222065198235214e-06
5.956486504032909579e-08
3.045142648261389695e-06
2.662073711690027267e-06
3.816188382188556716e-06
1.284562699765956495e-06
7.989964615262579173e-06
4.469132761641958496e-07
4.648349204217083752e-06
1.470239823220254038e-07
2.903528184106107801e-06
2.734007466642651707e-06
1.925511014633229934e-06
2.191306748500210233e-06
3.381810742553170712e-08
1.083254846889758483e-05
6.835887802481011022e-07
1.462139476160473350e-08
4.330660431151045486e-06
2.064344243990490213e-06
5.376825029657084087e-08
1.802426140784518793e-06
1.826779953262303025e-05
2.989640279338345863e-06
1.568613015479058959e-06
5.717189992537896615e-07
7.893853762652724981e-06
8.104212838588864543e-07
1.021873572426557075e-06
2.207027682743500918e-05
0.000000000000000000e+00
2.333178599656093866e-06
8.549573976779356599e-06
8.257375156972557306e-07
4.355902092356700450e-06
1.328713665316172410e-06
4.210772658552741632e-06
5.941594736214028671e-06
5.610952484857989475e-07
5.012917654312332161e-07
5.111349992148461752e-07
1.576551312609808519e-06
2.308680819851360866e-07
4.402528190894372528e-07
2.199399887103936635e-06
2.137247605560332886e-07
1.564780632179463282e-06
3.524866542647941969e-06
2.701958010220550932e-06
1.288489784201374277e-06
5.082958523416891694e-06
1.070107487066707108e-06
3.082652938246610574e-06
7.266942816386290360e-07
2.520623411328415386e-06
1.664331648498773575e-06
2.652247303558397107e-06
1.877742192846199032e-07
5.049388960287615191e-07
3.119365032944187988e-07
6.186129439811338671e-07
3.484354351712681819e-07
1.102921487472485751e-06
1.785789720543107251e-07
1.408417631409975002e-07
3.908241694716707570e-07
9.953322432920685969e-07
4.930570085548424686e-08
2.326763706150813960e-07
2.353881853878192487e-07
5.147403044247766957e-06
2.637921170389745384e-06
1.290220779992523603e-06
4.346897185314446688e-06
6.470979201367299538e-07
3.545582558217574842e-06
1.537121647743333597e-06
1.088243720914761070e-06
3.772271668367466191e-07
3.658096147773903795e-06
1.124705363508837763e-06
6.411618869606172666e-06
8.474901846966531593e-07
8.039853014452091884e-07
3.706180473628251093e-09
1.140613676398061216e-06
4.267951112524315249e-07
4.211717623547883704e-07
1.210518803418381140e-06
1.905878207253408618e-06
2.848402800736948848e-06
1.401434133185830433e-07
7.061073574732290581e-07
1.867774699348956347e-06
3.944384388887556270e-06
4.117489709187793778e-07
5.509952188731404021e-06
1.967091556309696898e-08
6.579687692465086002e-07
8.713757324585458264e-07
1.524211654668761184e-07
8.400918886763975024e-06
2.455464027661946602e-07
0.000000000000000000e+00
1.102721057577582542e-06
4.235966173382621491e-07
3.391166501387488097e-06
5.382853487390093505e-07
4.431275556271430105e-06
2.365564455431012902e-07
9.545227896978758508e-08
1.750379965415049810e-06
5.920759917898976710e-07
6.308592759296516306e-09
9.776417755347210914e-07
5.771850624114449602e-07
5.580448032560525462e-06
8.809719815872085746e-07
1.729667133076873142e-06
5.265151230560149997e-07
3.814822775893844664e-06
1.298222741752397269e-06
2.024183686444303021e-06
3.902738683336792747e-07
4.001092293037800118e-06
1.100171061807486694e-06
1.594813738847733475e-06
1.811780180105415639e-06
1.136186483563506044e-06
7.048724000924266875e-06
2.900071081057831179e-07
1.949655015209827980e-08
4.219970378471771255e-06
1.646359315543577395e-08
1.086430998498144618e-07
1.055568759511515964e-06
1.217641738548991270e-07
2.536382339712872636e-07
1.863810297209056444e-07
1.288283080214114307e-08
6.009054231981281191e-07
1.241476979885192122e-06
1.475107069381920155e-06
1.214447820530040190e-06
2.300386768183670938e-06
1.967371616728996742e-07
1.433325813593455678e-08
1.228965942345894291e-07
5.575716386374551803e-07
1.283163868492920301e-07
3.213496881926403148e-07
1.223032697339476726e-08
3.534487177603296004e-06
4.440145733725087140e-12
1.538011531465599546e-07
2.027454542030682205e-07
1.718349835755361710e-07
5.367514290810504463e-07
1.255927344345764141e-07
2.386408626264824306e-09
1.532106885804296326e-08
4.971435885181563208e-08
7.939278816593287047e-07
5.297498773870756850e-06
3.686820377879485022e-07
3.045063010631565703e-07
7.920300959085579962e-06
6.844288691354449838e-07
2.156390479512992897e-07
1.804886551326490007e-06
4.307361223254702054e-07
6.239880612213255517e-09
2.920469643896694834e-09
9.424358040632796474e-07
1.129800125454494264e-06
6.444100563385291025e-06
1.672679559305834118e-06
2.860749418687191792e-06
1.504669626228860579e-06
1.387005522701656446e-05
7.509391934945597313e-07
3.591568884075968526e-06
2.591760676295962185e-06
7.572552476631244645e-06
3.712765646923799068e-06
3.410244971746578813e-06
2.988687356264563277e-06
4.345729848864721134e-06
1.984133632504381239e-06
5.130532940711418632e-07
2.841265995812136680e-07
6.208913561067674891e-08
1.120142655963718425e-06
2.409125272606615908e-06
1.931746965055936016e-06
3.208248244845890440e-07
2.277069768297224073e-07
2.253221254022719222e-07
1.087820805878436659e-06
3.804312598276737845e-07
9.441441193303035107e-07
2.871433935069944710e-06
3.710243618115782738e-06
2.131119032355854870e-07
7.812311082489031833e-07
2.026391143772343639e-07
8.521968197783280630e-08
3.206879455319722183e-06
7.265805290757043622e-09
6.461341239827333993e-09
5.210409326217302350e-10
4.832840794222192926e-09
4.366951689149800586e-09
1.590078402280425962e-09
1.817102912582413410e-07
7.801740480317675974e-07
2.701357573187124217e-07
2.831071469699963927e-06
5.871524535905336961e-06
0.000000000000000000e+00
2.916351604653755203e-07
7.913075023679994047e-06
3.298651733985025203e-07
7.660253231733804569e-07
7.955904379741696175e-07
5.319083697941096034e-07
2.001338543777819723e-06
7.415681011480046436e-06
8.935576829571800772e-07
4.237473945067904424e-07
6.927911726961610839e-06
2.077463022942538373e-06
7.764079441585636232e-07
5.809416165902803186e-07
2.411153218417894095e-06
6.064312856324249879e-07
5.735608397117175627e-07
2.561576138759846799e-06
5.892084118386264890e-07
4.296375664125662297e-07
8.032379810174461454e-07
6.752491117367753759e-07
3.182316049787914380e-06
5.345906174625270069e-06
4.712534291684278287e-07
9.659745501267025247e-07
1.564537569720414467e-06
1.823069737838522997e-06
5.376347189667285420e-07
1.168003507245884975e-07
1.816842427615483757e-07
1.426782546332105994e-06
9.303892767320576240e-09
1.064822868102055509e-06
3.462083441263530403e-06
1.113409666686493438e-06
1.567444058991895872e-07
3.138984894235363754e-08
1.251073285857273731e-06
1.068145039084811287e-07
8.836029223857622128e-07
1.084235035087033339e-09
8.480185442749643698e-09
3.663602088366246790e-09
2.354051620301333969e-09
5.701482841402594204e-09
5.978522676919340029e-10
2.162141981898457743e-06
2.075395286738057621e-06
1.946458354495916865e-07
6.604211080230015796e-07
6.128200169541742071e-08
3.764944551676308038e-07
1.849085009553164127e-07
1.844121584326785523e-06
5.613659936898329761e-07
3.112420599027387880e-10
5.355149141905712895e-07
6.058209237380651757e-06
7.334571137107559480e-07
1.525910374766681343e-05
6.687287736895086709e-07
2.732714392550406046e-06
1.811824176911613904e-06
3.628733793448191136e-06
1.950659225258277729e-06
4.292690846341429278e-06
1.423246771992126014e-06
2.068994717774330638e-06
9.680172752268845215e-07
3.814054494455376698e-08
4.884063287136086728e-07
2.161504198738839477e-06
3.945990101783536375e-06
1.069524842023383826e-06
3.912737156497314572e-07
6.727005938955699094e-07
5.374626255161274457e-08
3.965118935411737766e-07
6.853938572248807759e-08
6.138448611636704300e-07
1.053996641076082597e-07
4.910503321298165247e-06
1.160489926377294978e-08
5.449290085834945785e-08
1.794386292885974399e-07
7.016790277702966705e-07
2.916826588261756115e-06
2.406118028375203721e-06
2.555277660576393828e-06
1.542188329040072858e-06
1.142456312663853168e-06
2.361188990107621066e-06
5.760331305282306857e-07
6.608299685240126564e-08
1.302533547686834936e-07
5.504531230826614774e-08
4.202657422069933091e-08
1.530670523663957283e-08
1.194657670566812158e-05
5.577780939347576350e-06
2.149330846634711634e-08
7.736897487120586447e-07
6.238580851913866354e-08
2.349320595840254100e-07
1.070792313839774579e-05
1.241565428244939540e-06
4.159936452197143808e-06
9.616097713660565205e-07
8.181341399904340506e-07
1.812739355955272913e-06
8.095525458884367254e-07
4.003280992037616670e-06
8.242813578362984117e-07
1.080629681382561103e-05
3.548778977346955799e-07
2.852229954442009330e-06
7.561767461083945818e-07
2.673114067874848843e-06
9.294453775510191917e-07
2.291470082127489150e-06
3.732169489012449048e-07
5.874118187421117909e-07
1.032832486203005828e-07
1.482917014072882012e-05
6.362466137943556532e-06
6.747558018105337396e-06
2.860454761943742596e-09
1.268247387997689657e-06
1.137993450583962840e-07
3.235729479911242379e-07
3.062439759560220409e-07
1.764554440342180897e-07
1.354083110527426470e-06
6.009758468650261420e-09
5.532355658033338841e-07
4.386139895729002092e-09
7.561589132620838427e-10
9.072876849813837907e-08
7.212462378447526135e-07
1.425372943231195677e-06
5.646290190952640842e-08
5.969604899291880429e-08
8.856481485963740852e-07
7.965007320365202759e-09
1.387271822750335559e-06
3.709088787218206562e-07
1.101365683098265436e-06
4.620882521066960180e-08
8.998578095997800119e-07
2.844063828888465650e-08
4.378240348046347208e-08
2.545832273881387664e-07
2.280631412887590415e-11
1.653244908084161580e-06
9.076519091877344181e-09
1.785320113967259203e-09
3.092874845123105843e-09
4.208066073374538973e-08
2.105028443111223169e-06
0.000000000000000000e+00
1.734524204266563174e-07
3.153756324536516331e-06
1.680131958892161492e-06
2.816613232425879687e-06
3.531638412823667750e-07
9.812255896690658119e-09
5.784066161140799522e-06
5.640271865559043363e-06
2.786225650197593495e-07
3.777823394557344727e-06
3.890930244665469218e-08
1.263969579667900689e-06
5.468405674946552608e-07
3.552856924216030166e-06
4.948736886944971047e-07
2.697806621654308401e-06
1.177737317448190879e-06
2.374678842897992581e-06
4.131437890464439988e-06
3.943775027437368408e-06
1.964983084690175019e-06
2.204388920290512033e-06
1.916909241117537022e-06
2.013783159782178700e-06
3.433252686591004021e-06
6.197759034876071382e-07
4.927582267555408180e-06
1.951303147507132962e-06
1.049543584485945757e-06
2.618263124531949870e-06
3.768286887861904688e-06
5.015813826503290329e-07
1.094565959647297859e-06
5.358455382520332932e-06
8.322238009839111328e-09
1.046397414938837755e-06
9.610123363756883919e-09
1.654934749240055680e-07
1.635974058444844559e-07
2.802931078349502059e-07
5.049284482083749026e-06
3.299509332421735053e-09
7.275732460954031922e-09
8.097502224302388640e-09
1.289248245939234039e-07
1.530869440102833323e-07
1.261900138160854112e-06
2.004028942792501766e-07
0.000000000000000000e+00
6.977098792049218901e-07
1.166826919529739826e-07
4.134629136842704611e-07
5.517465595517023758e-08
1.879232236490224750e-08
1.500151483924128115e-06
8.561493700653954875e-07
1.082004175145812042e-08
1.353487846245116089e-06
1.643618361413246021e-06
8.064391181505925488e-07
2.977687017846619710e-06
1.138282186730066314e-06
6.174518034640641417e-07
4.878824711340712383e-06
9.775566240932676010e-07
4.098553940679039442e-09
5.820167814363230718e-08
1.026535755954682827e-05
1.996140639448640286e-07
2.298357458130340092e-06
5.161003855391754769e-07
5.960323505860287696e-06
1.050451373885152861e-06
1.977833335331524722e-06
2.822405804181471467e-06
4.405995355227787513e-07
2.516033418942242861e-06
7.849644134694244713e-06
5.567544576479122043e-07
4.257738964952295646e-06
9.386830015500891022e-07
4.953715233568800613e-06
1.700900952528172638e-06
1.066579557118529920e-06
4.785819328390061855e-06
3.305164455014164560e-06
1.450169179406657349e-06
1.794199306459631771e-06
1.656417111917107832e-06
1.783943304189961054e-07
4.994467985852679703e-07
4.589709945435060945e-08
1.815453970266389661e-06
1.170302425634872634e-06
1.135112938754900824e-06
5.236047400103416294e-06
2.973153279128837312e-08
6.882143566144804936e-07
1.438563003830495290e-06
2.321119723092124332e-07
2.199287791881943122e-07
1.209503079735441133e-05
7.938935482343367767e-07
1.608488418014530907e-07
1.431679379493289161e-07
1.828909262258093804e-06
5.856311546814652047e-10
1.868266849669453222e-06
1.633310148463351652e-06
3.823049894435825991e-07
4.937974154017865658e-06
4.567407785316390800e-09
0.000000000000000000e+00
9.079282108359620906e-07
9.204587513522710651e-06
3.495329337965813465e-06
8.564584419445964159e-08
6.885013448254539981e-09
9.016648760962198139e-09
1.438515084828395629e-07
1.225528649229090661e-06
1.462869931856403127e-07
4.941543352288135793e-08
7.213560024865728337e-07
1.565869752084836364e-06
3.408188931075528671e-08
6.108107868385559414e-07
9.191074212822059053e-08
2.087484674007100693e-08
4.745848514176032040e-07
1.778703573318551889e-10
1.152968920337116288e-07
1.063160198100376874e-06
8.967407438831287436e-08
5.930053248448530212e-08
6.487529731202812400e-07
6.167915671539958566e-06
2.196368313889252022e-06
1.454858079341647681e-06
1.253003603096658480e-07
2.323685350802406901e-07
2.932122242782497779e-06
3.623188604251481593e-06
4.092614744877209887e-06
3.557302306944620796e-06
2.110425384671543725e-06
2.876987082345294766e-06
4.422030997375259176e-06
4.528836598183261231e-06
1.701727967429178534e-07
2.051128603852703236e-06
2.841826471922104247e-06
1.625805452931672335e-06
3.306733731278654886e-07
2.138978771881738794e-07
6.592702561647456605e-07
2.679255715065664845e-07
1.733674253046046942e-06
4.078812594343617093e-07
7.718345784724078840e-08
1.728467964312585536e-06
2.985778069231059817e-09
1.532709035245716223e-07
0.000000000000000000e+00
3.408365500945365056e-07
1.440507503502885811e-06
8.836518077259825077e-07
8.073562298704928253e-07
4.275390264041334376e-09
4.038389761262806132e-06
5.451470386219625652e-09
9.633396302888286300e-09
8.381661018574959598e-07
8.209036082007514779e-07
0.000000000000000000e+00
3.626217381924590200e-10
1.343955779997685340e-10
5.191806096149775840e-08
5.022685627409373410e-07
2.875031057669730217e-08
0.000000000000000000e+00
3.321607877637688944e-09
0.000000000000000000e+00
4.522017661656718701e-06
0.000000000000000000e+00
6.457863410691544459e-11
0.000000000000000000e+00
6.319753964589835959e-08
1.395409482407572455e-10
3.021014344994910061e-05
6.756878860869619530e-07
3.417948619244270958e-06
4.146375431446358562e-06
7.395642569463234395e-06
2.299076732015237212e-05
5.359240276447962970e-06
1.129108386521693319e-05
3.184337401762604713e-06
0.000000000000000000e+00
2.936833425337681547e-06
0.000000000000000000e+00
0.000000000000000000e+00
5.095041046843107324e-07
2.370414309282864451e-09
4.162570348853478208e-06
1.566106334394135047e-06
1.479019289263305836e-07
3.705544884269329486e-07
1.523315518170420546e-07
0.000000000000000000e+00
0.000000000000000000e+00
0.000000000000000000e+00
